-7.749243047100345949e-01
-7.777092833083908419e-01
-7.711839316424767832e-01
-7.748242527258436541e-01
-7.733089359489123682e-01
-7.786443116155307154e-01
-7.693578399729769091e-01
-7.774092046555917124e-01
-7.746019171562831263e-01
-7.509512905043403963e-01
-7.640239218261878351e-01
-7.786599727359454493e-01
-7.738380212348739962e-01
-7.498041208845417360e-01
-7.675227414828579287e-01
-7.780069274839799265e-01
-7.783142471697966913e-01
-7.771716987726132730e-01
-7.768712969508807520e-01
-7.760033825424353937e-01
-7.699758972984592775e-01
-7.785895125952403406e-01
-7.750067714613716463e-01
-7.786225680273811678e-01
-7.675588795927207331e-01
-7.785317910847108225e-01
-7.759402044129412035e-01
-7.786400480207841257e-01
-7.776391128090064386e-01
-7.785807935532967905e-01
-7.786571545538346628e-01
-7.786552509304921488e-01
-7.785844881099502901e-01
-7.555035598588030199e-01
-7.780330119666497568e-01
-7.784430835408012728e-01
-7.734369969938735823e-01
-7.706576310110132555e-01
-7.786367669713537554e-01
-7.538811270159523348e-01
-7.731521068152825693e-01
-7.692714449030201296e-01
-7.785745248210470537e-01
-7.222047563654224733e-01
-7.784648597252409319e-01
-7.678396966320316652e-01
-7.773682096985022882e-01
-7.785185346391837458e-01
-7.786577943724434236e-01
-7.548514906328956942e-01
-7.782863652345578531e-01
-7.652895864111225466e-01
-7.786048067745606760e-01
-7.717256009590666155e-01
-7.723592327919642786e-01
-7.726668421191017488e-01
-7.586011312913935045e-01
-7.782543612656037668e-01
-7.750090010476152758e-01
-7.710015879955928186e-01
-7.675036232930462221e-01
-7.786526618537347177e-01
-7.740660760563652376e-01
-7.769599420961778025e-01
-7.501755323272983889e-01
-7.785453706991712908e-01
-7.657988429081480364e-01
-7.784839192417304377e-01
-7.607092544448416094e-01
-7.785928104084770540e-01
-7.704692309734265665e-01
-7.786129986879269937e-01
-7.782838553202192644e-01
-7.739391712483804087e-01
-7.639138031762878756e-01
-7.785926977184455255e-01
-7.757407719281356195e-01
-7.773913828668038706e-01
-7.784237585973780016e-01
-7.530711408716480593e-01
-7.716687828314344744e-01
-7.593252662581245760e-01
-7.786387301993410448e-01
-7.780943544593493799e-01
-7.381186675292293886e-01
-7.786568891269008974e-01
-7.741000814375321726e-01
-7.757246889185945848e-01
-7.746995840233604769e-01
-7.681141406309645037e-01
-7.777305630978982309e-01
-7.651799632248322824e-01
-7.739817336213629106e-01
-7.786722242844145159e-01
-7.705197785061638216e-01
-7.703377030801813463e-01
-7.783123221260349611e-01
-7.786449952063004831e-01
-7.765571050357858995e-01
-7.773816430953185419e-01
-7.784167904418747286e-01
-7.705082617712061266e-01
-7.779648195964138369e-01
-7.785821067181269983e-01
-7.786201735970418314e-01
-7.772895827901403765e-01
-7.621685968723933557e-01
-7.554426942032615999e-01
-7.775484718394319872e-01
-7.694681458187143663e-01
-7.779262600478570322e-01
-7.644274899748008112e-01
-7.786477649596373896e-01
-7.736710062262456278e-01
-7.742065940064232210e-01
-7.631957888615171770e-01
-7.782112689700763086e-01
-7.754814898607175211e-01
-7.769261173915903429e-01
-7.775889275607507090e-01
-7.686861682695190767e-01
-7.767133073893229822e-01
-7.760532679048220972e-01
-7.742070904013554911e-01
-7.765524474915902475e-01
-7.702322466310899118e-01
-7.775684217003028254e-01
-7.780660962697903971e-01
-7.759652113553922037e-01
-7.778441881772916178e-01
-7.713399160665314058e-01
-7.612763935712020258e-01
-7.781217502442042688e-01
-7.727911503997485498e-01
-7.741393813875357965e-01
-7.643829504039924005e-01
-7.782275456947128633e-01
-7.615757094708125452e-01
-7.603291220974962572e-01
-7.786564625811617235e-01
-7.702965721499960283e-01
-7.786787975591461519e-01
-7.768866879877488474e-01
-7.731968065735738138e-01
-7.742082666617672304e-01
-7.742776418116729120e-01
-7.708657238644401888e-01
-7.671412419539730410e-01
-7.724240891647379259e-01
-7.778886951518099169e-01
-7.786107746896188120e-01
-7.729071168240945200e-01
-7.667017899465601305e-01
-7.778949722659628252e-01
-7.628254614782373766e-01
-7.768518602487485269e-01
-7.773781431850831369e-01
-7.670799022552411417e-01
-7.632592510443966249e-01
-7.786390328791777948e-01
-7.786599652853648523e-01
-7.779712708678881983e-01
-7.721986942005197863e-01
-7.648827521142403940e-01
-7.743599129852692942e-01
-7.782725043606798510e-01
-7.774278758105676035e-01
-7.637074323383014063e-01
-7.774072637793462137e-01
-7.781184263539354662e-01
-7.784372860577742914e-01
-7.768306307506601671e-01
-7.747825713840167383e-01
-7.785376686614792208e-01
-7.776224011567275385e-01
-7.727928658959309915e-01
-7.756742335867922167e-01
-7.734351562348048548e-01
-7.782302837830822329e-01
-7.680010743451158861e-01
-7.780995363381545404e-01
-7.770967524510662416e-01
-7.706150593248050074e-01
-7.786820432183186869e-01
-7.784099955123703340e-01
-7.757910838362614969e-01
-7.484796870511810640e-01
-7.650633979600708345e-01
-7.750142332178394655e-01
-7.769850570720474581e-01
-7.779766976845304827e-01
-7.710138395440618853e-01
-7.782184364286105493e-01
-7.631968095910589556e-01
-7.775949839514534334e-01
-7.786388978374044756e-01
-7.765234330681006769e-01
-7.612862013292353014e-01
-7.746574593719880442e-01
-7.763472864416282038e-01
-7.773022599530260424e-01
-7.730773495522181848e-01
-7.740563586366216997e-01
-7.739913718786876062e-01
-7.725274799403588633e-01
-7.680643921729962686e-01
-7.722138952475826601e-01
-7.775122275587956766e-01
-7.764699127537052492e-01
-7.783072175470034937e-01
-7.725739119586388925e-01
-7.702092969802062372e-01
-7.784806288790743212e-01
-7.780998045590560297e-01
-7.781122628611366610e-01
-7.786328656610886911e-01
-7.785983145248930315e-01
-7.739808414143364290e-01
-7.772341448825638155e-01
-7.720857070770900110e-01
-7.758519960579316477e-01
-7.694349190232198099e-01
-7.785075655218999247e-01
-7.708857230854074816e-01
-7.668182807055156092e-01
-7.784408614051382402e-01
-7.785711403948109011e-01
-7.775834579032699923e-01
-7.781217008841078142e-01
-7.769660655421058992e-01
-7.785305496317188600e-01
-7.613867860299389223e-01
-7.566631346952955584e-01
-7.786222690728347162e-01
-7.482022497814934114e-01
-7.556976810109655718e-01
-7.780972611171047548e-01
-7.700707264256517748e-01
-7.716388259094993929e-01
-7.714081950497667650e-01
-7.778698647406737665e-01
-7.718829879549186090e-01
-7.766015654441754679e-01
-7.773218680185119966e-01
-7.766123957943956713e-01
-7.701844092470447878e-01
-7.764549808588664392e-01
-7.776419980463425974e-01
-7.777138952177803377e-01
-7.782009964820782999e-01
-7.775592565548460344e-01
-7.783517198649089197e-01
-7.586866593000333170e-01
-7.619153693330328325e-01
-7.783055532735626558e-01
-7.655814135459105829e-01
-7.785093136143724779e-01
-7.755474666145484308e-01
-7.734669813898246149e-01
-7.785381678503792147e-01
-7.706615481537620882e-01
-7.779121458542387346e-01
-7.739762434747855524e-01
-7.651019603025953630e-01
-7.743293805059831003e-01
-7.785830277961532930e-01
-7.757196029660146097e-01
-7.522996351134817461e-01
-7.615709289920370439e-01
-7.545265913021604876e-01
