-7.966298313668587205e-01
-7.982541994980194566e-01
-8.005025993889787195e-01
-8.041053588359274862e-01
-8.046449312797405717e-01
-8.085665406516411302e-01
-8.088965194156982896e-01
-7.921395736603655813e-01
-8.085108298665502069e-01
-8.000925510978915689e-01
-8.084391813582398889e-01
-7.990101866281249521e-01
-8.063538662946441171e-01
-8.087141673869111536e-01
-8.036458745455958841e-01
-8.089181000223972795e-01
-8.084644369638183115e-01
-7.973723781152286527e-01
-8.089015643900849817e-01
-8.017547141617753503e-01
-8.084573365605094430e-01
-7.922234895496287344e-01
-8.088810883319594858e-01
-8.080311717322685716e-01
-7.821836608319201467e-01
-8.088166557109572885e-01
-8.066827945268371103e-01
-8.080287307358005044e-01
-7.996644598289051054e-01
-7.690017192481675146e-01
-8.060296486920335290e-01
-8.076382681584575174e-01
-8.079396469375708101e-01
-8.081735011047341821e-01
-7.708291343270459173e-01
-8.087110511815764902e-01
-8.020099491669454572e-01
-8.087572857594707010e-01
-8.087057053899981973e-01
-8.080602206146934030e-01
-8.049348138129928110e-01
-8.059619955575683115e-01
-7.832019205062308309e-01
-8.051484424478032587e-01
-8.066603645539500711e-01
-8.060715470320203302e-01
-8.073932092493989465e-01
-8.088846897563555238e-01
-8.063806203982450960e-01
-8.062471031999804971e-01
-8.087572876221158502e-01
-7.892316362677731512e-01
-7.989584786674597261e-01
-7.951530610999681947e-01
-8.051115471726872919e-01
-8.069315517178394792e-01
-8.082052480286576746e-01
-7.895815593047657011e-01
-8.059048700934865472e-01
-7.835258400856175420e-01
-8.088401147952892778e-01
-8.059340167647817132e-01
-7.925532820491709707e-01
-8.086647998398759363e-01
-7.985151309377171991e-01
-8.066629899522879121e-01
-8.084200538552024362e-01
-8.086635872578837869e-01
-8.059012146523811815e-01
-8.079616810983636377e-01
-7.878180282978930471e-01
-7.932896210669198034e-01
-7.864432862816967962e-01
-8.088771181038239000e-01
-8.078574362999417779e-01
-8.089033944389441011e-01
-7.965327456450679300e-01
-7.957796400270082948e-01
-8.088706500685431955e-01
-8.089103560751893518e-01
-7.884684779538431165e-01
-7.977420950165607927e-01
-8.083848945653655527e-01
-7.931333432762541769e-01
-7.970379588051357267e-01
-8.039320280632593629e-01
-8.061340089744546411e-01
-8.035796761369922159e-01
-8.087914261824109552e-01
-8.085230432307937143e-01
-8.077979974305846689e-01
-8.050646466991522310e-01
-8.059103574460961816e-01
-7.931330657421269414e-01
-8.056046768880107400e-01
-8.043130693814375398e-01
-8.064864354065277574e-01
-8.075952596819617746e-01
-8.088728368139483926e-01
-8.077816704145290849e-01
-8.035821515923955438e-01
-8.062365820488550661e-01
-8.084824105581858156e-01
-7.978329054868438241e-01
-8.080577609917738435e-01
-7.832576582996764181e-01
-8.088628679371097085e-01
-8.082724802053191659e-01
-8.069247316426255701e-01
-8.087860300994136331e-01
-8.088043343132951257e-01
-8.031625539852895734e-01
-8.082363225376822946e-01
-8.083948084941723344e-01
-8.042999274885871408e-01
-8.083789871862747667e-01
-8.058122202611186502e-01
-8.077787218472578523e-01
-8.081269331133582590e-01
-7.589807404993691442e-01
-7.857591367183842657e-01
-8.079706739491441247e-01
-8.084612239009358881e-01
-8.084351086846210954e-01
-7.951262823163189886e-01
-7.992884700043716428e-01
-8.083039942985990045e-01
-8.046710781610229013e-01
-8.066286381191232202e-01
-8.058683622485616205e-01
-8.088351284942247865e-01
-8.087288543439128397e-01
-8.088683692595579622e-01
-8.020500658868470190e-01
-8.080479672035791872e-01
-8.086723742863752840e-01
-8.063986368334510324e-01
-7.882373059956946371e-01
-8.088453888750293252e-01
-8.086600091165521142e-01
-8.054850159070112703e-01
-8.021296646303155420e-01
-8.076433988145210741e-01
-8.080292606583454607e-01
-7.853494479178109167e-01
-7.968977370156564710e-01
-8.083154840252020357e-01
-8.076623754433014390e-01
-7.986431989675977228e-01
-7.942371244399466512e-01
-7.801314803628840444e-01
-8.081521048999049661e-01
-8.086989784470417497e-01
-8.033723730451085565e-01
-8.083332219949581621e-01
-8.021595386645414827e-01
-8.063158487758257387e-01
-8.088618416196324823e-01
-8.068248715108850000e-01
-8.088715385502793787e-01
-7.874433795778670309e-01
-8.064932461685159204e-01
-8.024407803869464395e-01
-7.956348389244296548e-01
-8.077053215211846826e-01
-8.080304369187572000e-01
-7.985847645296373365e-01
-7.924673079370179174e-01
-8.002478267854669092e-01
-7.855407620637335775e-01
-8.080388495555737016e-01
-7.962393948665478227e-01
-8.060735381996848581e-01
-8.068433657145717142e-01
-8.021723005777814386e-01
-8.077873207485892770e-01
-8.004339553272941110e-01
-7.900014973102726934e-01
-7.990894971272566316e-01
-8.086050741231658456e-01
-8.040375646060922143e-01
-7.963140282637097833e-01
-8.063611920780160425e-01
-8.083696832737543581e-01
-7.972412623322226999e-01
-8.088988505161025522e-01
-8.087650688222267625e-01
-7.941492224900641439e-01
-7.960911962992169855e-01
-7.894126946895041463e-01
-8.086414031541564462e-01
-8.088813425830223558e-01
-8.083231516039588449e-01
-8.066498992821791170e-01
-7.827260630993762014e-01
-8.082059483832337854e-01
-7.970440049512901304e-01
-7.796181446729817388e-01
-7.956283224603750703e-01
-8.043275523787953851e-01
-8.048545412576415536e-01
-7.797833948253312109e-01
-8.078894784531214235e-01
-8.088305100655772684e-01
-8.018560364699580667e-01
-8.082317888593890665e-01
-8.088589005029418466e-01
-7.955513267635025976e-01
-7.874494005783119199e-01
-8.085035776576616762e-01
-8.060280747568824289e-01
-8.086880214369513986e-01
-8.083380779108622072e-01
-7.964244500591077802e-01
-7.946632748326876161e-01
-8.081245908370831010e-01
-8.088041182464578149e-01
-8.086307274034836290e-01
-8.048190466916778085e-01
-8.063883103287436960e-01
-8.038545951104381082e-01
-7.962250166429796217e-01
-8.084273693940260408e-01
-7.868342676057138441e-01
-7.925585123567500112e-01
-8.079204942888238428e-01
-7.857522300301709173e-01
-8.029994835934259889e-01
-8.066467374420382974e-01
-7.971869671574451921e-01
-7.999190075180151460e-01
-8.054314825540997980e-01
-8.074401162421920297e-01
-7.794428995667614934e-01
-8.089342444992282388e-01
-7.879268086372532842e-01
-8.077869379750111101e-01
-7.942478961168446538e-01
-7.959990642822005746e-01
-8.059761544546701906e-01
-7.882930689348497388e-01
-8.088907880565741060e-01
-8.089175430914976594e-01
-8.088086984908797739e-01
-7.948702361291863916e-01
-8.012774392819621561e-01
-8.088506033501245973e-01
-7.871889813660302160e-01
-8.085679059705355165e-01
-8.088395411005833147e-01
-8.058278161889531610e-01
-7.829284488080658910e-01
-8.009589679396369455e-01
-7.939501019983210561e-01
-7.956644265769639013e-01
-8.033009806505062578e-01
-8.080766174799420831e-01
-8.076194498545148370e-01
-7.915983467219986913e-01
-8.087719652658917902e-01
-8.083468546948053834e-01
-8.017746994129040239e-01
-8.033810296884396074e-01
-8.084442738300778863e-01
-8.032097752994515893e-01
-8.088924569866278169e-01
-8.065217288068153856e-01
-8.086050908869721887e-01
-8.088072568035342691e-01
-8.083032268887975214e-01
