-7.966276229610456117e-01
-7.982544793497898805e-01
-8.005042189972545463e-01
-8.041047652976041071e-01
-8.046485994529424257e-01
-8.085683544734327821e-01
-8.088977067853612146e-01
-7.921396625948556869e-01
-8.085116099440943227e-01
-8.000943738180766873e-01
-8.084406646521947737e-01
-7.990111236268566675e-01
-8.063579366963168349e-01
-8.087165400591774800e-01
-8.036429847922305081e-01
-8.089193974359117911e-01
-8.084665919423152936e-01
-7.973713852664774393e-01
-8.089028724112042879e-01
-8.017536081317793162e-01
-8.084596484578963071e-01
-7.922252899689298244e-01
-8.088825864545360345e-01
-8.080319870030735485e-01
-7.821846197824330327e-01
-8.088180976174399461e-01
-8.066857050615428015e-01
-8.080281957551208594e-01
-7.996605745921815389e-01
-7.690161262571219014e-01
-8.060320692065705561e-01
-8.076407393609427166e-01
-8.079397117843490905e-01
-8.081741974936458295e-01
-7.708107006428813746e-01
-8.087119723948389405e-01
-8.020114532652684591e-01
-8.087584971973986736e-01
-8.087074627574661889e-01
-8.080602505553458048e-01
-8.049372005376929096e-01
-8.059652196443508609e-01
-7.832057639076439592e-01
-8.051478666591505018e-01
-8.066624931002300825e-01
-8.060732025294741199e-01
-8.073948653528149055e-01
-8.088859593448123331e-01
-8.063789351664203409e-01
-8.062499892721928241e-01
-8.087594624246190467e-01
-7.892375596443874652e-01
-7.989587193920307806e-01
-7.951484638354426870e-01
-8.051133996848930385e-01
-8.069347915510743929e-01
-8.082060847009623350e-01
-7.895798569519039134e-01
-8.059071333801112180e-01
-7.835240294574984388e-01
-8.088409591300351753e-01
-8.059335212268651238e-01
-7.925474309286941743e-01
-8.086665230254131975e-01
-7.985193199686410059e-01
-8.066652028940278774e-01
-8.084206529453045187e-01
-8.086661101657415252e-01
-8.059016843114956696e-01
-8.079656052985068060e-01
-7.878223942652781142e-01
-7.932870440064478945e-01
-7.864421457950793171e-01
-8.088793167391599148e-01
-8.078592639060715452e-01
-8.089050788464455799e-01
-7.965265092494259180e-01
-7.957773973122866940e-01
-8.088725148666467968e-01
-8.089119182609371128e-01
-7.884633206154737506e-01
-7.977478020695432104e-01
-8.083875004319578395e-01
-7.931321668081051657e-01
-7.970358745614967155e-01
-8.039402641209894007e-01
-8.061388640296118790e-01
-8.035840586506685090e-01
-8.087925567719894682e-01
-8.085240157541119244e-01
-8.077990423655408980e-01
-8.050688170687627654e-01
-8.059149116548537384e-01
-7.931377039066420664e-01
-8.056045376486326015e-01
-8.043155791849447844e-01
-8.064877413828401842e-01
-8.075975313767074226e-01
-8.088746338239445333e-01
-8.077829150325331886e-01
-8.035777953776991334e-01
-8.062358825925479699e-01
-8.084821354658004999e-01
-7.978316601470459846e-01
-8.080590797702671413e-01
-7.832370401284507455e-01
-8.088640490164525909e-01
-8.082725961004492143e-01
-8.069257195503771740e-01
-8.087881820115206954e-01
-8.088053749056741681e-01
-8.031651443187884931e-01
-8.082367208773248990e-01
-8.083962243289540828e-01
-8.043023998165692579e-01
-8.083815105697865766e-01
-8.058117922038385839e-01
-8.077794689372861381e-01
-8.081285794093371333e-01
-7.589907288503179306e-01
-7.857543401895874524e-01
-8.079710874700881673e-01
-8.084624627326560953e-01
-8.084370613350841950e-01
-7.951380666088082583e-01
-7.992891735240997830e-01
-8.083051310072499884e-01
-8.046690190095283635e-01
-8.066285126245572590e-01
-8.058664964178049450e-01
-8.088368616233464481e-01
-8.087306951607644567e-01
-8.088700955366022738e-01
-8.020495837955767815e-01
-8.080505215711635270e-01
-8.086749684966330065e-01
-8.063980162990610490e-01
-7.882325302752184459e-01
-8.088463147577233947e-01
-8.086623608487577552e-01
-8.054867436024255589e-01
-8.021232056203123628e-01
-8.076439544893718736e-01
-8.080287735356647127e-01
-7.853458805013214805e-01
-7.968936195809803724e-01
-8.083182581597009309e-01
-8.076635005626341401e-01
-7.986451730483612454e-01
-7.942404531421859426e-01
-7.801354583615373040e-01
-8.081539095019564245e-01
-8.087015050192757348e-01
-8.033716655565953380e-01
-8.083344705096470184e-01
-8.021576430416148540e-01
-8.063158122122282556e-01
-8.088631348861951009e-01
-8.068271512647124943e-01
-8.088728050794082858e-01
-7.874444063634763458e-01
-8.064957522143950674e-01
-8.024420292787540765e-01
-7.956396187531729058e-01
-8.077064633990510556e-01
-8.080321351529621277e-01
-7.985886590218566061e-01
-7.924648609631238516e-01
-8.002499872198418629e-01
-7.855627124198227840e-01
-8.080421808638720282e-01
-7.962324349100856624e-01
-8.060745008934215861e-01
-8.068490001541113177e-01
-8.021696006299825488e-01
-8.077912068828602132e-01
-8.004304672025904788e-01
-7.900030356973387624e-01
-7.990956403848467060e-01
-8.086077184157504094e-01
-8.040362653317300046e-01
-7.963218072451505591e-01
-8.063600169366550441e-01
-8.083709816872778342e-01
-7.972408320285309102e-01
-8.089001670243877173e-01
-8.087674830671696125e-01
-7.941553253796953538e-01
-7.960943351942126878e-01
-7.894203722322694627e-01
-8.086422482259514322e-01
-8.088833210539523311e-01
-8.083243579307792803e-01
-8.066546645905258162e-01
-7.827380368740477490e-01
-8.082074016779029479e-01
-7.970440849648765536e-01
-7.796035297726199298e-01
-7.956177949527335480e-01
-8.043254846709839700e-01
-8.048553746965555478e-01
-7.797831545010611709e-01
-8.078909437815899874e-01
-8.088317327194591844e-01
-8.018569330176156251e-01
-8.082327541895202305e-01
-8.088612213107404525e-01
-7.955524335783299428e-01
-7.874508130763210323e-01
-8.085057080228276183e-01
-8.060289388830824686e-01
-8.086901259824184063e-01
-8.083387437311960744e-01
-7.964248528162369833e-01
-7.946553278572936474e-01
-8.081258022375825689e-01
-8.088062790849591677e-01
-8.086323108019515260e-01
-8.048177378928362824e-01
-8.063866616272061805e-01
-8.038564375604654311e-01
-7.962227306968809870e-01
-8.084287497367725894e-01
-7.868553509915273692e-01
-7.925526457164947525e-01
-8.079232043926266593e-01
-7.857493673176048077e-01
-8.029984491949383463e-01
-8.066506040017888957e-01
-7.971798149516637899e-01
-7.999150855283657657e-01
-8.054330470656567709e-01
-8.074418409950029352e-01
-7.794268633738022922e-01
-8.089360018085395287e-01
-7.879267469813056035e-01
-8.077891327125131804e-01
-7.942625403034013765e-01
-7.960060904372376900e-01
-8.059767421640851026e-01
-7.882833432403237861e-01
-8.088923716686662324e-01
-8.089197485316206304e-01
-8.088101490698227369e-01
-7.948744844809216836e-01
-8.012757696333319135e-01
-8.088522965649045382e-01
-7.871899480182692477e-01
-8.085701487359829853e-01
-8.088415977545319047e-01
-8.058298681342989100e-01
-7.829264007514715740e-01
-8.009607095758747297e-01
-7.939307884334008136e-01
-7.956663427676564648e-01
-8.033094146556895021e-01
-8.080774159555248470e-01
-8.076198861727238443e-01
-7.916117290797036743e-01
-8.087731338536179315e-01
-8.083487351221807504e-01
-8.017702707133570472e-01
-8.033800144198877113e-01
-8.084448353008433230e-01
-8.032092478273082925e-01
-8.088943600030756853e-01
-8.065229733194868578e-01
-8.086078217156491554e-01
-8.088082213693866818e-01
-8.083046366506658753e-01
