-1.086907267342914762e+00
-1.050232472404887263e+00
-1.084535305673799188e+00
-1.075422382075643890e+00
-1.083950663335274678e+00
-1.086901663984388478e+00
-1.078842564966156603e+00
-1.056848950060110814e+00
-1.082941807452211691e+00
-1.080040063349467339e+00
-1.047720657672327471e+00
-1.086602078182474784e+00
-1.070993076419248125e+00
-1.084718669613211173e+00
-1.086587829855993670e+00
-1.077238160609361728e+00
-1.086897452674765452e+00
-1.084944305197639514e+00
-1.075561527500654035e+00
-1.064408573837326344e+00
-1.082705644234237319e+00
-1.083622318696536357e+00
-1.085934087769056422e+00
-1.084611456154501052e+00
-1.086369130553985984e+00
-1.086506677258274767e+00
-1.086934656677873701e+00
-1.073546535773264088e+00
-1.072700412627215050e+00
-1.086531117581603034e+00
-1.086602047890527611e+00
-1.086587718939054703e+00
-1.072093474290663373e+00
-1.086924538334974377e+00
-1.083484700903299958e+00
-1.082246475394799123e+00
-1.085920474403061720e+00
-1.086717379876730449e+00
-1.083629074486126775e+00
-1.086426257236006832e+00
-1.086644338726491688e+00
-1.079946419012825620e+00
-1.086196568063842127e+00
-1.061487322488242180e+00
-1.084357251926058696e+00
-1.083167472174609847e+00
-1.083494064381779198e+00
-1.084913481621465614e+00
-1.086541896923915118e+00
-1.078947649513612328e+00
-1.079243224237708132e+00
-1.086631764379596188e+00
-1.086491212234748760e+00
-1.080849166853316001e+00
-1.081432174056117468e+00
-1.069423938567032994e+00
-1.077635416721654416e+00
-1.083288546605125635e+00
-1.082475980914097358e+00
-1.086076058070854611e+00
-1.056601694870082930e+00
-1.086894044991513208e+00
-1.086234556618276281e+00
-1.077194313681624660e+00
-1.086498625913737248e+00
-1.082795256556111863e+00
-1.086567467004338816e+00
-1.084686066614472866e+00
-1.071934988973252567e+00
-1.085922802144193122e+00
-1.081853066974393762e+00
-1.069384187761053040e+00
-1.054097672160261956e+00
-1.086060852836038926e+00
-1.084239413368904170e+00
-1.085932859788090177e+00
-1.074465606896669589e+00
-1.086908545306884077e+00
-1.081885953738945583e+00
-1.067875378194316882e+00
-1.086342150989659361e+00
-1.086516900586052659e+00
-1.085799469534396655e+00
-1.056098352584170508e+00
-1.083042680761042043e+00
-1.086895060230698595e+00
-1.082080388404461413e+00
-1.086360559277893767e+00
-1.079483736887199008e+00
-1.086583881668149010e+00
-1.086483772487730537e+00
-1.073678000371518948e+00
-1.084296583710899098e+00
-1.086495026278656351e+00
-1.086633979567835917e+00
-1.086471306018756744e+00
-1.082785059502364255e+00
-1.085790582957549821e+00
-1.082434785152244228e+00
-1.069405445761968387e+00
-1.084957092825361791e+00
-1.086906550966460827e+00
-1.086200692049538397e+00
-1.076906654829131060e+00
-1.086921877389131152e+00
-1.083930295920688458e+00
-1.083795908148844855e+00
-1.064328732216559104e+00
-1.084268633002383408e+00
-1.077829367392564741e+00
-1.086685953088003309e+00
-1.086891696171438104e+00
-1.074428546718493749e+00
-1.083336797925327000e+00
-1.086459529839221450e+00
-1.086629074074775936e+00
-1.086535514522071866e+00
-1.086336285015431447e+00
-1.067851474138532764e+00
-1.073410368976873253e+00
-1.076267199847792178e+00
-1.083604530532838561e+00
-1.060395522541887958e+00
-1.083040129101074278e+00
-1.078549863348745363e+00
-1.060261787938543421e+00
-1.086906286933653876e+00
-1.084856441336369492e+00
-1.086587645509126343e+00
-1.086925764108996439e+00
-1.081458024814338392e+00
-1.086720052952551585e+00
-1.066417459786600519e+00
-1.078045321794762090e+00
-1.080953213745573072e+00
-1.084834000014393673e+00
-1.086579420172707922e+00
-1.068906990768095033e+00
-1.086401350299014190e+00
-1.086616842725625309e+00
-1.058199337582363064e+00
-1.075104992406084259e+00
-1.071815292415528198e+00
-1.086133876621309335e+00
-1.073366043091535493e+00
-1.080544134774762632e+00
-1.080355594046549239e+00
-1.081558176969711127e+00
-1.083584349374090872e+00
-1.086603659880254424e+00
-1.082668094244502610e+00
-1.084936838331671094e+00
-1.076584742302220565e+00
-1.086520773213934143e+00
-1.086602240294374688e+00
-1.074040744450579954e+00
-1.086942057278907248e+00
-1.086900859374059003e+00
-1.086438746709948333e+00
-1.070507653388936165e+00
-1.086927803439357909e+00
-1.086033724003913514e+00
-1.086894646770021788e+00
-1.086571531884068298e+00
-1.071716133489359235e+00
-1.086086656448309151e+00
-1.076013066282313302e+00
-1.072381952227514645e+00
-1.063377605921002500e+00
-1.086170367895943567e+00
-1.070190969141771697e+00
-1.082722470538712845e+00
-1.086514656086868591e+00
-1.064289458169193958e+00
-1.086894336960280150e+00
-1.086459565045164721e+00
-1.086898758246765295e+00
-1.086917942407309434e+00
-1.086911633286350876e+00
-1.082956106213714520e+00
-1.086479781419916746e+00
-1.066111465627875177e+00
-1.086504499678008440e+00
-1.084697258068454628e+00
-1.083768698132729913e+00
-1.077872830811591909e+00
-1.086583675843297181e+00
-1.064367605184302956e+00
-1.082963285841933132e+00
-1.083756082628901440e+00
-1.086604522594515565e+00
-1.086362633779183184e+00
-1.085823950154731099e+00
-1.084942501984077046e+00
-1.066352459274904740e+00
-1.080151748672588896e+00
-1.084834123688293239e+00
-1.086610322527885364e+00
-1.084190446388304974e+00
-1.083805198090359800e+00
-1.074228620323353978e+00
-1.072278080931087896e+00
-1.072375308444891928e+00
-1.083782713786437979e+00
-1.086901964161167911e+00
-1.086620728951464887e+00
-1.086084903867696960e+00
-1.070327092812232150e+00
-1.080325533130693128e+00
-1.086915470600287037e+00
-1.086905802062068549e+00
-1.067508514811520870e+00
-1.086936714494211698e+00
-1.086900017683717357e+00
-1.061825845772797594e+00
-1.065702255461195458e+00
-1.086090619913094635e+00
-1.062205311425431953e+00
-1.073153482356606236e+00
-1.083805292971272038e+00
-1.083124653995056308e+00
-1.071317147449447615e+00
-1.086570767462685883e+00
-1.084898384247575676e+00
-1.086914992601690777e+00
-1.086927192910835283e+00
-1.084752440009021379e+00
-1.084449477583870225e+00
-1.086165440307921504e+00
-1.076028781397638356e+00
-1.084878996969175002e+00
-1.086917825764366796e+00
-1.056297596645840775e+00
-1.062605049977755067e+00
-1.072978578854392850e+00
-1.078563168117012694e+00
-1.086924186721251795e+00
-1.080879179130173506e+00
-1.055332496687514388e+00
-1.076754292182776629e+00
-1.079153198308160144e+00
-1.086519113885273446e+00
-1.084333807032966446e+00
-1.076768408657415854e+00
-1.086035174367751210e+00
-1.072690507516200098e+00
-1.057114717470228005e+00
-1.082663776834961622e+00
-1.083907462555084189e+00
-1.086919159675346025e+00
-1.086073557206864049e+00
-1.086368049480852305e+00
-1.084023861392379384e+00
-1.081852668152704533e+00
-1.085950870016564096e+00
-1.086927271045803334e+00
-1.086616110578204841e+00
-1.086911298932663916e+00
-1.079192792115301502e+00
-1.055052231871042689e+00
-1.079192872269232550e+00
-1.086202223931320709e+00
-1.086928315400960132e+00
-1.083866592197952450e+00
-1.068171682060865102e+00
-1.085914194269097299e+00
-1.060870034493040404e+00
-1.066557736988692273e+00
-1.084631492423355992e+00
-1.084202920837292528e+00
-1.086876184616893282e+00
-1.082854898744123551e+00
-1.086217293465145506e+00
-1.070393088474097087e+00
-1.068806728436793252e+00
-1.086924017079423876e+00
-1.075603556054871568e+00
-1.081754344990841998e+00
-1.084754969823000792e+00
-1.086934434995028065e+00
-1.081835350961648512e+00
-1.086912018002072822e+00
-1.083085141219848335e+00
-1.052825519591067183e+00
-1.072999664757391836e+00
-1.082149347031924558e+00
-1.086098234732984169e+00
-1.086903322800037763e+00
-1.082317689595501786e+00
-1.062024681550801208e+00
-1.083210835169700514e+00
-1.086550261600209621e+00
-1.085851985538158537e+00
-1.072663719069753219e+00
-1.043079201607676865e+00
-1.086590023604220523e+00
-1.055976806845978277e+00
-1.082324946893652884e+00
-1.073729723585872042e+00
-1.086546636201097149e+00
-1.086189537979510344e+00
-1.086432438577041637e+00
-1.084162393393890866e+00
-1.085969602822478786e+00
-1.086116168630528067e+00
-1.062524596080474781e+00
-1.085976936736572362e+00
-1.086631122003152594e+00
-1.084289320650762667e+00
-1.086487769770514422e+00
-1.086236825445457743e+00
-1.086483752674745507e+00
-1.083829673085644929e+00
-1.084945905073361638e+00
-1.069549562953954647e+00
-1.086521983984943818e+00
-1.078657107111396840e+00
-1.083488447195249949e+00
-1.084358781855839560e+00
-1.074802196908773988e+00
-1.082637076083458050e+00
-1.086595099184135105e+00
-1.086920713968082985e+00
-1.084081054668344812e+00
-1.082327828126325331e+00
-1.082363867227331022e+00
-1.045741333699271136e+00
-1.081031132405845474e+00
-1.084410245957406982e+00
-1.085980314535899272e+00
-1.069631821229745539e+00
-1.081451939363185621e+00
-1.085691551669252908e+00
-1.046224351420553367e+00
-1.078306288273783053e+00
-1.083449101095953271e+00
-1.083487101825385546e+00
-1.068481610745414923e+00
-1.083881627201872311e+00
-1.073088821057625708e+00
-1.078320288767477431e+00
-1.082830493320807275e+00
-1.085770842134457181e+00
-1.086154470584704157e+00
-1.062408806183668952e+00
-1.077389410017645766e+00
-1.086906989176116944e+00
-1.072316212381406286e+00
-1.079018561625551875e+00
-1.086913794544611012e+00
-1.083141217430706682e+00
-1.083778701814701151e+00
-1.086326548979231754e+00
-1.086491473418509157e+00
-1.086593263095605666e+00
-1.084790788544181650e+00
-1.086901297896694762e+00
-1.083301652425622930e+00
-1.070817020685945753e+00
-1.086902102670050940e+00
-1.086234202715584907e+00
-1.068716387448472416e+00
-1.074469006496907797e+00
-1.083416003634560809e+00
-1.083700677201450802e+00
-1.086905146008597889e+00
-1.083124358865286352e+00
-1.071313179483633471e+00
-1.086919554041026359e+00
-1.086408762542082185e+00
-1.083381447906396566e+00
-1.086058415152036272e+00
-1.076274894331565868e+00
-1.083176821063043915e+00
-1.086889733236012123e+00
-1.084867331015590963e+00
-1.086563239420742288e+00
-1.086924082030367167e+00
-1.086266570291525069e+00
-1.086930013829562336e+00
-1.086170943998471028e+00
-1.085869752533838994e+00
-1.059004300996560621e+00
-1.074116986613219416e+00
-1.086878709371869256e+00
-1.073306608161396891e+00
-1.062362906547596131e+00
-1.068233762269903631e+00
-1.086587166340522881e+00
-1.071232191493806996e+00
-1.085863624281786066e+00
-1.083251442310011914e+00
-1.086901030428899517e+00
-1.057151556512562207e+00
-1.060860242428942390e+00
-1.083038161334643590e+00
-1.058675129839431683e+00
-1.079293254395441881e+00
-1.084374492058191919e+00
-1.085832780898595695e+00
-1.084020766013894965e+00
-1.079247635705182784e+00
-1.049346756908706269e+00
-1.085096256451336005e+00
-1.058509782730510107e+00
-1.086028777856870908e+00
-1.059764935751406956e+00
-1.084570098916768588e+00
-1.067734422349766454e+00
-1.085584498260449227e+00
-1.069598322609719210e+00
-1.086566743286961012e+00
-1.084943187550513333e+00
-1.079833688622527266e+00
-1.083819349000998633e+00
-1.084114700691309219e+00
-1.079859924354425349e+00
-1.086919906416734305e+00
-1.084514160452807685e+00
-1.042621641347931671e+00
-1.086900239311538563e+00
-1.084287241247414491e+00
-1.084814304794238238e+00
-1.086487813825435911e+00
-1.085812322871068547e+00
-1.086919329349176788e+00
-1.086890033186782345e+00
-1.085675233746383750e+00
-1.081943733051443202e+00
-1.063921952697922890e+00
-1.083408768671421551e+00
-1.079607594334474285e+00
-1.076125078370133714e+00
-1.086571805805860214e+00
-1.086875180124686757e+00
-1.086936884410081738e+00
-1.061781314479667726e+00
-1.083790399215289968e+00
-1.071672526514439339e+00
-1.081324270366972096e+00
-1.086015334012708111e+00
-1.086633733774021060e+00
-1.064898056023353634e+00
-1.086611638955832682e+00
-1.085879835342752120e+00
-1.082874849945108409e+00
-1.067412880994507374e+00
-1.084030325183189758e+00
-1.086895969367009718e+00
-1.064505860260021031e+00
