-5.978416899695383480e-01
-5.976306261970983913e-01
-5.978486022456871440e-01
-5.951605165853487422e-01
-5.975399456463145187e-01
-5.971084578438984325e-01
-5.975239115312086513e-01
-5.962493733047830036e-01
-5.970818844168769290e-01
-5.877298905059086254e-01
-5.837192979186164310e-01
-5.935182544879006317e-01
-5.953401808171855381e-01
-5.954846224292503765e-01
-5.978314347110079696e-01
-5.975830388731645515e-01
-5.971162045850740840e-01
-5.959917597017573287e-01
-5.978327194704996517e-01
-5.935596964798258712e-01
-5.920966911605881622e-01
-5.974283052153276374e-01
-5.892688828996704986e-01
-5.925687133810805252e-01
-5.912337081051753929e-01
-5.971816956541823318e-01
-5.904706093958901336e-01
-5.911344277217375209e-01
-5.952107628352331092e-01
-5.904775444894420078e-01
-5.956973765521632602e-01
-5.978310323796557357e-01
-5.954198861970888546e-01
-5.878667297317968776e-01
-5.971818914647536447e-01
-5.964425445079194477e-01
-5.975193862348185947e-01
-5.932979273154722621e-01
-5.978291385352002552e-01
-5.855540425061570575e-01
-5.955283126338707378e-01
-5.860216283715652397e-01
-5.974977874673293998e-01
-5.978388927421854904e-01
-5.828008182823048999e-01
-5.915054377644645145e-01
-5.944228620744632652e-01
-5.945701623811708858e-01
-5.974522122658180168e-01
-5.901220928888158967e-01
-5.958482368394123485e-01
-5.969608185357736518e-01
-5.795784030585872104e-01
-5.935162372432040145e-01
-5.881218948877738883e-01
-5.953135049446808269e-01
-5.956403456173228195e-01
-5.837880518763648441e-01
-5.978069693326341083e-01
-5.834794153004275730e-01
-5.973116249322282245e-01
-5.915501754741506746e-01
-5.920549390382455757e-01
-5.935225697710501125e-01
-5.868265397391604354e-01
-5.963898148863898685e-01
-5.977996016397463253e-01
-5.953206630899893215e-01
-5.974884565464543273e-01
-5.945234095222639015e-01
-5.955182552813874652e-01
-5.976526743277298381e-01
-5.978152217819677761e-01
-5.972413240476833751e-01
-5.972089987724410465e-01
-5.940772776036845615e-01
-5.865985212392496040e-01
-5.960180015779422691e-01
-5.978011304057525566e-01
-5.894644280440496376e-01
-5.902325763843344619e-01
-5.843319740622626712e-01
-5.856679739906774929e-01
-5.973001170448349884e-01
-5.889173114217208793e-01
-5.978398603863405159e-01
-5.833038172229515483e-01
-5.885557971439646652e-01
-5.973573561302708557e-01
-5.846903590961681774e-01
-5.959459381654249599e-01
-5.865717117219554355e-01
-5.974621345765279701e-01
-5.872289213828133514e-01
-5.886807405866073539e-01
-5.816433640673147609e-01
-5.958790431275354793e-01
-5.956719370103763511e-01
-5.859457605063306262e-01
-5.958888131670044830e-01
-5.974839750222252777e-01
-5.960733170166002681e-01
-5.954328381001340320e-01
-5.953150802768157890e-01
-5.969444682366537025e-01
-5.969674057803439071e-01
-5.950813835031675270e-01
-5.978633637084947994e-01
-5.947824238344417980e-01
-5.977259675517069271e-01
-5.956255916050957611e-01
-5.889664233207093647e-01
-5.847162489324199131e-01
-5.867174450784312656e-01
-5.974846059932695796e-01
-5.976600252568112781e-01
-5.951904916680740287e-01
-5.953023979916559627e-01
-5.920495853304253986e-01
-5.950827050499009063e-01
-5.971400152436779907e-01
-5.822973900019513538e-01
-5.896848606887595823e-01
-5.973083843953298500e-01
-5.971247923105346134e-01
-5.970683415896581581e-01
-5.972675002656268051e-01
-5.938585667415844371e-01
-5.926025990872966220e-01
-5.976772831297801902e-01
-5.976031214475022724e-01
-5.955207181639360359e-01
-5.962286979436265399e-01
-5.975758425436304977e-01
-5.908936938747154644e-01
-5.956700734339045455e-01
-5.971067381567644050e-01
-5.978035620889948776e-01
-5.869784836202250888e-01
-5.978492797828601768e-01
-5.890352606318282058e-01
-5.890043812348829677e-01
-5.977150203205036094e-01
-5.963414503737675121e-01
-5.896907957746969631e-01
-5.890585986442254951e-01
-5.962991594813155105e-01
-5.972983973577009609e-01
-5.972574769064175060e-01
-5.975896670959280899e-01
-5.943536908842014244e-01
-5.974674654669450691e-01
-5.975644361703978946e-01
-5.953052138454603126e-01
-5.974210273950683048e-01
-5.969689275614308288e-01
-5.836971659689532688e-01
-5.804935336589204242e-01
-5.978348456799374988e-01
-5.975826570309089592e-01
-5.871733498304473331e-01
-5.972338557719575336e-01
-5.912517974163727930e-01
-5.976517607002841403e-01
-5.936722980357097557e-01
-5.958291372760521343e-01
-5.865023836038397720e-01
-5.803248934923993518e-01
-5.978260553918169906e-01
-5.960448623179780414e-01
-5.945389914802597930e-01
-5.926591275736080577e-01
-5.920864796742187908e-01
-5.976738800770925453e-01
-5.843323000251637866e-01
-5.969957133299993446e-01
-5.953205592475222518e-01
-5.919115167587386539e-01
-5.974213757097112110e-01
-5.978246509573744705e-01
