-1.059192699691029693e+00
-1.072932844826700594e+00
-1.071307075520726348e+00
-1.070379288246604110e+00
-1.075663941291841175e+00
-1.061742542622359897e+00
-1.068754457248123790e+00
-1.076484787588688041e+00
-1.051728061711164619e+00
-1.076462088463576938e+00
-1.070999619861813690e+00
-1.073462825579317714e+00
-1.049890908723446037e+00
-1.076472110425802375e+00
-1.070309559892612006e+00
-1.055351210137578155e+00
-1.075670896408828403e+00
-1.072372870830567981e+00
-1.076085179423662330e+00
-1.075705369313927795e+00
-1.050384848689409401e+00
-1.065756635119887497e+00
-1.073888747798027898e+00
-1.076613627684982921e+00
-1.076512997349473144e+00
-1.053920806696387436e+00
-1.068086560660722162e+00
-1.075315370069565679e+00
-1.060585130316885616e+00
-1.076524903377267028e+00
-1.038559533035131599e+00
-1.076513997589918281e+00
-1.070129945719363596e+00
-1.066291124870749618e+00
-1.075452490554871465e+00
-1.073020870642485525e+00
-1.075980292943986560e+00
-1.068529164263727571e+00
-1.067386916218074466e+00
-1.073807870814325716e+00
-1.076042478283616211e+00
-1.075985405904921199e+00
-1.034855186318727638e+00
-1.071911747412505056e+00
-1.075383596433075573e+00
-1.063762083029123451e+00
-1.061844386005523111e+00
-1.076509188240142967e+00
-1.040259055172773506e+00
-1.066707000912847425e+00
-1.076139777278276588e+00
-1.057642779623838569e+00
-1.066645243515940811e+00
-1.055005492022009994e+00
-1.076032744100066330e+00
-1.045257448529573585e+00
-1.073227080827327873e+00
-1.074248736103745605e+00
-1.072275962991388942e+00
-1.073279969705017711e+00
-1.063886823909106161e+00
-1.072471145851286556e+00
-1.075988530492159034e+00
-1.075957284619780685e+00
-1.068731511322530414e+00
-1.049112315600486900e+00
-1.076114806657405998e+00
-1.076163200041028167e+00
-1.050042984386654998e+00
-1.076461225127550270e+00
-1.073719201920303012e+00
-1.070103830968710090e+00
-1.072839652033271696e+00
-1.051653090243908073e+00
-1.076130600025626327e+00
-1.076077814524742271e+00
-1.071653463722886945e+00
-1.072683228956284429e+00
-1.071349529860290195e+00
-1.072277897814037706e+00
-1.075736807970079090e+00
-1.074136833039792682e+00
-1.075908566204579975e+00
-1.045279036586853172e+00
-1.075164572646590377e+00
-1.075966033464046623e+00
-1.074030143519612457e+00
-1.068167375245811845e+00
-1.054774943118663932e+00
-1.076610696812840606e+00
-1.076178870474668647e+00
-1.058292054882022049e+00
-1.075805951220663692e+00
-1.076502478992315437e+00
-1.056239503746601249e+00
-1.058743815248581077e+00
-1.076057238815101291e+00
-1.068380545204254295e+00
-1.072463652895512487e+00
-1.075660156396897937e+00
-1.046986325954767372e+00
-1.057808528965088035e+00
-1.069226954908790495e+00
-1.072534773343922998e+00
-1.076523185087116863e+00
-1.075633967140438463e+00
-1.067544736744584943e+00
-1.065959061806770469e+00
-1.075884466370316650e+00
-1.060487170083197261e+00
-1.073004543160768653e+00
-1.059844545399519111e+00
-1.058126013105484153e+00
-1.064746890527876522e+00
-1.075936432307335044e+00
-1.076215419297786857e+00
-1.076090452572079803e+00
-1.075590753772976305e+00
-1.058714218748482372e+00
-1.063474889224144126e+00
-1.059213887279602195e+00
-1.075422751562418844e+00
-1.067968268491076733e+00
-1.075040378452958967e+00
-1.071820968141528274e+00
-1.064842807905497457e+00
-1.071879226559522058e+00
-1.064836348717781211e+00
-1.074505606977018024e+00
-1.076481393849226142e+00
-1.070973092069598342e+00
-1.066283000478269960e+00
-1.065053118703635837e+00
-1.073443675724538471e+00
-1.076467966971667911e+00
-1.075394315024586822e+00
-1.076130785358818676e+00
-1.064948397533717062e+00
-1.075432001923891212e+00
-1.075935297956439163e+00
-1.062138745406391527e+00
-1.043667833631607200e+00
-1.076159372305246498e+00
-1.075750537993135358e+00
-1.071806895857425834e+00
-1.076486450930806305e+00
-1.066070034712301995e+00
-1.051755479847761299e+00
-1.076491821868094112e+00
-1.071251050879927780e+00
-1.076504873422654773e+00
-1.075921373752626087e+00
-1.076515500744553711e+00
-1.075987353300424720e+00
-1.072700026755901481e+00
-1.069900667605670597e+00
-1.058073566606017257e+00
-1.052924729263158943e+00
-1.056107870613905098e+00
-1.070273757291706707e+00
-1.053558499863120224e+00
-1.076083616664382125e+00
-1.045538907250138427e+00
-1.075570390870543624e+00
-1.076501750698062088e+00
-1.064610387742268349e+00
-1.075583190968009140e+00
-1.068196447876962329e+00
-1.058929852520795967e+00
-1.055872777787717487e+00
-1.074758920663716699e+00
-1.071154536058875228e+00
-1.069520976472394969e+00
-1.076144152631732132e+00
-1.073448540488006975e+00
-1.068986751449974681e+00
-1.059170170997949745e+00
-1.053611203407617714e+00
-1.075285231539728548e+00
-1.075587390767159368e+00
-1.074963950862857009e+00
-1.073037885440262462e+00
-1.067204784447076227e+00
-1.075543618606152441e+00
-1.075853250300260688e+00
-1.076572888841601516e+00
-1.076533851524563934e+00
-1.076511274402710105e+00
-1.072066322745504285e+00
-1.075511680295439865e+00
-1.072836215918632652e+00
-1.076500126471491958e+00
-1.075299963200213815e+00
-1.067510286656888630e+00
-1.038384068136783744e+00
-1.052275409301491882e+00
-1.056016384934755470e+00
-1.066505962827923204e+00
-1.076027375025423671e+00
-1.035482663040729667e+00
-1.072164873903366233e+00
-1.042562949781986381e+00
-1.073267392193647529e+00
-1.071526008037599231e+00
-1.059100776290269996e+00
-1.062512103778990413e+00
-1.076526243550451900e+00
-1.047397128617139961e+00
-1.073122233928861524e+00
-1.074932456327351238e+00
-1.075985519526275302e+00
-1.076032105212780143e+00
-1.073434862619014885e+00
-1.073153723342093135e+00
-1.076098397684963848e+00
-1.055800312509509231e+00
-1.075986977046104576e+00
-1.070981938702734615e+00
-1.075994947304698135e+00
-1.076021856939169075e+00
-1.061841510081412698e+00
-1.072273533636453058e+00
-1.070545650398107673e+00
-1.075571632323535587e+00
-1.075025948075326587e+00
-1.072641004187735225e+00
-1.076519610671075489e+00
-1.060196456344547178e+00
-1.075437686716886665e+00
-1.048996291434141304e+00
-1.061014866767200138e+00
-1.070618005314590837e+00
-1.073763406214984562e+00
-1.075276516223075296e+00
-1.073676947815092708e+00
-1.076093520348640586e+00
-1.075990780567499305e+00
-1.075594888379546310e+00
-1.044570367162796165e+00
-1.074988575497391130e+00
-1.076103260120125915e+00
-1.075411494200798179e+00
-1.075282867843034174e+00
-1.076508229909213687e+00
-1.067510288985195066e+00
-1.076513524478050376e+00
-1.057615800140174533e+00
-1.072404915312054063e+00
-1.074989431848498489e+00
-1.044568806266161110e+00
-1.073883014110597278e+00
-1.068215164201083089e+00
-1.049044884120794441e+00
-1.072976638873788024e+00
-1.062397311752411033e+00
-1.075946809103461410e+00
-1.068574349706741478e+00
-1.076518596460791732e+00
-1.075889660356315281e+00
-1.064116150917234327e+00
-1.076504362126561309e+00
-1.076079321404667999e+00
-1.076487443720670845e+00
-1.069007688512774612e+00
-1.068334591420116331e+00
-1.075890696918340828e+00
-1.058365787690254356e+00
-1.075677181439223196e+00
-1.072384470918896104e+00
-1.070747613286348487e+00
-1.069700123587372209e+00
-1.076499485721560623e+00
-1.074487378200265075e+00
-1.071383455147715713e+00
-1.075340530214580204e+00
-1.075252081578346397e+00
-1.073565707387151624e+00
-1.065007618473591711e+00
-1.073203095080079938e+00
-1.076523981367918159e+00
-1.061005916291596796e+00
-1.070486555186780597e+00
-1.069229915117593910e+00
-1.075374356316151525e+00
-1.075902934496971275e+00
-1.076448331897827293e+00
-1.075585591451945211e+00
-1.067805677963169719e+00
-1.055491241005929615e+00
-1.074378397160890009e+00
-1.070718598862858917e+00
-1.060791267392905857e+00
-1.067709855580451395e+00
-1.061398770505311395e+00
-1.076447391262026931e+00
-1.075616134641441013e+00
-1.049401554589840080e+00
-1.065919222388165499e+00
-1.061898389676334764e+00
-1.075428944391878749e+00
-1.074721271017315294e+00
-1.075490575128915216e+00
-1.075987064590426590e+00
-1.044583569591613914e+00
-1.061332651724787857e+00
-1.073447399617853071e+00
-1.073204112549992706e+00
-1.076114192915829326e+00
-1.071396852222951557e+00
-1.076179354762407447e+00
-1.071529935424896385e+00
-1.075733612602325584e+00
-1.040336932366462852e+00
-1.076526561131449844e+00
-1.075134813165041114e+00
-1.074003483013930227e+00
-1.075605658659460451e+00
-1.069888520365329887e+00
-1.067813468476506378e+00
-1.075389703115197326e+00
-1.074366440841677095e+00
-1.045657412459822799e+00
-1.075124194225045349e+00
-1.066269102351488973e+00
-1.062108899311842825e+00
-1.064698505060496236e+00
-1.069777448041113521e+00
-1.066503703439357187e+00
-1.076105711361142303e+00
-1.076057476302357818e+00
-1.072699461908759977e+00
-1.075494713460775520e+00
-1.043382008870812561e+00
-1.036363612239929344e+00
-1.076190882673236038e+00
-1.056280750160785820e+00
-1.058545519908639099e+00
-1.075751747315498497e+00
-1.069157037263485099e+00
-1.076035601397725250e+00
-1.076223464062186386e+00
-1.075640232613059188e+00
-1.075608804201456214e+00
-1.052987562803300525e+00
-1.075485797909768726e+00
-1.073697003381075765e+00
-1.070810809110971595e+00
-1.071805713543417360e+00
-1.076179723566146995e+00
-1.076100579773756172e+00
-1.073565867574634458e+00
-1.073751497393222953e+00
-1.076092830238612796e+00
-1.073540410803379919e+00
-1.075442193852486517e+00
-1.073720581674697305e+00
-1.063343086590739395e+00
-1.048801969116302635e+00
-1.073517349859448577e+00
-1.076491861914964820e+00
-1.075232823690148498e+00
-1.075559189388277437e+00
-1.073570234546186830e+00
-1.055567012479277755e+00
-1.061734184933575298e+00
-1.060677646038802768e+00
-1.068478115679445173e+00
-1.062530652465047742e+00
-1.076109753301116134e+00
-1.076070001659663822e+00
-1.073380431005480196e+00
-1.076487387841316368e+00
-1.075507812512787487e+00
-1.059272650008770134e+00
-1.073909827353181745e+00
-1.075464975399645473e+00
-1.041888199126096870e+00
-1.076100602125497963e+00
-1.073336089340718891e+00
-1.076306212072940971e+00
-1.076506167029710914e+00
-1.063324817301454450e+00
-1.069852742211642171e+00
-1.076050462512048389e+00
-1.072558164907368328e+00
-1.072881434423597957e+00
-1.059386796628805305e+00
-1.064459435021253730e+00
-1.055336988841863777e+00
-1.055708474790426399e+00
-1.076020649945112373e+00
-1.070812361160042192e+00
-1.047228803237649108e+00
-1.057564768319698478e+00
-1.040175003310414459e+00
-1.069968414338054563e+00
-1.064049037949862386e+00
-1.046220171576114799e+00
-1.063863026289018299e+00
-1.060706868147226478e+00
-1.058343172384174968e+00
-1.076518900071951057e+00
-1.075157524863006975e+00
-1.072674042390408422e+00
-1.063421171003701593e+00
-1.075952011471363212e+00
-1.073109487382444049e+00
-1.069928565373393203e+00
-1.064130917036654855e+00
-1.076522221168252136e+00
-1.076480940295132305e+00
-1.076482417372735645e+00
-1.060520205491902734e+00
-1.076132595849903728e+00
-1.075660240681590940e+00
-1.075441465092571880e+00
-1.076070083616050388e+00
-1.056175801282497551e+00
-1.063268868563445713e+00
-1.075759697550656702e+00
-1.076503019159408714e+00
-1.065348432710143234e+00
-1.068102484414102937e+00
-1.066674781109886672e+00
-1.072981447292240764e+00
-1.076076367249461319e+00
-1.054943070126446392e+00
-1.076169741650792266e+00
-1.063569117648275997e+00
-1.062422614855440761e+00
-1.058413234850140716e+00
-1.076498158586891796e+00
-1.055578750869008209e+00
-1.057631004912527706e+00
-1.076092777153226043e+00
-1.056975439501675273e+00
-1.075245824021967556e+00
-1.075347115596505310e+00
-1.075509746404113676e+00
-1.075388933842750694e+00
-1.075663072833540346e+00
-1.076517098894091751e+00
-1.073113477634014989e+00
-1.071636992817493583e+00
-1.067422120211394931e+00
-1.069325198264541532e+00
-1.066730263953777458e+00
-1.076531454300256874e+00
-1.066632132822396661e+00
-1.073652287790300752e+00
-1.063338844882073309e+00
-1.076481377085419799e+00
-1.073106902030976917e+00
-1.075928272058936264e+00
-1.071512664513411428e+00
-1.048581517612310554e+00
-1.075910604869695808e+00
-1.076503704612823631e+00
-1.076054319118829872e+00
-1.075695929893972780e+00
-1.073180612487467434e+00
-1.052617590253921653e+00
-1.070049222869547512e+00
-1.073735932199033405e+00
-1.075527054102840330e+00
-1.076031442111107017e+00
-1.074177723688753749e+00
-1.047799798970791008e+00
-1.066700276763858701e+00
-1.076111114894720222e+00
-1.074597327349456455e+00
-1.073775542279454376e+00
-1.069096541343005802e+00
-1.072757476320239212e+00
-1.067471711275848056e+00
-1.075185822633775379e+00
-1.067133243972184564e+00
-1.073369491690518762e+00
-1.076305029293271209e+00
-1.056022306283684875e+00
-1.076115433437498714e+00
-1.075477239986630584e+00
-1.076536131402226593e+00
-1.075476110758008863e+00
-1.076518628125759269e+00
-1.076531719727190639e+00
-1.068302129938947465e+00
-1.073143254345031883e+00
-1.075087696624668743e+00
-1.073204653648408557e+00
-1.035931087409826423e+00
-1.076624499013396408e+00
-1.075457052638503219e+00
-1.071943534383299257e+00
-1.076103739751251842e+00
-1.076043822182091381e+00
-1.059198872497054245e+00
-1.064538976954045202e+00
-1.075722162922593261e+00
-1.051730907832952644e+00
-1.049808032190176155e+00
-1.075225269267084505e+00
-1.057474077990027572e+00
-1.066069734127941038e+00
