-1.059197240471284607e+00
-1.072927380960587929e+00
-1.071313216718615013e+00
-1.070387375894709781e+00
-1.075666357336322987e+00
-1.061745125180806104e+00
-1.068754269935005885e+00
-1.076485938163751710e+00
-1.051754898508696634e+00
-1.076462355169712781e+00
-1.070999782717857451e+00
-1.073454437885414503e+00
-1.049896760865064449e+00
-1.076472404799632132e+00
-1.070319967832962460e+00
-1.055361331396329705e+00
-1.075669556909733648e+00
-1.072371014029333658e+00
-1.076086911691859660e+00
-1.075705094772156478e+00
-1.050374783811361734e+00
-1.065741664945471623e+00
-1.073885457284543099e+00
-1.076614455015311611e+00
-1.076513688856410411e+00
-1.053943078060689764e+00
-1.068086596864326498e+00
-1.075313845200022600e+00
-1.060612863236019887e+00
-1.076525493741905759e+00
-1.038530776310152337e+00
-1.076514646219634219e+00
-1.070125712326304823e+00
-1.066302405784202545e+00
-1.075451763614013512e+00
-1.073017546345006457e+00
-1.075980157024767569e+00
-1.068523710812560479e+00
-1.067376468869822181e+00
-1.073809614407577051e+00
-1.076041508861410811e+00
-1.075985293861658976e+00
-1.034867028406636358e+00
-1.071906088693503234e+00
-1.075383863525663619e+00
-1.063760193338118887e+00
-1.061860727553768591e+00
-1.076509813945528471e+00
-1.040249653083833881e+00
-1.066703976093021700e+00
-1.076140806416487683e+00
-1.057631895188033910e+00
-1.066647283822666825e+00
-1.054987962626789288e+00
-1.076034250385237589e+00
-1.045209609651184923e+00
-1.073223373897381094e+00
-1.074253333876477035e+00
-1.072274318621144307e+00
-1.073277362929911494e+00
-1.063920840155828884e+00
-1.072474677552914590e+00
-1.075988454039116249e+00
-1.075957451500051398e+00
-1.068703564415812712e+00
-1.049134612961425184e+00
-1.076115647020737587e+00
-1.076163054037592604e+00
-1.049985332426784490e+00
-1.076461316280557856e+00
-1.073715817045079124e+00
-1.070100678145449846e+00
-1.072835629593422269e+00
-1.051662695360889188e+00
-1.076130605962710485e+00
-1.076079056812173418e+00
-1.071655370036268318e+00
-1.072682322605808203e+00
-1.071345228732861532e+00
-1.072275006588587987e+00
-1.075735927091324262e+00
-1.074136805702261332e+00
-1.075909126019939377e+00
-1.045279562073898161e+00
-1.075164152458481848e+00
-1.075967482301967815e+00
-1.074029101004939424e+00
-1.068178778309135213e+00
-1.054849722101041998e+00
-1.076611361429809399e+00
-1.076179046176709120e+00
-1.058300218770182211e+00
-1.075804577467094347e+00
-1.076502802551155824e+00
-1.056225145394143805e+00
-1.058748599517322697e+00
-1.076058590709647378e+00
-1.068385750302583981e+00
-1.072464728769903397e+00
-1.075659588225772234e+00
-1.046963682844551657e+00
-1.057795821255089530e+00
-1.069224690411432199e+00
-1.072538209737783799e+00
-1.076523883667203751e+00
-1.075634440428002936e+00
-1.067547344950298127e+00
-1.065945339966550165e+00
-1.075884220093991317e+00
-1.060488088136414930e+00
-1.073006353539033508e+00
-1.059835008580023219e+00
-1.058130400058840737e+00
-1.064760894184782147e+00
-1.075935940249375111e+00
-1.076214331841314209e+00
-1.076090667483843522e+00
-1.075592008218164697e+00
-1.058726840234850863e+00
-1.063470983670850245e+00
-1.059223903707810388e+00
-1.075422674260429812e+00
-1.067984373741588611e+00
-1.075038814981352120e+00
-1.071822044659129558e+00
-1.064860856938320000e+00
-1.071881339722396964e+00
-1.064840099352043046e+00
-1.074504788984119052e+00
-1.076482512013508419e+00
-1.070954571317244808e+00
-1.066290772726560698e+00
-1.065059648821331084e+00
-1.073440547747586793e+00
-1.076469198255206150e+00
-1.075396154757773060e+00
-1.076132892251863593e+00
-1.064964450310954103e+00
-1.075433548190682931e+00
-1.075936842437635654e+00
-1.062137330010145320e+00
-1.043655067077249310e+00
-1.076158646906130389e+00
-1.075748338704339835e+00
-1.071807290068997887e+00
-1.076487422345530964e+00
-1.066063724563278470e+00
-1.051777576729437280e+00
-1.076492313379598054e+00
-1.071240360653241241e+00
-1.076505128097308583e+00
-1.075922159696447444e+00
-1.076515558001890804e+00
-1.075989520716239323e+00
-1.072706170711598128e+00
-1.069909673829168684e+00
-1.058059714620736891e+00
-1.052910762173490999e+00
-1.056075344662699811e+00
-1.070272709366997699e+00
-1.053579101420621500e+00
-1.076083817086359584e+00
-1.045519258065987556e+00
-1.075568550246037258e+00
-1.076502412153484078e+00
-1.064619310778705863e+00
-1.075584500045196901e+00
-1.068193365406402640e+00
-1.058920790812765356e+00
-1.055883152297381944e+00
-1.074757420568822619e+00
-1.071136798401586487e+00
-1.069522116982063675e+00
-1.076144505362512049e+00
-1.073446447099845713e+00
-1.068979535242724710e+00
-1.059189051064852061e+00
-1.053616542422481928e+00
-1.075284876987312233e+00
-1.075591244866773266e+00
-1.074964026556545882e+00
-1.073034054742743049e+00
-1.067200902186121292e+00
-1.075543971858824221e+00
-1.075852825748249808e+00
-1.076572940740712525e+00
-1.076534528136647406e+00
-1.076512724657174180e+00
-1.072069422595032018e+00
-1.075509711037376359e+00
-1.072834450895376435e+00
-1.076501345032328860e+00
-1.075297764272949763e+00
-1.067516526105112940e+00
-1.038350031742619306e+00
-1.052260107713108406e+00
-1.056050905567358589e+00
-1.066511577688865398e+00
-1.076026415235545430e+00
-1.035504238942849264e+00
-1.072163313345479096e+00
-1.042529071510416516e+00
-1.073263347092201503e+00
-1.071521582033946318e+00
-1.059086571932322807e+00
-1.062503426983518739e+00
-1.076527645657161747e+00
-1.047440667782681079e+00
-1.073124393778039032e+00
-1.074931547759668149e+00
-1.075985212083712783e+00
-1.076030715115101843e+00
-1.073434996690051157e+00
-1.073153113962904692e+00
-1.076098733158339593e+00
-1.055855299795797952e+00
-1.075988775366831574e+00
-1.070980682862231692e+00
-1.075995044654796118e+00
-1.076022376099810218e+00
-1.061833490441668193e+00
-1.072275744782011708e+00
-1.070547960582471037e+00
-1.075573637708945318e+00
-1.075023008452077766e+00
-1.072643447471081535e+00
-1.076519866687423610e+00
-1.060198621898396310e+00
-1.075438911312374124e+00
-1.048991053432970944e+00
-1.061015556051931652e+00
-1.070620127927397025e+00
-1.073763456932720572e+00
-1.075274560744635677e+00
-1.073672303395097671e+00
-1.076093175262830437e+00
-1.075989705448106903e+00
-1.075594723484956106e+00
-1.044576284886860496e+00
-1.074988556095804126e+00
-1.076103391184598745e+00
-1.075408449982873549e+00
-1.075286190994271696e+00
-1.076508370454679619e+00
-1.067518043523894677e+00
-1.076513961805185549e+00
-1.057590905213004584e+00
-1.072405244061795715e+00
-1.074991110260745675e+00
-1.044596361873703527e+00
-1.073885529013490325e+00
-1.068222828429705284e+00
-1.049029376676127168e+00
-1.072978931650102385e+00
-1.062400137580651993e+00
-1.075946156132149056e+00
-1.068579401029744247e+00
-1.076519238783927968e+00
-1.075889620801629309e+00
-1.064100371890358998e+00
-1.076504542898761407e+00
-1.076079206184080927e+00
-1.076487189883732487e+00
-1.069003518133417874e+00
-1.068327432046498604e+00
-1.075890922807588579e+00
-1.058384786571105574e+00
-1.075676490744165825e+00
-1.072385899017339161e+00
-1.070746186530954880e+00
-1.069706499983662074e+00
-1.076499533346801707e+00
-1.074485562403582728e+00
-1.071389492067239768e+00
-1.075339392074451839e+00
-1.075250644585874049e+00
-1.073564660426723272e+00
-1.065007392573395384e+00
-1.073205501839742615e+00
-1.076524119314021810e+00
-1.060998983789272598e+00
-1.070481923927638190e+00
-1.069225449307809273e+00
-1.075377380687889461e+00
-1.075904841454385696e+00
-1.076449091331402652e+00
-1.075588456806017001e+00
-1.067811257243907797e+00
-1.055481009585998997e+00
-1.074380160632417480e+00
-1.070718310055394085e+00
-1.060792031851814254e+00
-1.067704400061924019e+00
-1.061404930715576400e+00
-1.076448841386600463e+00
-1.075616573603394022e+00
-1.049433948036542441e+00
-1.065913931260836778e+00
-1.061915500502684795e+00
-1.075427145136818030e+00
-1.074722528135900745e+00
-1.075486328232197364e+00
-1.075987501374878086e+00
-1.044578354646190199e+00
-1.061311770936545607e+00
-1.073445244643827845e+00
-1.073205451860803628e+00
-1.076113332617591123e+00
-1.071403259604143399e+00
-1.076179398407437926e+00
-1.071523073738747112e+00
-1.075731428825951630e+00
-1.040268566429616515e+00
-1.076528062839828603e+00
-1.075133942920795116e+00
-1.074004372090846982e+00
-1.075605001699700303e+00
-1.069883968801838225e+00
-1.067808622950046527e+00
-1.075389887026805269e+00
-1.074364036343400830e+00
-1.045603566252141459e+00
-1.075124946685038330e+00
-1.066257424406409804e+00
-1.062103428037444619e+00
-1.064679933652919797e+00
-1.069785088200434719e+00
-1.066507972245755775e+00
-1.076104500880701309e+00
-1.076057144555828682e+00
-1.072696676885238842e+00
-1.075494897598295196e+00
-1.043373253255043043e+00
-1.036370803752440395e+00
-1.076190859151215484e+00
-1.056257264692299191e+00
-1.058564517786482861e+00
-1.075752728248803303e+00
-1.069150800550893843e+00
-1.076035322638382974e+00
-1.076224004713527194e+00
-1.075638832380465759e+00
-1.075608881521565419e+00
-1.052985133802619933e+00
-1.075485612322768514e+00
-1.073693266107223598e+00
-1.070810584198130133e+00
-1.071801699805507768e+00
-1.076181093597076366e+00
-1.076101252377311024e+00
-1.073570803795759421e+00
-1.073750003740551406e+00
-1.076091796201927187e+00
-1.073540459183183193e+00
-1.075441395497353847e+00
-1.073719444414155566e+00
-1.063338115543803308e+00
-1.048890423378960879e+00
-1.073516929356115313e+00
-1.076492167162725222e+00
-1.075236557157204009e+00
-1.075562369933015017e+00
-1.073574746849595973e+00
-1.055590524153867671e+00
-1.061759065197585450e+00
-1.060685137441854664e+00
-1.068471332698713860e+00
-1.062530114351051269e+00
-1.076109430882747908e+00
-1.076068287870863172e+00
-1.073376597201062266e+00
-1.076487715988306837e+00
-1.075506060012333398e+00
-1.059280756766069365e+00
-1.073911432986629944e+00
-1.075466552064122672e+00
-1.041869983112846176e+00
-1.076099421340793283e+00
-1.073327485254599090e+00
-1.076305679486806666e+00
-1.076506554940154459e+00
-1.063334481533715348e+00
-1.069860218387950201e+00
-1.076049287265131049e+00
-1.072564891560302103e+00
-1.072883537658861242e+00
-1.059393163935597570e+00
-1.064461601518629674e+00
-1.055345655704924779e+00
-1.055709159368395378e+00
-1.076021406019586957e+00
-1.070817389528653019e+00
-1.047269162426709421e+00
-1.057568497974030963e+00
-1.040167192415195174e+00
-1.069979903942644972e+00
-1.064044826507048791e+00
-1.046215440381714989e+00
-1.063869924764820007e+00
-1.060701522314649869e+00
-1.058366499618831114e+00
-1.076520417516989347e+00
-1.075156290402803139e+00
-1.072674549283061385e+00
-1.063410016515936585e+00
-1.075952976004656225e+00
-1.073114096691323516e+00
-1.069933935306646822e+00
-1.064148580017554968e+00
-1.076523365047622471e+00
-1.076481945598939394e+00
-1.076483475123711120e+00
-1.060518606740871839e+00
-1.076132927546823437e+00
-1.075659440617885210e+00
-1.075442296872640480e+00
-1.076070144763356495e+00
-1.056191100902544422e+00
-1.063279368761074428e+00
-1.075759960679002036e+00
-1.076503635939494385e+00
-1.065325368905503112e+00
-1.068118645187533522e+00
-1.066677682369201685e+00
-1.072978718371265350e+00
-1.076077092899780485e+00
-1.054943160932860113e+00
-1.076171350423907214e+00
-1.063580881266419809e+00
-1.062420023395642676e+00
-1.058432649705609574e+00
-1.076499050758188414e+00
-1.055549040896252899e+00
-1.057626648325251439e+00
-1.076092705353216772e+00
-1.056979171746308177e+00
-1.075246738919004130e+00
-1.075346723606552368e+00
-1.075510836182484775e+00
-1.075389125001427582e+00
-1.075662492289414907e+00
-1.076517739282149000e+00
-1.073109187414257093e+00
-1.071641818282180747e+00
-1.067423475968990898e+00
-1.069328261009058201e+00
-1.066749358900505928e+00
-1.076532135741550933e+00
-1.066637572816480084e+00
-1.073655221419844707e+00
-1.063329063682087794e+00
-1.076481734702123827e+00
-1.073109379222101589e+00
-1.075926682953805003e+00
-1.071512429613291184e+00
-1.048575305994564166e+00
-1.075910308242984836e+00
-1.076504626804696052e+00
-1.076056196252585861e+00
-1.075694840920396800e+00
-1.073176794608856399e+00
-1.052642495523369970e+00
-1.070043932582101842e+00
-1.073738175110072746e+00
-1.075526680863723827e+00
-1.076030111496573127e+00
-1.074179776090689931e+00
-1.047855433573891881e+00
-1.066709965634198509e+00
-1.076111551255047649e+00
-1.074596378702402211e+00
-1.073773705861474692e+00
-1.069117373165789031e+00
-1.072755137234210565e+00
-1.067468750069549444e+00
-1.075182975213321512e+00
-1.067138501636338832e+00
-1.073373991724147825e+00
-1.076305264732147382e+00
-1.056053971654907775e+00
-1.076114362213764108e+00
-1.075477071159652187e+00
-1.076537273059422484e+00
-1.075473076755871560e+00
-1.076519356133831762e+00
-1.076532549085215562e+00
-1.068306115783655308e+00
-1.073145538448019298e+00
-1.075087215787403405e+00
-1.073202027165552019e+00
-1.035920470085875289e+00
-1.076625459092446890e+00
-1.075458345020726236e+00
-1.071939714888419104e+00
-1.076106045793457477e+00
-1.076042579662549015e+00
-1.059225035936910198e+00
-1.064551334526431914e+00
-1.075720981517349628e+00
-1.051709311657377022e+00
-1.049734354486773880e+00
-1.075222855961234680e+00
-1.057469540075673065e+00
-1.066067261711434178e+00
