-1.069256708589305660e+00
-1.065704875257720730e+00
-1.073956085932364246e+00
-1.075573605117311260e+00
-1.071654156413783809e+00
-1.057426956114282390e+00
-1.075209007230510494e+00
-1.063856753152718326e+00
-1.063374750879516384e+00
-1.073574679535736820e+00
-1.071757430774082920e+00
-1.062999725905170223e+00
-1.056416638758888027e+00
-1.075838935193528911e+00
-1.072663428825249454e+00
-1.075047426489105007e+00
-1.057578411516656658e+00
-1.075206583929171344e+00
-1.076478086975326320e+00
-1.072885376033296367e+00
-1.076513225776066562e+00
-1.076512685608973285e+00
-1.076547572952618381e+00
-1.075765606579293987e+00
-1.066507319551815769e+00
-1.075993255344142696e+00
-1.072971795317640087e+00
-1.060141370263805172e+00
-1.075391635862102291e+00
-1.060666248765697262e+00
-1.051976366531958362e+00
-1.063074078974237224e+00
-1.075028714355935833e+00
-1.072571084466686031e+00
-1.075720709380616924e+00
-1.075722173419704220e+00
-1.075571997654547474e+00
-1.049512703535070202e+00
-1.075414389935245296e+00
-1.063492628377785465e+00
-1.076026479345669529e+00
-1.070251903128733417e+00
-1.075542811867704174e+00
-1.072128542330970546e+00
-1.075370796588172695e+00
-1.076505221989860317e+00
-1.075479692411532184e+00
-1.056354880896320125e+00
-1.076301914271821758e+00
-1.072920676884164592e+00
-1.055390254226436397e+00
-1.069135655281057140e+00
-1.072987909060826084e+00
-1.073473055479039928e+00
-1.038263507750739834e+00
-1.068583801952113888e+00
-1.075300735053529522e+00
-1.076087853503336689e+00
-1.073126905229797146e+00
-1.072922554430475017e+00
-1.044896059301605007e+00
-1.076517467019071361e+00
-1.076487983209004184e+00
-1.068464186605920574e+00
-1.056572884884586117e+00
-1.075930584785451671e+00
-1.046874523726215145e+00
-1.072512908470740101e+00
-1.076090491008868000e+00
-1.076072659906854412e+00
-1.073101765108217975e+00
-1.057142627057542583e+00
-1.071819322747101566e+00
-1.076492801872005245e+00
-1.075905055371036312e+00
-1.075354589712729236e+00
-1.075893883225431225e+00
-1.075968569707979938e+00
-1.039117429968824169e+00
-1.067743808594455501e+00
-1.043189058643688938e+00
-1.075474780616273662e+00
-1.049771916684617779e+00
-1.075317126330842754e+00
-1.076022914242853901e+00
-1.069553174641837856e+00
-1.069036657554020664e+00
-1.076543560814966938e+00
-1.056109383334328911e+00
-1.072782397833575985e+00
-1.071710227620711109e+00
-1.074662698996176502e+00
-1.057603188422431728e+00
-1.073162429598083278e+00
-1.075084429797639629e+00
-1.075923119303693554e+00
-1.055715434816589138e+00
-1.062527925339450618e+00
-1.076036384892573139e+00
-1.071880169776191494e+00
-1.075451791849841854e+00
-1.076367529672493717e+00
-1.056237172898759624e+00
-1.075450804647912761e+00
-1.059849680033435604e+00
-1.071118208211769840e+00
-1.076026678648700496e+00
-1.061469553601851246e+00
-1.071917810109367153e+00
-1.076075047817935726e+00
-1.059534896728505871e+00
-1.075493854102601787e+00
-1.042923765820374271e+00
-1.076190665927638790e+00
-1.069842842039575359e+00
-1.075962061625828525e+00
-1.072221277845015308e+00
-1.051624898430814525e+00
-1.075151352775206348e+00
-1.076023076292981884e+00
-1.076503927451481601e+00
-1.076482240674009105e+00
-1.072652385202159664e+00
-1.075341415223588726e+00
-1.071096424576749584e+00
-1.064402873259892246e+00
-1.073561195847501537e+00
-1.054609498572459003e+00
-1.057925381329765102e+00
-1.071139447954406521e+00
-1.075954365176071903e+00
-1.073017176804055950e+00
-1.054661954385151645e+00
-1.070899379071702739e+00
-1.050411429819574138e+00
-1.056488082376231930e+00
-1.072192332339396259e+00
-1.058226412725558063e+00
-1.075334147182216427e+00
-1.071033906754960796e+00
-1.075703684803952953e+00
-1.058036571931948444e+00
-1.069874527496208927e+00
-1.070025519099941036e+00
-1.075867703747858783e+00
-1.069778379616250774e+00
-1.076108255055656215e+00
-1.065331735280265590e+00
-1.067344140824785015e+00
-1.076511931237687847e+00
-1.062702727136125347e+00
-1.068058576998224041e+00
-1.073761435788979313e+00
-1.075936459568252346e+00
-1.059394540828575870e+00
-1.076075761211027881e+00
-1.072353881415834209e+00
-1.072325362455954334e+00
-1.076486969930043003e+00
-1.076489657726993343e+00
-1.076322712567558071e+00
-1.068989402246584675e+00
-1.063369587627162716e+00
-1.073848473471512577e+00
-1.076013487395753643e+00
-1.042115852800121090e+00
-1.075354399722924015e+00
-1.058595106569041988e+00
-1.075047853034844181e+00
-1.052508876291026851e+00
-1.076486882385720989e+00
-1.075268874508251926e+00
-1.071283221808185360e+00
-1.076483576190581104e+00
-1.061103035327901623e+00
-1.072436106023301861e+00
-1.055895153996457836e+00
-1.071017221179713985e+00
-1.056519361776222965e+00
-1.076006018188705227e+00
-1.073537333500494739e+00
-1.069654875066985866e+00
-1.075589009192695400e+00
-1.058310837116946956e+00
-1.066436870586981556e+00
-1.072836764720191738e+00
-1.073269855794420025e+00
-1.059130125311126491e+00
-1.057303511169662258e+00
-1.072778013166894695e+00
-1.072208509412517330e+00
-1.070266478327026149e+00
-1.072428227034320614e+00
-1.076450678151955387e+00
-1.073416863200177929e+00
-1.075984920007099888e+00
-1.076288700667133114e+00
-1.068668174189438602e+00
-1.070083372858276149e+00
-1.076014118832459232e+00
-1.076118585285653850e+00
-1.075577330407609722e+00
-1.073106002625932476e+00
-1.075919179809202930e+00
-1.052449194346477768e+00
-1.035601579216232082e+00
-1.075014511686672947e+00
-1.076499615427961132e+00
-1.075594645556916973e+00
-1.063882914003839275e+00
-1.074770128917803547e+00
-1.069653018009772083e+00
-1.075311735835780880e+00
-1.076022992473950168e+00
-1.074392352816571972e+00
-1.072966259536256572e+00
-1.063835420277824184e+00
-1.076146077928056499e+00
-1.062241627466788074e+00
-1.076080769863834163e+00
-1.064674273696651241e+00
-1.057814853829254886e+00
-1.064478967902173778e+00
-1.057823315826167843e+00
-1.064208236155023357e+00
-1.071337685552348873e+00
-1.074188223672022602e+00
-1.043377651465048572e+00
-1.061725458693613788e+00
-1.075741325137128612e+00
-1.069340443801989338e+00
-1.076516129639854213e+00
-1.034854598906745693e+00
-1.076469049421062252e+00
-1.063289741617550632e+00
-1.050056547489871761e+00
-1.060193308261146328e+00
-1.054016125020494243e+00
-1.075937405791988155e+00
-1.035167582896461269e+00
-1.056823917296638271e+00
-1.067658091527333042e+00
-1.040006265607585689e+00
-1.072741887164225361e+00
-1.075369721841921589e+00
-1.076500006583442470e+00
-1.076157766026367923e+00
-1.076476853904237529e+00
-1.051689670053233883e+00
-1.065439120498409054e+00
-1.050991647508849880e+00
-1.075309180286636135e+00
-1.074092379403223774e+00
-1.076100241956224224e+00
-1.076532239657749912e+00
-1.075576466140260479e+00
-1.072488915738572857e+00
-1.074099101689567348e+00
-1.028665740606298229e+00
-1.075930171278228542e+00
-1.075670350906362316e+00
-1.076047726538886806e+00
-1.063105445918550274e+00
-1.073020861116161129e+00
-1.076127313640823147e+00
-1.064864554074516079e+00
-1.055125780966987392e+00
-1.074886374738921901e+00
-1.075279307183732769e+00
-1.038229296547283909e+00
-1.053035388332714817e+00
-1.052456435379495403e+00
-1.052606926863004944e+00
-1.072056942251434108e+00
-1.070984529894699833e+00
-1.062485004407276890e+00
-1.076513430667032978e+00
-1.076504499283542415e+00
-1.072097449195494434e+00
-1.070490034860481998e+00
-1.068259759438147327e+00
-1.064285943848004123e+00
-1.064825937715282222e+00
-1.052920973491778156e+00
-1.065056041446437618e+00
-1.045470100459565899e+00
-1.073553786245097896e+00
-1.063525401619186184e+00
-1.075588770774116298e+00
-1.058401322555651447e+00
-1.063882740777840397e+00
-1.076471468997111103e+00
-1.076515259784569523e+00
-1.076537781027068874e+00
-1.075326646310200474e+00
-1.064643283006658336e+00
-1.069558607977738163e+00
-1.073446458768954059e+00
-1.075004716035833141e+00
-1.075943092447628757e+00
-1.054085871768107197e+00
-1.060301971253862163e+00
-1.058027994451036236e+00
-1.073077176329602977e+00
-1.070629714620222828e+00
-1.076053238105883381e+00
-1.072425831672658703e+00
-1.073451947984208843e+00
-1.031929277446975490e+00
-1.075961340782155773e+00
-1.062819040012469074e+00
-1.075379064869990131e+00
-1.047334803831686756e+00
-1.076516960379590770e+00
-1.062784988996495983e+00
-1.076495374184956333e+00
-1.059267854881396076e+00
-1.071069792476405880e+00
-1.075392529931773922e+00
-1.064294275459756633e+00
-1.075577544611801883e+00
-1.072141841617336055e+00
-1.076489518028607151e+00
-1.073343618404974720e+00
-1.052784730312337658e+00
-1.068727413755764744e+00
-1.072088363212456485e+00
-1.076011865031828663e+00
-1.075456483852972767e+00
-1.072161051076760074e+00
-1.071689365995039722e+00
-1.075636879173030636e+00
-1.051338026863446018e+00
-1.076034855660905620e+00
-1.075586045724262974e+00
-1.075961942416538974e+00
-1.035024095890035412e+00
-1.074173616808762333e+00
-1.071518784952273151e+00
-1.075995756876578113e+00
-1.075141113814821026e+00
-1.073174458560457012e+00
-1.072791776251902363e+00
-1.075550862220039150e+00
-1.055270720836629650e+00
-1.063215585988869449e+00
-1.072403973531832477e+00
-1.066792879816999218e+00
-1.072391205099334499e+00
-1.075923923966398021e+00
-1.064395554927100918e+00
-1.069861747887840053e+00
-1.072554167923440716e+00
-1.059255293202509662e+00
-1.048123332303871891e+00
-1.076460121762861988e+00
-1.076515369680633327e+00
-1.065376213383784076e+00
-1.071176119712104580e+00
-1.059029011619200489e+00
-1.076114964303483745e+00
-1.041857485291471264e+00
-1.049954236117114803e+00
-1.053807016094138405e+00
-1.070050580990423938e+00
-1.075907094967474720e+00
-1.071237871986737034e+00
-1.076543842074384472e+00
-1.063030955013742229e+00
-1.068697155085315487e+00
-1.069169160542001507e+00
-1.058289032992830059e+00
-1.059619635906924984e+00
-1.073141836193313381e+00
-1.057182111409415981e+00
-1.075891391006221554e+00
-1.075413179215898296e+00
-1.048422836330642482e+00
-1.050652722460140964e+00
-1.075430706706752559e+00
-1.065430431258787891e+00
-1.076022919830789348e+00
-1.045219515082349560e+00
-1.070792919588198444e+00
-1.070771404174079677e+00
-1.073176649031152508e+00
-1.037399828997363826e+00
-1.063305950355639240e+00
-1.064091012445201656e+00
-1.073731205058207294e+00
-1.076154111516585132e+00
-1.075983720463623783e+00
-1.071937170443048259e+00
-1.073348515299072048e+00
-1.071527835545053264e+00
-1.075316263926138660e+00
-1.062897394043316623e+00
-1.076002549943437359e+00
-1.075345559609045765e+00
-1.076019842741002819e+00
-1.076036869180311939e+00
-1.055881508258094570e+00
-1.070735155236830494e+00
-1.073077772376050731e+00
-1.073688855958094379e+00
-1.075366531130780956e+00
-1.076118790176620266e+00
-1.059956923690547725e+00
-1.075959615972747585e+00
-1.069890363705267688e+00
-1.075466201272716305e+00
-1.063183609959592602e+00
-1.053376095932831547e+00
-1.075353596922864696e+00
-1.075337978643288395e+00
-1.075773165193309566e+00
-1.075219901841988346e+00
-1.054067336586227199e+00
-1.073937075775971195e+00
-1.063982640025129101e+00
-1.065667195808996937e+00
-1.075598545935859462e+00
-1.073114973124971172e+00
-1.072063034963717243e+00
-1.062769577470531246e+00
-1.076112721678724071e+00
-1.046649374631156704e+00
-1.056206863936891338e+00
-1.075490575847139141e+00
-1.072630011108627102e+00
-1.075449733626951954e+00
-1.076481503066530010e+00
-1.049087996226658603e+00
-1.075392347392549297e+00
-1.076491058436145565e+00
-1.073584188339223644e+00
-1.072038969588389179e+00
-1.042152397897949001e+00
-1.058669007015337726e+00
-1.076229815003385326e+00
-1.076159617495646259e+00
-1.070993060809483310e+00
-1.076040031951775333e+00
-1.076085689109673282e+00
-1.075689452332367679e+00
-1.072484413725247165e+00
-1.075424355086793682e+00
-1.076519730132927677e+00
-1.075663237464537403e+00
-1.076008588639011165e+00
-1.070373263773431560e+00
-1.065029780012478611e+00
-1.072476504933943531e+00
-1.076476933997978946e+00
-1.076496780482044002e+00
-1.076050479528417370e+00
-1.056347642657270214e+00
-1.050998874572028896e+00
-1.060122017380704662e+00
-1.075471083265652439e+00
-1.076524561834444782e+00
-1.042814091411342403e+00
-1.061570637491454860e+00
-1.076052245316018841e+00
-1.075851085227837345e+00
-1.076516092386951229e+00
-1.073105916944255611e+00
-1.063269951012840053e+00
-1.074512646165599605e+00
-1.076035025161614200e+00
-1.075487843346705219e+00
-1.074764643427839061e+00
-1.072622707676996967e+00
-1.075991957080473682e+00
-1.072492585149516842e+00
-1.075534139391889354e+00
-1.075783745017757198e+00
-1.075981777724733135e+00
-1.072025383454670688e+00
-1.042419173386802456e+00
-1.076116279330959102e+00
-1.043414284107198498e+00
-1.056373579990973255e+00
-1.048828311827888271e+00
-1.072837338414897701e+00
-1.076497458484878322e+00
-1.073008578834047100e+00
-1.073245985996832630e+00
-1.076033581611623546e+00
-1.069803450819959423e+00
-1.075966092389931461e+00
-1.076008776766171238e+00
-1.070090888631453296e+00
-1.076034591165294430e+00
-1.064699939084162494e+00
-1.070721457344403049e+00
-1.065213297125806591e+00
-1.076100079906096241e+00
-1.040370952901353618e+00
-1.075766904842963001e+00
-1.072525967475881359e+00
-1.076572163593878528e+00
-1.069773782608022472e+00
-1.073849760559310695e+00
