-5.864199832891612285e-01
-4.767330498313098186e-01
-5.807874933694987529e-01
-5.069024325226931804e-01
-5.851333723282008403e-01
-5.193882756745009655e-01
-5.768619426404624217e-01
-5.836995341693549388e-01
-5.856790938293128246e-01
-5.785219226842313045e-01
-5.569858173718242877e-01
-5.255908951973109478e-01
-5.856316597079425090e-01
-5.395080172335295909e-01
-5.861634299968867534e-01
-5.779697694694190258e-01
-5.862943776761679882e-01
-4.894442246174006694e-01
-5.779697694694190258e-01
-5.590125662153153652e-01
-5.239016250585704082e-01
-5.260427095805793041e-01
-5.491410535638718837e-01
-5.606708382134824031e-01
-5.412634680857448810e-01
-5.619228179445057147e-01
-5.275274799083857769e-01
-5.493532917340784305e-01
-5.562879401137619251e-01
-5.396380382468490833e-01
-5.859597609256892436e-01
-5.865615852986960643e-01
-5.300184455578713649e-01
-5.805542194162993663e-01
-5.338629488711743587e-01
-5.764713943814425701e-01
-5.852533117746501201e-01
-5.504477224191217655e-01
-5.382209350233464473e-01
-5.099853412126689189e-01
-5.680795223330645793e-01
-5.849964753603129619e-01
-5.082089812373309368e-01
-5.287755676423697704e-01
-5.414885305678038829e-01
-5.668566455011754268e-01
-5.423076976900487178e-01
-5.035085626756339305e-01
-5.862927720760493511e-01
-5.339429401671080822e-01
-5.819780588959841960e-01
-5.860385210131793254e-01
-5.134231322323470348e-01
-5.857294783805995220e-01
-5.827956818854003185e-01
-5.779697694694190258e-01
-5.268455431675105327e-01
-5.032059983228831523e-01
-5.631252988120107883e-01
-5.484201819514422649e-01
-5.347412791912942165e-01
-5.338147864555506938e-01
-5.748537131463675731e-01
-5.266213496094136470e-01
-5.280046933209090465e-01
-5.758374337916760677e-01
-5.764713943814425701e-01
-5.863944315230040782e-01
-5.161773287569670909e-01
-5.824431539391665691e-01
-4.917800822173743480e-01
-5.844682403718619579e-01
-5.816080667888312572e-01
-5.333261233632951015e-01
-4.861685172533183330e-01
-4.801073656295924419e-01
-5.676341843669800991e-01
-5.766437467997460598e-01
-5.797509797727256053e-01
-5.556077388925044769e-01
-5.247860518162636989e-01
-5.849334583496241802e-01
-5.863588289236216777e-01
-5.605540717830448383e-01
-5.176837914501815074e-01
-5.849223160063414806e-01
-4.743985668634562725e-01
-5.703528732871203655e-01
-5.587108083879142040e-01
-5.766437467997460598e-01
-5.727432933514504665e-01
-5.426008733799247974e-01
-5.845197238837867015e-01
5.892720959433028760e-02
-5.063287564431815380e-01
-5.829088003253131145e-01
-5.524995704059987300e-01
-5.364509732340960735e-01
-5.693718329881816143e-01
-4.952532932972102397e-01
-5.354322721128850215e-01
-5.287755676423697704e-01
-5.804775194143443340e-01
-5.861404747580676311e-01
-5.048800171231417888e-01
-5.350364600186734432e-01
-5.800844640349536174e-01
-4.861685172533183330e-01
-5.188189544593482250e-01
-5.690648653422980541e-01
-5.450300206308751338e-01
-5.541115966504006618e-01
-5.853029177402644390e-01
-5.025136233185916179e-01
-5.274590165232806438e-01
-5.860037901317267650e-01
-5.356075339829116100e-01
-5.753526431386857265e-01
-4.988586888527064556e-01
-5.545044825290827983e-01
-5.619280380075364345e-01
-5.693718329881816143e-01
-5.858292938088565105e-01
-5.071960040246634716e-01
-5.628927131061940425e-01
-5.861176759814410442e-01
-5.457305745100169414e-01
-5.761708323722272151e-01
-4.923823312734751934e-01
-5.631855889102010959e-01
-5.095905423974185222e-01
-5.855656810914664501e-01
-5.767736141448407405e-01
-5.398368048360138172e-01
-5.762417041575103038e-01
-5.861112014269023174e-01
-5.852673412179141277e-01
-4.979997598444609874e-01
-5.863254056190638774e-01
-4.813949228142886394e-01
-5.298393876170306438e-01
-4.886221350049166912e-01
-5.824767597829489940e-01
-5.089839161252169841e-01
-5.099962265109210247e-01
-4.850598112558512920e-01
-5.137932211970477336e-01
-5.855828993832259410e-01
-5.107519016479640239e-01
-5.446403673728494876e-01
-5.698992744897990459e-01
-5.800261818682341808e-01
-5.219511897181658977e-01
-5.849490300630717510e-01
-5.752676003491072887e-01
-5.678934943740754360e-01
-5.653245081072240108e-01
-5.273964800750403636e-01
-5.085088745569377178e-01
-5.863944315230040782e-01
-5.288622812246470684e-01
-5.272281174426465267e-01
-5.864013642882495159e-01
-5.302610644017844432e-01
-5.748537131463675731e-01
-5.300184455578713649e-01
-5.855080173229365581e-01
-5.628927131061940425e-01
-4.911487088417201274e-01
-5.386659321253686183e-01
-5.324958036532192462e-01
-5.417820685421614879e-01
-5.190830738162188762e-01
-5.095536843752055400e-01
-5.860892892693667644e-01
-5.424492037733583683e-01
-5.710297752981572383e-01
-5.552159403329282039e-01
-5.152595327114253276e-01
-5.459257368808179134e-01
-5.252751656686454051e-01
-5.787627757405429119e-01
-5.523683414672999614e-01
-5.382206723903804058e-01
-5.198517241393714183e-01
-5.244150929962783092e-01
-5.853709117387919658e-01
-5.190354012762694591e-01
-5.844517857646136516e-01
-5.266213496094136470e-01
-4.789338768338351482e-01
-5.858726673638015026e-01
-5.605038856034665340e-01
-5.463493824814944499e-01
-5.861158878420977825e-01
-5.345978145366101497e-01
-5.019453898882060283e-01
-5.631792801310806507e-01
-5.749430083548217052e-01
-5.457305745100169414e-01
-5.496456236457019084e-01
-5.813589044725089305e-01
-4.963632100140242809e-01
-5.083754272078662151e-01
-5.762417041575103038e-01
-5.656049386476664775e-01
-5.668566455011754268e-01
-5.279147722636847728e-01
-5.048619755422263378e-01
-5.858559519862323040e-01
-5.676341843669800991e-01
-5.067230374430804485e-01
-5.858432710980563396e-01
-5.019681178843169445e-01
-5.299833179330020183e-01
-5.244941306178956264e-01
-5.845620059286742443e-01
-5.858489856933741802e-01
-4.767330498313098186e-01
-5.021157809411673778e-01
-4.791236356710582012e-01
-5.762840383564620250e-01
-5.122769721662192577e-01
-5.676341843669800991e-01
-5.861176759814410442e-01
-5.540294335102229351e-01
-5.061135650490908855e-01
-4.767330498313098186e-01
-5.861268550967364543e-01
-5.743261636113314861e-01
-5.711101931398301357e-01
-5.268997852569012874e-01
-5.856624306058078044e-01
-4.835560158704905742e-01
-5.287545532797961467e-01
-4.884723932360797161e-01
-4.989212662791400188e-01
-5.842174016749053234e-01
-5.860017002438693279e-01
-4.813949228142886394e-01
-5.376114980196147197e-01
-5.619228179445057147e-01
-5.533764152666120761e-01
-5.849056825851588481e-01
-5.530911297415881389e-01
-5.622777608101754421e-01
-5.524995704059987300e-01
-5.820534960245280498e-01
-5.220081438188939327e-01
-4.661136031960635417e-01
-5.619228179445057147e-01
-5.246114940261035198e-01
-5.541115966504006618e-01
-5.341185224121003383e-01
-5.309517928277640575e-01
-4.861685172533183330e-01
-5.496602342342524761e-01
-5.344289974187999004e-01
-5.631792801310806507e-01
-5.801207595383315319e-01
-5.854095094715743297e-01
-5.042068944191127056e-01
-5.633316379850297206e-01
-5.798980467831282848e-01
-5.628927131061940425e-01
-5.109340459918170207e-01
-5.581350144808678859e-01
-5.321984817152409786e-01
-5.678934943740754360e-01
-5.182443563704877132e-01
-5.857976474677710765e-01
-5.668953382288604015e-01
-5.286745861982493633e-01
-5.778046422516494030e-01
-5.787779711996703380e-01
-5.779697694694190258e-01
-5.784145505046038860e-01
-5.846856818412928813e-01
-5.690379035537629360e-01
-5.237103165005831951e-01
-5.855920524214892620e-01
-5.680795223330645793e-01
-5.590125662153153652e-01
-5.786417056684880489e-01
-5.856316597079425090e-01
-5.154688008939414257e-01
-5.486672830180763238e-01
-5.653245081072240108e-01
-5.688183945482163661e-01
-5.237419293140559429e-01
-5.850312323187976116e-01
4.947840287471623189e-01
-5.574780818884759181e-01
-5.804137759720473522e-01
-5.439728661318807834e-01
-5.842439927970557445e-01
-5.115393311595111125e-01
-5.860892892693667644e-01
-5.807671756362109416e-01
-5.402405657683997386e-01
-5.762417041575103038e-01
-5.792018049275069469e-01
-5.023489654873996013e-01
-5.514071271633296245e-01
-5.861112014269023174e-01
-5.198534545367150539e-01
-5.789088685875325435e-01
-5.510454964702515834e-01
-5.854183458601622814e-01
-5.762417041575103038e-01
-5.378502788831978076e-01
-5.380661771511225933e-01
-5.778782800649790996e-01
-5.661410805647759670e-01
-5.552317113494067424e-01
-5.854627103423266643e-01
-5.761708323722272151e-01
-5.266213496094136470e-01
-5.096499309753566020e-01
-5.858817086433558696e-01
