-5.864268746716010394e-01
-4.766847778284331039e-01
-5.807894482524962321e-01
-5.069154402935426296e-01
-5.851382707736542121e-01
-5.193630901319497006e-01
-5.768630098923639427e-01
-5.837034766723536716e-01
-5.856840934443628965e-01
-5.785274945778189348e-01
-5.569898627208407227e-01
-5.255831628301551595e-01
-5.856351545857718666e-01
-5.394433318568618851e-01
-5.861696935965790001e-01
-5.779812355574830418e-01
-5.863006273271827995e-01
-4.894668763206968531e-01
-5.779812355434427174e-01
-5.590405704744684234e-01
-5.238933763040615199e-01
-5.260218242731417027e-01
-5.491465426109528591e-01
-5.606943528015578826e-01
-5.412427671966814069e-01
-5.619403637257782691e-01
-5.275365204061862601e-01
-5.493530804147090940e-01
-5.562942723775998743e-01
-5.396458687988616720e-01
-5.859657136127364163e-01
-5.865689298352688708e-01
-5.299292826465091810e-01
-5.805564144820249961e-01
-5.338848700821468007e-01
-5.764711661687379474e-01
-5.852584892468806199e-01
-5.504205625376480393e-01
-5.382285388654575176e-01
-5.099799762372781986e-01
-5.680848258568738096e-01
-5.850043912223797937e-01
-5.081959159810121029e-01
-5.287644062550131974e-01
-5.414841000355080647e-01
-5.668564301184424448e-01
-5.423852635272711220e-01
-5.035188241600151438e-01
-5.862991065304266058e-01
-5.339429064424807692e-01
-5.819776967091843112e-01
-5.860443060904884094e-01
-5.133790661457456883e-01
-5.857364700932419233e-01
-5.828010345956072813e-01
-5.779812355654411204e-01
-5.268577442784273535e-01
-5.031992494352287570e-01
-5.631162901963868705e-01
-5.484107367190673710e-01
-5.347341850876764502e-01
-5.337672352838148671e-01
-5.748522293846137776e-01
-5.265580638856164342e-01
-5.280076879860076122e-01
-5.758489790884295800e-01
-5.764711661547544663e-01
-5.864018913297250890e-01
-5.161523600998429995e-01
-5.824459849503547115e-01
-4.917667637747951681e-01
-5.844710609046158689e-01
-5.816082769815035247e-01
-5.333322657648772447e-01
-4.860829998709738087e-01
-4.800662033841517351e-01
-5.676708990689616208e-01
-5.766586779478267699e-01
-5.797569072704568116e-01
-5.556174114213155990e-01
-5.247733618659058408e-01
-5.849390778549331538e-01
-5.863649582474197430e-01
-5.605683841388817701e-01
-5.176520159429887080e-01
-5.849221012325910296e-01
-4.743195420769195647e-01
-5.703553960755455288e-01
-5.587542181919168405e-01
-5.766586779448141797e-01
-5.727481654818852297e-01
-5.426023592035427168e-01
-5.845246226814925228e-01
5.881859725320630339e-02
-5.063138237206660230e-01
-5.829080912034423356e-01
-5.525334963031685032e-01
-5.364407983962417026e-01
-5.693769077139898549e-01
-4.952031929532488830e-01
-5.354242899872607708e-01
-5.287644062489877950e-01
-5.804815720502730647e-01
-5.861476772882976416e-01
-5.048915588533137155e-01
-5.350238222875399741e-01
-5.800893566058885620e-01
-4.860829998709738087e-01
-5.188095802554085756e-01
-5.690943838763868889e-01
-5.450148316820403460e-01
-5.541094668229077369e-01
-5.853083332767871072e-01
-5.024822649382338913e-01
-5.274424675758419001e-01
-5.860097093223181064e-01
-5.355787610279361122e-01
-5.753681497723814875e-01
-4.988602693511172692e-01
-5.545303334402099660e-01
-5.619428155817999260e-01
-5.693769076980168542e-01
-5.858341127196478038e-01
-5.071944981909390915e-01
-5.629310665654851942e-01
-5.861243985000110790e-01
-5.457229002682226771e-01
-5.761847216762308044e-01
-4.923382889298891230e-01
-5.631842869566699994e-01
-5.095963143499970815e-01
-5.855699569792293113e-01
-5.767834903653621392e-01
-5.398307555780376132e-01
-5.762479111514086094e-01
-5.861172804207737119e-01
-5.852729765492118430e-01
-4.979631695400864033e-01
-5.863334930317765092e-01
-4.813462132800258586e-01
-5.298767564527767648e-01
-4.886082352237111626e-01
-5.824819941823279335e-01
-5.089473188123280201e-01
-5.099819303336734500e-01
-4.849939133044386952e-01
-5.138253484285623118e-01
-5.855908404454119864e-01
-5.107612425305239068e-01
-5.446362728976665846e-01
-5.698986882411268828e-01
-5.800388107645623181e-01
-5.219483426863937847e-01
-5.849574926101244188e-01
-5.752755006449689068e-01
-5.678922916808144539e-01
-5.653248013100318214e-01
-5.274023939720914322e-01
-5.085202533309980399e-01
-5.864018913167080571e-01
-5.288571322083477355e-01
-5.272111250480610023e-01
-5.864095564255318305e-01
-5.302667649359195101e-01
-5.748522293665944138e-01
-5.299292826625390251e-01
-5.855127208193159349e-01
-5.629310665515017131e-01
-4.911250161323033048e-01
-5.386675297821843511e-01
-5.324846200190572754e-01
-5.417646168827063846e-01
-5.190887596897347800e-01
-5.095599834702517761e-01
-5.860951592995650161e-01
-5.424404979828157947e-01
-5.710417773181541978e-01
-5.552148371232968893e-01
-5.152504386996974439e-01
-5.459215812282974811e-01
-5.252785945392979272e-01
-5.787747301158988611e-01
-5.523725054067797346e-01
-5.382238013633234841e-01
-5.198880088884932915e-01
-5.243946953006417555e-01
-5.853784820853396020e-01
-5.190259043143244932e-01
-5.844549772925179409e-01
-5.265580638886291354e-01
-4.789510319226218948e-01
-5.858780385953267222e-01
-5.604522826293193427e-01
-5.463426750624319483e-01
-5.861210257357566400e-01
-5.346056906450814550e-01
-5.019566075442912778e-01
-5.631925879670224289e-01
-5.749367064416003315e-01
-5.457229002452010924e-01
-5.496689784594748218e-01
-5.813611095874295920e-01
-4.964122819121928876e-01
-5.083869190352851009e-01
-5.762479111483959082e-01
-5.655997752017795088e-01
-5.668564300974103798e-01
-5.278973276868019759e-01
-5.048526250056353248e-01
-5.858617824284054754e-01
-5.676708990769765428e-01
-5.067228545785062988e-01
-5.858488666507659648e-01
-5.019536391226384620e-01
-5.299735598798880343e-01
-5.245257984571255472e-01
-5.845740684236966356e-01
-5.858553663215682050e-01
-4.766847778344585063e-01
-5.021404273103144966e-01
-4.790809675030341941e-01
-5.762929442361788279e-01
-5.122944751556075538e-01
-5.676708990869809845e-01
-5.861243984810254881e-01
-5.540323761419574389e-01
-5.061270765809539052e-01
-4.766847778294562299e-01
-5.861332692329044303e-01
-5.743185057991562203e-01
-5.711143612747556775e-01
-5.269575501070798973e-01
-5.856694258351932136e-01
-4.835424900405183579e-01
-5.287697182997219691e-01
-4.884771561041867383e-01
-4.989225206440432991e-01
-5.842200224836541222e-01
-5.860078091638606379e-01
-4.813462132590506370e-01
-5.376240190140022523e-01
-5.619403637297573084e-01
-5.533871330482261763e-01
-5.849115521091233783e-01
-5.531078817329535546e-01
-5.622364426195003428e-01
-5.525334963161856461e-01
-5.820638342359054640e-01
-5.220462161596495232e-01
-4.661124094238341953e-01
-5.619403637257782691e-01
-5.246278655189690054e-01
-5.541094668368912179e-01
-5.341292916524780221e-01
-5.309956738683226929e-01
-4.860829998639820682e-01
-5.496658051030238745e-01
-5.344132853509113712e-01
-5.631925879609970265e-01
-5.801338756960534582e-01
-5.854156511473946889e-01
-5.041899034609732544e-01
-5.633322819885635546e-01
-5.798990960360036473e-01
-5.629310665584934537e-01
-5.109244903251143333e-01
-5.581265459460299505e-01
-5.322159040872994629e-01
-5.678922916908188956e-01
-5.182394231022542375e-01
-5.858023140202486267e-01
-5.669081945298027891e-01
-5.286950826097622791e-01
-5.778056856707430855e-01
-5.787827380624537277e-01
-5.779812355534470480e-01
-5.784274665083463107e-01
-5.846922470706029662e-01
-5.690348890172465257e-01
-5.237013043156709680e-01
-5.855962757150712239e-01
-5.680848258548274465e-01
-5.590405705134630088e-01
-5.786512491512649792e-01
-5.856351545647398016e-01
-5.153796342247527473e-01
-5.486696684137187807e-01
-5.653248013200362632e-01
-5.688324405412135132e-01
-5.237506178019903924e-01
-5.850356902992247532e-01
4.953065595030683999e-01
-5.574680684619823801e-01
-5.804299339747872599e-01
-5.439591459376449389e-01
-5.842499298125812812e-01
-5.115278930905443611e-01
-5.860951593155380168e-01
-5.807598546242963566e-01
-5.402357525901290147e-01
-5.762479111464063886e-01
-5.792013521335397375e-01
-5.023187452788429042e-01
-5.514294714336934744e-01
-5.861172804177610107e-01
-5.198191386109228818e-01
-5.789189697967709325e-01
-5.510887551498795389e-01
-5.854228754326199491e-01
-5.762479111573772794e-01
-5.378474214911699303e-01
-5.380590082739042934e-01
-5.779034608210500412e-01
-5.661476906037882229e-01
-5.552235797552719232e-01
-5.854710857337904750e-01
-5.761847216982292075e-01
-5.265580638985767337e-01
-5.096149444490314373e-01
-5.858906957411322836e-01
