-5.822803883859137830e-01
-5.716145055414358911e-01
-5.789738258392731485e-01
-5.808017913297931489e-01
-5.821102269039670762e-01
-5.810426029422501859e-01
-5.721074387476960954e-01
-5.818478081421176729e-01
-5.768700358969340858e-01
-5.818865357943991956e-01
-5.803224451885740098e-01
-5.747331867971638975e-01
-5.764757062354306516e-01
-5.806447549768904981e-01
-5.826134940655152139e-01
-5.822241607167939481e-01
-5.825043151200930414e-01
-5.806711183906714258e-01
-5.742519081616024312e-01
-5.790649087214092550e-01
-5.718527141072968778e-01
-5.738317154393712816e-01
-5.726570257031540212e-01
-5.814630671450118360e-01
-5.758270982698718843e-01
-5.768789656506101426e-01
-5.817999325738469896e-01
-5.681979728908459482e-01
-5.789483606861154374e-01
-5.755049300425867376e-01
-5.822900764689962205e-01
-5.685537241445104417e-01
-5.819034448870639142e-01
-5.723990568005661306e-01
-5.823462361515681085e-01
-5.684520926372329530e-01
-5.816262614027778444e-01
-5.693113932431856927e-01
-5.822817690716306505e-01
-5.820647629955033597e-01
-5.827056279451767740e-01
-5.826382402376453218e-01
-5.817332494118432340e-01
-5.787403628275911149e-01
-5.729903702669958410e-01
-5.826475655705849466e-01
-5.801310500175873575e-01
-5.820908023090283212e-01
-5.798322449484090146e-01
-5.684524102182308969e-01
-5.826409420044342813e-01
-5.819828028836468992e-01
-5.746644272514800367e-01
-5.699207212821761903e-01
-5.826852534012119111e-01
-5.809992950455467042e-01
-5.826843351171533403e-01
-5.716072631114343938e-01
-5.826914299325267610e-01
-5.826637957290927705e-01
-5.823755644307653245e-01
-5.796612825290481386e-01
-5.721913057425240812e-01
-5.785459138498822984e-01
-5.822484137536207971e-01
-5.795895814010123548e-01
-5.826623410032312211e-01
-5.806465594143788156e-01
-5.681854642973462877e-01
-5.826338108674804506e-01
-5.824003404052178201e-01
-5.790169865870098409e-01
-5.826924581126491365e-01
-5.823729520709435281e-01
-5.809545803860942659e-01
-5.788515208334843454e-01
-5.810135554568092164e-01
-5.806805578106264409e-01
-5.752405503810564813e-01
-5.821697332942108449e-01
-5.654203899250547227e-01
-5.826906308577577409e-01
-5.821559697435418901e-01
-5.727602027402440843e-01
-5.781570317269484338e-01
-5.783668940932671365e-01
-5.683862276421109971e-01
-5.780566547111789522e-01
-5.719637552322069940e-01
-5.791837305807689962e-01
-5.773365472489218053e-01
-5.823784850583593187e-01
-5.653212618128578004e-01
-5.739794213370601472e-01
-5.824948850133637723e-01
-5.826994709716359910e-01
-5.789321994454781350e-01
-5.823826704220096406e-01
-5.664565756962816057e-01
-5.825307739944378671e-01
-5.826217996002356347e-01
-5.778809099503974256e-01
-5.826432824180642900e-01
-5.711079335817317304e-01
-5.734816839032987890e-01
-5.777547713880608615e-01
-5.824754031420866784e-01
-5.709251503505925474e-01
-5.792483508632699785e-01
-5.756922006187210616e-01
-5.821919439406315622e-01
-5.689192645297567186e-01
-5.824861133516947564e-01
-5.826324129522959527e-01
-5.814027551607410249e-01
-5.801751262554148969e-01
-5.824856015899400052e-01
-5.826066209049145517e-01
-5.783643767283479509e-01
-5.787279706494132814e-01
-5.826054325373093423e-01
-5.823655787901202974e-01
-5.710232223429898557e-01
-5.770814146892349061e-01
-5.677835976750771341e-01
-5.721709544816235837e-01
-5.787095537455002603e-01
-5.824810851411144075e-01
-5.791595390112320718e-01
-5.681469392077247438e-01
-5.826563777447859582e-01
-5.821214051031688985e-01
-5.804667578124622640e-01
-5.787759291053931054e-01
-5.822927288756887254e-01
-5.749588057444612321e-01
-5.708061184779922304e-01
-5.809326016389946279e-01
-5.814672064081947145e-01
-5.820901638874034223e-01
-5.826518328906218347e-01
-5.820622321264068422e-01
-5.818158544645826158e-01
-5.823903268248955545e-01
-5.826552638829867181e-01
-5.824646980547527608e-01
-5.792810118803004560e-01
-5.732104185083131132e-01
-5.826710768089811143e-01
-5.826650045857946214e-01
-5.698389735118667421e-01
-5.783516320445756254e-01
-5.732506465212623414e-01
-5.762109698773543176e-01
-5.825914058880130586e-01
-5.788922131107370195e-01
-5.804006790788094339e-01
-5.826318606780092058e-01
-5.803642373577873048e-01
-5.762990874284128484e-01
-5.821700010494510469e-01
-5.801933741242806253e-01
-5.787412908905367193e-01
-5.800194631376485166e-01
-5.827204108284036455e-01
-5.707006210507075128e-01
-5.784344717906038102e-01
-5.818136178934196767e-01
-5.738789390818397340e-01
-5.783372610387573776e-01
-5.761046666232119140e-01
-5.820425877393404779e-01
-5.796400055335084733e-01
-5.788093263329188165e-01
-5.733459594705323514e-01
-5.826595526234428224e-01
-5.825795315251867112e-01
-5.707828843080620107e-01
-5.796368874655286607e-01
-5.821860728831211862e-01
