-5.822799605179285187e-01
-5.716152037466772917e-01
-5.789731957541462970e-01
-5.808012729819451714e-01
-5.821097266069292786e-01
-5.810434447150589765e-01
-5.721083024128503780e-01
-5.818466530366503964e-01
-5.768672771629407281e-01
-5.818866383204644999e-01
-5.803231077397599247e-01
-5.747342485445486870e-01
-5.764740076594258023e-01
-5.806447087839429200e-01
-5.826133078006646704e-01
-5.822242064628087022e-01
-5.825033423091674489e-01
-5.806712903895480116e-01
-5.742528569049630827e-01
-5.790652763560398819e-01
-5.718521176760095193e-01
-5.738330270538293254e-01
-5.726598953689316929e-01
-5.814619839782196875e-01
-5.758275826766606764e-01
-5.768795201570815490e-01
-5.818000400571580188e-01
-5.682001109760598245e-01
-5.789482527952095614e-01
-5.755039445991141367e-01
-5.822894700822852654e-01
-5.685595924317655703e-01
-5.819041420113878482e-01
-5.724039727119015764e-01
-5.823462670165666655e-01
-5.684514856517640657e-01
-5.816264225238820806e-01
-5.693116605625103688e-01
-5.822820190362822945e-01
-5.820645800672626935e-01
-5.827049736838950666e-01
-5.826378538019059139e-01
-5.817337294535329661e-01
-5.787408593941245627e-01
-5.729924931872689697e-01
-5.826473084203072084e-01
-5.801325384941301566e-01
-5.820907128022371202e-01
-5.798330208771782512e-01
-5.684503408066896579e-01
-5.826407108426070458e-01
-5.819817924778900586e-01
-5.746642733268612080e-01
-5.699217876254922821e-01
-5.826848708660731235e-01
-5.809995188064109861e-01
-5.826837980669330452e-01
-5.716132771732321816e-01
-5.826908851252354804e-01
-5.826634153433465357e-01
-5.823753887751365044e-01
-5.796610696375530392e-01
-5.721909715773115801e-01
-5.785466946033797075e-01
-5.822482128924847400e-01
-5.795901710136081020e-01
-5.826620762744137982e-01
-5.806476375355861252e-01
-5.681820474986040148e-01
-5.826335532983656362e-01
-5.823999286853830393e-01
-5.790182425918863895e-01
-5.826919956803409129e-01
-5.823727962282279069e-01
-5.809555104638157719e-01
-5.788499541613192356e-01
-5.810123770840510682e-01
-5.806794278319999947e-01
-5.752416908861632816e-01
-5.821700386913931657e-01
-5.654219612568496256e-01
-5.826899089080168626e-01
-5.821549752015251489e-01
-5.727608894606501799e-01
-5.781569718650239054e-01
-5.783660696917438671e-01
-5.683868111518054489e-01
-5.780561895261252525e-01
-5.719593443187158677e-01
-5.791833301100263176e-01
-5.773374164645740381e-01
-5.823782533428381036e-01
-5.653258369812153017e-01
-5.739782034139858657e-01
-5.824943535063922262e-01
-5.826991339765918987e-01
-5.789337555778877320e-01
-5.823827920741839748e-01
-5.664602658082454889e-01
-5.825308096150585424e-01
-5.826217430928705143e-01
-5.778809695431315063e-01
-5.826426115140760364e-01
-5.711092684498436656e-01
-5.734796055222532996e-01
-5.777553796322131285e-01
-5.824750955728985602e-01
-5.709245442635053625e-01
-5.792490813091205615e-01
-5.756894430658205941e-01
-5.821920489446900104e-01
-5.689214107605757853e-01
-5.824852297577334248e-01
-5.826321390415095669e-01
-5.814030605006366148e-01
-5.801757105353910760e-01
-5.824847860080938355e-01
-5.826064605261699336e-01
-5.783650186005905303e-01
-5.787307577662463842e-01
-5.826054421509926362e-01
-5.823647542536951605e-01
-5.710239084495315476e-01
-5.770847811118938742e-01
-5.677783444484950648e-01
-5.721688347161303367e-01
-5.787116176576539983e-01
-5.824800744238947114e-01
-5.791593943812851641e-01
-5.681440753821648260e-01
-5.826561454411864904e-01
-5.821207977630246111e-01
-5.804655589111283875e-01
-5.787768626331435406e-01
-5.822918170493942558e-01
-5.749584443051226623e-01
-5.708077628434932160e-01
-5.809332881566992013e-01
-5.814673494579019053e-01
-5.820903640005136159e-01
-5.826516303228194138e-01
-5.820621836411894456e-01
-5.818160340082850768e-01
-5.823892988949446181e-01
-5.826547738572900315e-01
-5.824647584272084622e-01
-5.792809354874813854e-01
-5.732119011576983780e-01
-5.826705808285786992e-01
-5.826645788734061693e-01
-5.698417910448727586e-01
-5.783520698580011388e-01
-5.732505378476057123e-01
-5.762108361022276748e-01
-5.825913625143267494e-01
-5.788926522829650478e-01
-5.804009836570843683e-01
-5.826317190288525794e-01
-5.803637441070581549e-01
-5.762977754732513391e-01
-5.821690544871832573e-01
-5.801929852314784419e-01
-5.787416005725217749e-01
-5.800192239333253896e-01
-5.827196638650707916e-01
-5.707022049504407724e-01
-5.784336128223838136e-01
-5.818135939602520068e-01
-5.738779291236910662e-01
-5.783360756688851190e-01
-5.761091228030845723e-01
-5.820421081193564161e-01
-5.796407472819130602e-01
-5.788094445689254686e-01
-5.733473618896768320e-01
-5.826590031798958291e-01
-5.825789487223200780e-01
-5.707831743092689480e-01
-5.796376984453613934e-01
-5.821856314538444988e-01
