-7.863088447830260952e-01
-8.008184192931832035e-01
-7.646673063045920093e-01
-7.967177659502805431e-01
-8.018906845009506901e-01
-7.746726015812338551e-01
-7.936268562680662830e-01
-8.023964196673215588e-01
-7.880618006220639904e-01
-7.978907825654925068e-01
-7.969336791193665226e-01
-8.006682984760583599e-01
-8.018782383060635288e-01
-7.972581463164271076e-01
-7.851460606089414318e-01
-7.834716441339434345e-01
-8.014773197701753338e-01
-7.938198607644618710e-01
-7.823003048306883533e-01
-7.869402824199379642e-01
-7.531954704082192142e-01
-8.024022655791224201e-01
-7.777268553382338245e-01
-7.977367762705863674e-01
-7.992005909091414173e-01
-8.017879382005513866e-01
-7.661062611496628483e-01
-7.927063882580579479e-01
-8.020194044566334446e-01
-7.864457263840914925e-01
-7.760147957360924442e-01
-8.015820656201423366e-01
-7.968480747422755917e-01
-8.000446969872893055e-01
-8.016858065730513294e-01
-8.018371017879427631e-01
-7.557056194400967319e-01
-7.998320099196017940e-01
-7.964981721943796833e-01
-8.011206846913875301e-01
-7.915516530393243988e-01
-8.024028960845054348e-01
-7.989390699422539432e-01
-8.023696804648817738e-01
-7.438089980042160709e-01
-7.897880307628394325e-01
-8.018139425894798000e-01
-7.488012297308624943e-01
-7.623864135003269871e-01
-8.020905239737213810e-01
-7.687446905529679020e-01
-8.012430334693373402e-01
-7.978233464291871746e-01
-7.989937898001254757e-01
-7.959097281328023632e-01
-8.013380218526900967e-01
-8.014607925197662075e-01
-7.911183966553391178e-01
-7.843755522972525318e-01
-7.991418766087473591e-01
-7.708924191302241047e-01
-8.024512466272891720e-01
-8.004357965892733295e-01
-8.012180470159829815e-01
-7.966919282680929859e-01
-8.024145674190105160e-01
-7.780603517076553066e-01
-7.993796022838534077e-01
-8.017209528243721683e-01
-7.958170382535637577e-01
-7.994226759529293735e-01
-8.023530293485702236e-01
-7.971713712668598850e-01
-8.018010512224019726e-01
-8.014623841500462254e-01
-8.024154810464562138e-01
-8.024098502701700886e-01
-7.996199850222648342e-01
-8.024137031516612728e-01
-8.019046720346988399e-01
-7.886821238553703983e-01
-7.785526320567907055e-01
-7.486656552410305698e-01
-7.967846484153152664e-01
-8.019362122050107677e-01
-7.885868090434552391e-01
-7.644564753627957066e-01
-7.966981304107786377e-01
-8.024219518757046421e-01
-7.694737373149574955e-01
-7.775905190265358646e-01
-8.024275388798297604e-01
-7.816492470210970600e-01
-8.016766553974331577e-01
-7.953161827518225868e-01
-7.971934817961038311e-01
-7.940141667841554840e-01
-7.619989944851578434e-01
-7.891432216620625217e-01
-7.886662340952635963e-01
-7.611510103798092564e-01
-7.980243342226923664e-01
-8.018904218679846485e-01
-7.850677647857547958e-01
-7.892758885628164967e-01
-8.018304893976629932e-01
-7.970796099162281712e-01
-7.696932332819880207e-01
-7.863539757436693867e-01
-7.690736597633541782e-01
-8.018452769375027378e-01
-7.567114738977135380e-01
-8.016698641932190617e-01
-7.857597551538230141e-01
-7.776924383124889095e-01
-7.952345136782706936e-01
-7.932787297523201664e-01
-7.969987645974935253e-01
-7.976942520818294247e-01
-7.902817541963041981e-01
-7.995275503254116733e-01
-7.910234865030826290e-01
-8.023908308005512913e-01
-8.013968283540190418e-01
-7.975220589196861942e-01
-7.966382216891826351e-01
-8.024434980234683712e-01
-7.862079918614209850e-01
-7.887363161190034111e-01
-7.999049948758066853e-01
-8.016425140431703289e-01
-7.921032982176722248e-01
-7.799540983742655476e-01
-7.979871614134491642e-01
-8.023787887996615131e-01
-7.358986644303978641e-01
-8.020814705869735439e-01
-8.015463866523088177e-01
-7.808487221828283031e-01
-7.866880877173126896e-01
-7.820811958281875809e-01
-7.867971181167842110e-01
-7.976781811794818600e-01
-8.023385146862448414e-01
-8.014748666665137966e-01
-8.006601643046916683e-01
-8.020084940126718243e-01
-7.997504391005815227e-01
-7.927645344516814907e-01
-7.708579899972857197e-01
-7.784720167747319897e-01
-7.817999685412825306e-01
-8.007899431741417606e-01
-7.807018116346181591e-01
-8.023184661051810940e-01
-8.018603019645990093e-01
-8.013899915149987896e-01
-7.449540553844155033e-01
-7.985389728328765591e-01
-7.719326058632315357e-01
-7.920347817471803387e-01
-7.694947181499184330e-01
-7.746543877056421001e-01
-7.748638365647376736e-01
-7.985873354828537662e-01
-7.985502073770941456e-01
-7.885557680620433052e-01
-7.983421080044091900e-01
-7.926575375950516422e-01
-8.019288379928649624e-01
-7.913625270357907970e-01
-8.024283426112116535e-01
-7.492052113866985996e-01
-8.024328474185050686e-01
-7.632589696204842289e-01
-8.015545478320301731e-01
-8.020148465639532764e-01
-7.944824967763007839e-01
-7.951476091748655994e-01
-7.840234536907256802e-01
-7.523327341532887180e-01
-7.719397826349915226e-01
-7.453374101078690250e-01
-7.630678585028828342e-01
-8.013241116187156399e-01
-8.020291265329898556e-01
-8.016278596824587543e-01
-7.992957189908803661e-01
-8.011417614525736530e-01
-7.866835475197614391e-01
-8.023606643310369213e-01
-8.023621712109626491e-01
-7.905209774381102283e-01
-8.015165023735345562e-01
-8.015843808880628307e-01
-7.953251946947158535e-01
-7.984483095115603168e-01
-8.016355524069250782e-01
-8.017589265710295399e-01
-8.009842626980127056e-01
-8.023987237593711574e-01
-7.780003978169144352e-01
-8.021543419218243320e-01
-8.019080722934187611e-01
-8.019678315377415379e-01
-7.504883988058747013e-01
-7.960813089503527840e-01
-7.761934457576454838e-01
-7.960093121273995598e-01
-7.900275143093050678e-01
-7.993337914577306469e-01
-7.685355564809025486e-01
-8.020726388549984653e-01
-8.023392401865304668e-01
-7.881920931159139831e-01
-7.726943420475901325e-01
-7.892851528941274841e-01
-7.977773297807754238e-01
-7.810817614427388866e-01
-8.024355426660360058e-01
-7.744265666461170872e-01
-8.023369891798676212e-01
-7.996948633572639187e-01
-8.019717691695870121e-01
-8.014390070221008022e-01
-7.669824829554737766e-01
-7.731909996128262241e-01
-8.023037297880829533e-01
-7.824351277432025631e-01
-7.366211174285591801e-01
-8.013492200753272732e-01
-7.812045060327829082e-01
-8.017059343165339191e-01
-7.532405166185082157e-01
-7.979215134164870937e-01
-8.011536218455613811e-01
-7.487014627313793858e-01
-8.021155718943656643e-01
-7.994620112931908329e-01
-7.730038335776509006e-01
-7.976411685577214916e-01
-7.854663578091741760e-01
-7.713423243022144993e-01
-8.017739879197062214e-01
-7.525250746166886051e-01
-7.866122557079971989e-01
-8.024252347877801617e-01
-7.847690947583497723e-01
-7.944210131882311066e-01
-7.960381128123582561e-01
-7.285869067764462192e-01
-7.973263452059210499e-01
-8.023215376070321758e-01
-7.788484396642626484e-01
-7.991138652196706493e-01
-7.957746546945155819e-01
-8.017617549976886471e-01
-7.878385178974450787e-01
-8.016101273006380756e-01
-7.473747192180336674e-01
-7.777086647457064350e-01
-8.016937377160967548e-01
-7.688283400839747150e-01
-7.849744076138914783e-01
-7.978658082193316181e-01
-7.799747402078093250e-01
-8.016841069093526562e-01
-8.019238284087361057e-01
-8.023867115608037670e-01
-7.979136707490862568e-01
-7.877907531565607746e-01
-7.849438863104761799e-01
-7.599298769837797840e-01
-7.656217107778967579e-01
-7.963479093505622108e-01
-8.019038506081880291e-01
-8.024267472556413372e-01
-8.023867730280936916e-01
-8.024019954955757816e-01
-8.019522831073583324e-01
-7.961926173648418148e-01
-8.023894254347861965e-01
-7.652902065074623783e-01
-7.697807459390343388e-01
-8.014554281017364223e-01
-7.788984740382612904e-01
-8.010781297689856251e-01
-7.997900836399377544e-01
-7.728202382332266529e-01
-7.993140809467614849e-01
-7.660714073336304386e-01
-8.017141662767709454e-01
-7.565160824215592106e-01
-8.013001337877095898e-01
-7.758403888201893528e-01
-7.872727515405596455e-01
-7.948239755115092953e-01
-8.002599181837023457e-01
-8.024282913884700497e-01
-7.969338560706556995e-01
-8.024508824801624973e-01
-7.898569025328935345e-01
-8.016912827497900684e-01
-7.959529461568773945e-01
-7.579748092448891361e-01
-8.020589716962159832e-01
-7.441039664900482853e-01
-7.970906740284146030e-01
-7.788512801981152256e-01
-7.866897589756728371e-01
-7.959874153366864880e-01
-7.598977780199230869e-01
-8.013393340861977299e-01
-7.682943700111092289e-01
-7.709214857077778538e-01
-8.024646008616865833e-01
-8.015784930667461117e-01
-8.010292120507539471e-01
-8.021093897751153667e-01
-8.023453543192328175e-01
-8.024074791228951176e-01
-7.942600955484987457e-01
-8.024319757005752285e-01
-8.013707755363167484e-01
-7.943335354557813366e-01
-8.014261463886679371e-01
-7.633347420251549442e-01
-8.024443697413982113e-01
-7.601030154383362492e-01
-7.780038474357308109e-01
-8.023886990031779964e-01
-8.013220068296970089e-01
-7.912864342561544140e-01
-8.019477335965813358e-01
-7.811643054938496311e-01
-7.988310784331144054e-01
-7.890859676754654606e-01
-7.901752285888971050e-01
-8.010003494328440388e-01
-8.014759861162484844e-01
-8.016245469680608471e-01
-7.986909181109250744e-01
-7.776236387199343403e-01
-7.932883340163708885e-01
-8.019369190788449009e-01
-7.935216652459086140e-01
-8.023855120173276623e-01
-7.997701077020348270e-01
-8.023389961800159176e-01
-8.013855723893822391e-01
-8.018460527292073925e-01
-8.024020904904783924e-01
-8.010054186216176708e-01
-7.968741787827194889e-01
-8.019986955678642948e-01
-8.023535881421149929e-01
-7.958844706645787914e-01
-8.012582568681420048e-01
-7.954441380916715820e-01
-8.011587245619476993e-01
