-7.863128507451228044e-01
-8.008211352801917204e-01
-7.646901060375892456e-01
-7.967334796708436251e-01
-8.018974246250226701e-01
-7.746796840452130350e-01
-7.936615464780714113e-01
-8.024022775827354126e-01
-7.880625693009871702e-01
-7.978999265791131279e-01
-7.969313726015878618e-01
-8.006723220479544656e-01
-8.018806165005498698e-01
-7.972690137878655214e-01
-7.851878471404976079e-01
-7.834719307874230543e-01
-8.014805274425379489e-01
-7.938220382669066710e-01
-7.822884800938360028e-01
-7.869566491630058946e-01
-7.531535629159250567e-01
-8.024067624831227041e-01
-7.776674887596972674e-01
-7.977436747078628931e-01
-7.992086809458571750e-01
-8.017898548585921104e-01
-7.661800521715149692e-01
-7.927098070710006938e-01
-8.020282817497166317e-01
-7.864343613533287813e-01
-7.760082807289917506e-01
-8.015895585937842238e-01
-7.968638780359080798e-01
-8.000582479431472827e-01
-8.016905997764715019e-01
-8.018404706368639223e-01
-7.557625001353178718e-01
-7.998421578650553032e-01
-7.964971761310236653e-01
-8.011246418969384386e-01
-7.915540905081018819e-01
-8.024068587820495368e-01
-7.989534620872636994e-01
-8.023753841443757029e-01
-7.436826747488770595e-01
-7.897851838166649596e-01
-8.018238450842390952e-01
-7.487970874449112468e-01
-7.623814794375208814e-01
-8.020941903196752154e-01
-7.687423248554565713e-01
-8.012444782085010875e-01
-7.978335904804961798e-01
-7.989875096278564737e-01
-7.959168070630897596e-01
-8.013484347438395439e-01
-8.014692561396041803e-01
-7.911331664628491467e-01
-7.843263459868151655e-01
-7.991415197619136102e-01
-7.709505430553419414e-01
-8.024560757624328300e-01
-8.004376601228085919e-01
-8.012244392626217682e-01
-7.967151311396173385e-01
-8.024204658491018716e-01
-7.780825509886725166e-01
-7.993947532231093778e-01
-8.017256328442752267e-01
-7.958192524385956368e-01
-7.994273305309028688e-01
-8.023579575774041350e-01
-7.971632021020128578e-01
-8.018046380516981042e-01
-8.014657672224110296e-01
-8.024198819275696337e-01
-8.024148308836279719e-01
-7.996263416887462450e-01
-8.024186944115249132e-01
-8.019096447291897967e-01
-7.886652341119770870e-01
-7.785483134488296875e-01
-7.486055421450612535e-01
-7.967928049411057145e-01
-8.019422080589846402e-01
-7.886002695612606139e-01
-7.644740375934739873e-01
-7.967023988248598254e-01
-8.024270502507924174e-01
-7.694669323973213348e-01
-7.775734958293505361e-01
-8.024312978233750782e-01
-7.816437282607145987e-01
-8.016790393147803506e-01
-7.953372813054769841e-01
-7.971994098758801162e-01
-7.940034449659165716e-01
-7.619681047271992247e-01
-7.891557431992332061e-01
-7.886685678093018348e-01
-7.610979225064958831e-01
-7.980395108047799724e-01
-8.018962134410033693e-01
-7.850643136859114524e-01
-7.892636841883604593e-01
-8.018340600880153879e-01
-7.970854596735768016e-01
-7.696856165283159079e-01
-7.863582410655955979e-01
-7.690998702147185950e-01
-8.018511930202260052e-01
-7.566637374140283701e-01
-8.016759482722658481e-01
-7.858176577726335710e-01
-7.776697882798558892e-01
-7.952317287304204729e-01
-7.932958127624016864e-01
-7.969995372987245252e-01
-7.977060280401557790e-01
-7.902716850401410031e-01
-7.995423806293122659e-01
-7.910406852702723812e-01
-8.023949546996241855e-01
-8.014048848264094804e-01
-7.975232606072424346e-01
-7.966235808752961667e-01
-8.024495234997155446e-01
-7.862265824385404889e-01
-7.887408790320954433e-01
-7.999191067601304495e-01
-8.016494916775590562e-01
-7.921065276435115265e-01
-7.799641388024090016e-01
-7.979823443967871688e-01
-8.023828660543549374e-01
-7.359255759175994394e-01
-8.020871710413257638e-01
-8.015493797761192862e-01
-7.808304680412101462e-01
-7.866219222463852745e-01
-7.820823598897215234e-01
-7.868005549026267920e-01
-7.976836088891986476e-01
-8.023449920218380660e-01
-8.014856146354399913e-01
-8.006655246434301043e-01
-8.020133042637729304e-01
-7.997578493399019051e-01
-7.927825034634956580e-01
-7.708590238789885252e-01
-7.784617131435245252e-01
-7.817924345910448602e-01
-8.007907842746259108e-01
-7.807033733394926900e-01
-8.023231478664122340e-01
-8.018653273498518308e-01
-8.013941811400264736e-01
-7.449474929009709534e-01
-7.985441216016799792e-01
-7.719432952083998822e-01
-7.920608540172586753e-01
-7.694086981041842188e-01
-7.746650852529614051e-01
-7.748661576971467291e-01
-7.985988113776711916e-01
-7.985612863168679576e-01
-7.885118040974549158e-01
-7.983645283142180027e-01
-7.926587330571096546e-01
-8.019314851136121192e-01
-7.913743226357690119e-01
-8.024346151977131969e-01
-7.492276355174205538e-01
-8.024384748315974702e-01
-7.632407949639619105e-01
-8.015581451030667770e-01
-8.020220649797139556e-01
-7.944948049264760614e-01
-7.951393006398000951e-01
-7.840500178321994085e-01
-7.523412572986479807e-01
-7.719031735116883564e-01
-7.453573279401438656e-01
-7.630307166310346112e-01
-8.013301376565621359e-01
-8.020330050029081947e-01
-8.016314734550593624e-01
-7.993145211546911488e-01
-8.011473688106506286e-01
-7.865778577638538049e-01
-8.023655541332905816e-01
-8.023671619009901113e-01
-7.905099854693691253e-01
-8.015175045797791054e-01
-8.015893883889226856e-01
-7.953126646692817436e-01
-7.984582277658104355e-01
-8.016412145762114028e-01
-8.017605385511903382e-01
-8.009888726332137221e-01
-8.024037678585365096e-01
-7.779949617821610985e-01
-8.021600873786374208e-01
-8.019142425364891302e-01
-8.019714631054447596e-01
-7.504554999272577964e-01
-7.960906348291937329e-01
-7.761600942998103658e-01
-7.960206620375103181e-01
-7.900742293440468078e-01
-7.993394938545923534e-01
-7.684859580997827067e-01
-8.020772564553020345e-01
-8.023434737040499032e-01
-7.881625657045087108e-01
-7.726788498784399328e-01
-7.892943862246488695e-01
-7.977856174911145404e-01
-7.810991340020012608e-01
-8.024392026190176885e-01
-7.744186494962951306e-01
-8.023410133720418891e-01
-7.997017328040704198e-01
-8.019771805928450625e-01
-8.014431843195942706e-01
-7.671404028406511033e-01
-7.732149830689789560e-01
-8.023078006027585252e-01
-7.824374179089834680e-01
-7.366925856783268500e-01
-8.013565402193122411e-01
-7.812321573469411806e-01
-8.017110876619893967e-01
-7.532989102069610476e-01
-7.979391608045406370e-01
-8.011571571987726736e-01
-7.487099743610224900e-01
-8.021193317264444511e-01
-7.994695613829118086e-01
-7.729789600689119800e-01
-7.976496114635710510e-01
-7.854771552376659249e-01
-7.713834358689596327e-01
-8.017801070044420220e-01
-7.524833911602606396e-01
-7.866493494113194762e-01
-8.024309866216245979e-01
-7.847816967183570691e-01
-7.944158418420247392e-01
-7.960578773375567296e-01
-7.285706882826433750e-01
-7.973399430887720962e-01
-8.023253837626218576e-01
-7.788681352504569499e-01
-7.991182028116723401e-01
-7.957842869147310205e-01
-8.017650581675451749e-01
-7.878436317351776852e-01
-8.016177916820728111e-01
-7.473851998081727510e-01
-7.777135423296422934e-01
-8.016948357390653035e-01
-7.687806407086189564e-01
-7.849870773420695169e-01
-7.978760577333221526e-01
-7.799480494623607374e-01
-8.016887448909612024e-01
-8.019267272254407830e-01
-8.023925441385652002e-01
-7.979179118296424456e-01
-7.877782549998045836e-01
-7.849989717304971526e-01
-7.597319958277647389e-01
-7.656061881093471078e-01
-7.963613858743021634e-01
-8.019135205320720994e-01
-8.024305316389954701e-01
-8.023921998168384029e-01
-8.024077254173525020e-01
-8.019582635270615656e-01
-7.962101701919869212e-01
-8.023930777121314195e-01
-7.652495591033590117e-01
-7.698098173003705691e-01
-8.014566175007787896e-01
-7.789423940536899238e-01
-8.010835458800139586e-01
-7.997901171429324663e-01
-7.728068498224276439e-01
-7.993233939295405488e-01
-7.660627708618984455e-01
-8.017185568539744178e-01
-7.565099108288144691e-01
-8.013029183584643445e-01
-7.758768504727601156e-01
-7.872801238396862633e-01
-7.948356383081784937e-01
-8.002604172024566642e-01
-8.024336437614911777e-01
-7.969431884310810288e-01
-8.024561408933850171e-01
-7.898358275839174603e-01
-8.016933114012939621e-01
-7.959366269031320495e-01
-7.579777015755789771e-01
-8.020661896282130776e-01
-7.440603899899002061e-01
-7.970870565502993221e-01
-7.788042876958395366e-01
-7.866819992350424506e-01
-7.960059656483277069e-01
-7.599114731573175519e-01
-8.013455515061592704e-01
-7.684272372240322779e-01
-7.709096961052168684e-01
-8.024681423107219436e-01
-8.015848279746010663e-01
-8.010314957589105278e-01
-8.021147147291491919e-01
-8.023499911118177064e-01
-8.024123240816508629e-01
-7.942588221893943645e-01
-8.024376091452947168e-01
-8.013776366593388101e-01
-7.943420858923800898e-01
-8.014292412868052606e-01
-7.632923944834403285e-01
-8.024492294079481614e-01
-7.600987641246003124e-01
-7.779922332863533629e-01
-8.023929983272061195e-01
-8.013248663058110122e-01
-7.912757674110773021e-01
-8.019540396534615700e-01
-7.811364787609398341e-01
-7.988531559749827426e-01
-7.891010600412315945e-01
-7.901646229633055851e-01
-8.010015097300348108e-01
-8.014815127487419089e-01
-8.016287380402620233e-01
-7.987128685048746624e-01
-7.775848857431728600e-01
-7.932945832353810456e-01
-8.019413830736454862e-01
-7.935325852278481973e-01
-8.023899036636974458e-01
-7.997818477845902718e-01
-8.023444367382813747e-01
-8.013856277849020771e-01
-8.018508627504937758e-01
-8.024080780280650194e-01
-8.010149451832204726e-01
-7.968790743376739094e-01
-8.020047169636760342e-01
-8.023584396030122301e-01
-7.958905595722021165e-01
-8.012639989967937915e-01
-7.954517445503586082e-01
-8.011653893231563961e-01
