-7.974654966457385141e-01
-8.024405578759199464e-01
-7.984432514468610131e-01
-8.011321110619371577e-01
-8.023390340976277457e-01
-8.024414623531921364e-01
-7.985376167179141227e-01
-7.965163574585790718e-01
-7.687580378558103167e-01
-7.498663636533902110e-01
-7.933471997470374903e-01
-7.653490455552884875e-01
-7.854427362323659345e-01
-8.018040322771857742e-01
-7.928190086341178056e-01
-8.013222908168740055e-01
-8.023844969280472528e-01
-8.004795643930832094e-01
-7.908242855354185030e-01
-7.976826373659920977e-01
-7.920145936924899432e-01
-7.482761872611264353e-01
-8.015899920024348591e-01
-8.016449668651940419e-01
-7.988190304654473328e-01
-7.875304094652557652e-01
-7.993795020603970958e-01
-8.023354215365341435e-01
-7.448214758183848705e-01
-8.018793030586133241e-01
-7.430895043472462991e-01
-8.006039974899439304e-01
-7.382590816436565007e-01
-7.857844792413359869e-01
-7.558822768489200650e-01
-7.576402893131115590e-01
-7.870975644756023071e-01
-8.012909790820756939e-01
-7.968301554370470496e-01
-8.014922003351346858e-01
-7.912421354351476532e-01
-7.965943856697876857e-01
-8.024232158818831451e-01
-8.023892514382159336e-01
-8.024612964682396044e-01
-7.853303184568448669e-01
-7.983281571724820669e-01
-8.024113781134059042e-01
-8.010796485541558098e-01
-8.018962134410033693e-01
-7.995478434389179379e-01
-7.936260279456496258e-01
-7.914646003041105882e-01
-7.863595788045214530e-01
-8.024347488706036202e-01
-7.969608717658501762e-01
-7.968324923541625360e-01
-7.757995411599756252e-01
-7.963432559188909909e-01
-8.015074810288460583e-01
-8.024344542668337965e-01
-7.916228279007732072e-01
-7.999191067601304495e-01
-7.942324893215794157e-01
-7.875742028630199343e-01
-7.969236998397559724e-01
-7.877654775700818623e-01
-7.685903135668021857e-01
-8.023843896271282139e-01
-7.874138931810251707e-01
-8.024599248353442293e-01
-7.907263138452693685e-01
-7.742687050239618340e-01
-7.890842865757407010e-01
-7.975518915702095590e-01
-7.950442028703327280e-01
-8.024014994993607930e-01
-7.581276677938846298e-01
-8.023748483418102762e-01
-7.967023988248598254e-01
-7.932063227584138509e-01
-7.896135410328007920e-01
-8.018481091537184025e-01
-7.994159987850177895e-01
-7.703967888039812140e-01
-7.867790478129421672e-01
-7.992290039355138820e-01
-7.834783123492918833e-01
-7.975865119923427615e-01
-8.016100840582712772e-01
-8.014984883910758473e-01
-7.927354003934007354e-01
-8.002540278305926291e-01
-7.954597048769459500e-01
-8.023575501447256508e-01
-7.827127199154173542e-01
-8.018047979945687187e-01
-7.860736483396314478e-01
-8.023867594952244220e-01
-7.966439921338581698e-01
-8.024762819331741071e-01
-8.012746617532053861e-01
-8.011670577368091850e-01
-7.783236701336202490e-01
-8.024248724975516778e-01
-7.990686448175623458e-01
-7.946818987769137532e-01
-8.019441729944021269e-01
-7.695119898370468281e-01
-7.630696423006995133e-01
-8.019727102014444498e-01
-7.892290395602442610e-01
-8.023652443995342720e-01
-8.017763483794695389e-01
-8.023335128390793880e-01
-7.669827045135594323e-01
-7.488007173409881867e-01
-7.836133101516533639e-01
-7.959734865714679364e-01
-8.024314321072749667e-01
-8.021369346992784921e-01
-8.010589894627786478e-01
-7.981867361542946959e-01
-7.997579639458196610e-01
-7.463288674192775085e-01
-7.999797797112954134e-01
-8.020743686376233805e-01
-7.821787985821108125e-01
-7.758674440773351000e-01
-8.019492734122986022e-01
-8.013086049488908902e-01
-7.709069087484515803e-01
-7.968779001806177709e-01
-7.858443626541492533e-01
-7.982350646144065198e-01
-8.014045467566863756e-01
-7.977646653169684354e-01
-8.019219345863006776e-01
-8.013871387636849475e-01
-7.980849425262142027e-01
-7.574369614347540303e-01
-8.024255503259991595e-01
-7.751751631224642614e-01
-8.017292495693731924e-01
-7.810733870987119909e-01
-7.534004563032262736e-01
-7.687806407086189564e-01
-7.641708426824795897e-01
-7.985666031595979319e-01
-8.017453221154304810e-01
-7.978364544411959969e-01
-7.573393712912803721e-01
-8.020207999947350785e-01
-7.732149830689789560e-01
-7.780825509886725166e-01
-7.741891053310209214e-01
-7.756283601257452087e-01
-8.022932258534917205e-01
-7.696856165283159079e-01
-8.013839404292609769e-01
-7.982483727777009985e-01
-8.011475087975465925e-01
-7.749156255733360421e-01
-7.861646709193740312e-01
-8.023753841443757029e-01
-8.013108326481012122e-01
-7.462267825174397906e-01
-7.866423109119801138e-01
-8.019978716781877015e-01
-7.989674811389693154e-01
-7.882279931068530976e-01
-7.762145199770136283e-01
-8.024368195519329117e-01
-7.979823443967871688e-01
-8.024551260032037892e-01
-7.979275226949155142e-01
-7.787336886416434956e-01
-7.821410967624476962e-01
-7.813528503618056842e-01
-8.021449698488121172e-01
-7.947879354665722262e-01
-8.010149451832204726e-01
-8.012878974545573074e-01
-7.848915970519156904e-01
-7.808293411481114221e-01
-8.023673633968353425e-01
-7.943243328936698822e-01
-8.020661896282130776e-01
-7.915066526402736446e-01
-7.702342862547609803e-01
-7.810044757341688682e-01
-7.687221754866780943e-01
-7.390541575877962455e-01
-7.909686439932470670e-01
-7.950077308096822337e-01
-7.980298903865232774e-01
-7.627947889689004057e-01
-8.011379895502054316e-01
-7.902151011556889371e-01
-7.992031638622981715e-01
-7.969352759614412030e-01
-8.011368671301116740e-01
-7.996630262852199023e-01
-7.661562212797032867e-01
-8.023584396030122301e-01
-7.969772315076785185e-01
-7.991499795121035365e-01
-7.964361476071374346e-01
-7.996813933434352428e-01
-7.761803210585391799e-01
-7.873084829128559337e-01
-8.020721351604261917e-01
-8.018612332661572140e-01
-8.025201549748703922e-01
-7.950110071560509972e-01
-7.989428735097771073e-01
-7.605043725991652570e-01
-7.979538301777308051e-01
-7.674429875441317606e-01
-7.732903410093311392e-01
-7.967060255999371954e-01
-7.959289100183514210e-01
-7.983310293561726168e-01
-7.824193268315405847e-01
-7.981197073182367818e-01
-8.019329222134607971e-01
-7.983391228526576233e-01
-8.023885072208156721e-01
-7.959168070630897596e-01
-8.024261296045364089e-01
-7.877480627790961476e-01
-7.818007897953148655e-01
-7.946221681349858734e-01
-8.011144013001865183e-01
-7.369297506974573642e-01
-7.905453523978999142e-01
-7.997095140268098978e-01
-7.985488814628564080e-01
-7.952067348025321225e-01
-7.807827046586545139e-01
-8.007275693454972698e-01
-8.017598416627478297e-01
-7.812321573469411806e-01
-7.972541928427873126e-01
-8.024465599040936370e-01
-7.682318408592800907e-01
-7.961413072774097266e-01
-8.023992872171390456e-01
-7.948356383081784937e-01
-7.971429138583367990e-01
-7.837665234713503404e-01
-8.019097084571338296e-01
-8.024513020642720651e-01
-7.995002371242231343e-01
-7.932695707955105258e-01
-7.907125457243568967e-01
-8.023643336922711145e-01
-7.997235862534730622e-01
-7.863822539102595099e-01
-7.827265731132664328e-01
-7.630307166310346112e-01
-7.949229043529515426e-01
-7.237357426776918068e-01
-8.023837333906502778e-01
-7.861895156113809513e-01
-8.020668835076516512e-01
-8.018995099953474259e-01
-7.798348658114463428e-01
-7.934061727425881783e-01
-8.023941728072604418e-01
-7.570781589484986140e-01
-7.972311840533040650e-01
-7.976385948294364425e-01
-7.843306929533184757e-01
-7.791726558293742277e-01
-7.976485847923876493e-01
-7.797444778651846375e-01
-8.023970252959584659e-01
-7.914522731580312387e-01
-7.987486626020746661e-01
-7.810560546836645690e-01
-7.892639707281304817e-01
-8.023486087709240655e-01
-7.639166452570520516e-01
-7.831830350789221740e-01
-7.539498002311277869e-01
-7.776800539785845290e-01
-7.964733714311743595e-01
-7.948955123789964716e-01
-7.960408566332497493e-01
-7.946413855395098036e-01
-8.014685959571303808e-01
-8.011675168344438713e-01
-7.961990837539202337e-01
-8.020602465849866469e-01
-7.888339899711721559e-01
-8.015227658405472688e-01
-7.548892908530537849e-01
-7.444250472224249737e-01
-8.004832349751314080e-01
-7.920891487174968049e-01
-7.667377923286574637e-01
-8.024803627578961374e-01
-7.972690137878655214e-01
-8.018620722534828271e-01
-7.818115004597050444e-01
-7.804625285613209229e-01
-7.974692959096726375e-01
-7.906923032796422390e-01
-8.023989998433772586e-01
-8.023694485301517965e-01
-7.970263897671236997e-01
-8.018800137400435846e-01
-7.979001469439455096e-01
-7.731065526702325386e-01
-7.680034346831015046e-01
-7.943755636904371586e-01
-7.976537727012166235e-01
-7.716148851396991137e-01
-7.851878471404976079e-01
-7.849285034682130791e-01
-8.020128177731604691e-01
-7.937828266734548999e-01
-7.890582480056934633e-01
-8.012486023391763856e-01
-8.004774369957953217e-01
-8.018647395853237825e-01
-7.745472413978055082e-01
-7.835851000373530439e-01
-8.023705694052567505e-01
-8.019230487884058123e-01
-7.777135423296422934e-01
-7.704041080290935373e-01
-7.928982103763806411e-01
-7.984904321128926119e-01
-7.648677199896581902e-01
-7.832965795275438348e-01
-8.024067494931329536e-01
-7.768133560180814356e-01
-8.018904986706024696e-01
-7.974336765583379671e-01
-7.981157402304395188e-01
-8.023981733820289008e-01
-7.849919492651528108e-01
-7.751859059288260800e-01
-7.565609654927240024e-01
-7.906047811130825220e-01
-7.938055327901948344e-01
-8.019924272075757976e-01
-8.013889779072188579e-01
-8.019750203615741979e-01
-8.018062793103762909e-01
-7.598936016537031213e-01
-8.024578076350469269e-01
-8.008965990754669528e-01
-7.816364254425893776e-01
-8.017152500196341736e-01
-8.023507946951579095e-01
-7.502819976738914765e-01
-8.022948602811738050e-01
