-7.716631493968544309e-01
-7.699172676478973631e-01
-7.786109264864302659e-01
-7.712243047110123317e-01
-7.640890484433010554e-01
-7.769853397736641298e-01
-7.783084715578627577e-01
-7.782426146748585571e-01
-7.534772774244166138e-01
-7.747825494014185521e-01
-7.692317236665936475e-01
-7.747855146210556043e-01
-7.608777784236493424e-01
-7.685537521962021446e-01
-7.603124443376227948e-01
-7.602286253700659691e-01
-7.730229557944944263e-01
-7.785983814705447204e-01
-7.638124425149024344e-01
-7.590489089024852198e-01
-7.729444157187153053e-01
-7.711896095129424644e-01
-7.780153471507542662e-01
-7.688474403258630518e-01
-7.785642777619917743e-01
-7.786329301567245231e-01
-7.786739595917130385e-01
-7.786735491770453432e-01
-7.771993048924803471e-01
-7.685957671144048042e-01
-7.757927870074166066e-01
-7.779482347057541380e-01
-7.631954963144124138e-01
-7.617002452407447555e-01
-7.691932444215748843e-01
-7.675539987868013059e-01
-7.759800199097337536e-01
-7.322434267929007756e-01
-7.674823950344268342e-01
-7.774127057117271589e-01
-7.786687243489384125e-01
-7.784992877532742606e-01
-7.785381786229856882e-01
-7.764442667721294100e-01
-7.686615638184381982e-01
-7.737866297539249816e-01
-7.715044759515538031e-01
-7.727698026352354255e-01
-7.737602502601624854e-01
-7.774067551925313291e-01
-7.603780543848162043e-01
-7.599685873873565090e-01
-7.785162893946018237e-01
-7.737608197576890667e-01
-7.784463995388491986e-01
-7.738187715640454378e-01
-7.628444084279619730e-01
-7.765858984851250479e-01
-7.564386797621422964e-01
-7.782002829709250280e-01
-7.615801905903754054e-01
-7.732468026163665797e-01
-7.781123132327050218e-01
-7.665492806703715356e-01
-7.780488484897980506e-01
-7.774716643192962628e-01
-7.784859876249895505e-01
-7.498684176087410114e-01
-7.758368850159138574e-01
-7.693342916650680596e-01
-7.638849038145891779e-01
-7.640700953755682479e-01
-7.548338362756812359e-01
-7.390388458271057726e-01
-7.764178434893871383e-01
-7.786169081496271405e-01
-7.786246992253552657e-01
-7.473902921810542388e-01
-7.609022558739710895e-01
-7.786270225624892793e-01
-7.766600357844685165e-01
-7.785212344276277729e-01
-7.739681356388512512e-01
-7.784836646328663345e-01
-7.695584901076262252e-01
-7.581243154085756109e-01
-7.689052240733655896e-01
-7.786241797587794000e-01
-7.786789252007042528e-01
-7.753770602949847657e-01
-7.639147626775775191e-01
-7.773534039484735203e-01
-7.656149693892870811e-01
-7.748947467941444955e-01
-7.737089460284504172e-01
-7.787192214452816064e-01
-7.782593439493733500e-01
-7.759009538253605065e-01
-7.644286151940397067e-01
-7.773332004207217372e-01
-7.781856631216711451e-01
-7.724146820410403569e-01
-7.778028230947788835e-01
-7.590690730162642508e-01
-7.663908046669178908e-01
-7.777961348531634567e-01
-7.726461173357850321e-01
-7.688645959330656643e-01
-7.706628582568462171e-01
-7.785466212131844088e-01
-7.741406948179823111e-01
-7.699122870588867018e-01
-7.786590234217354300e-01
-7.779146079018182114e-01
-7.786448129881837765e-01
-7.702964944136984071e-01
-7.774007076183917508e-01
-7.582579843650150142e-01
-7.703349848737157668e-01
-7.786303412368069665e-01
-7.661217133814565150e-01
-7.774739621474552331e-01
-7.673036724312637391e-01
-7.785549174685032492e-01
-7.782595679322154014e-01
-7.639940454717686347e-01
-7.786501428728725971e-01
-7.532963787999736871e-01
-7.782379476575977950e-01
-7.785902019791310913e-01
-7.786428632527268023e-01
-7.505724535561296706e-01
-7.626975091131918960e-01
-7.781767233148707552e-01
-7.786791756135263975e-01
-7.780811052268166161e-01
-7.710316619320506382e-01
-7.744508738493590672e-01
-7.554471732520680050e-01
-7.619764299124832663e-01
-7.763610304391140859e-01
-7.681133742476249360e-01
-7.783092060762487607e-01
-7.693180094981584283e-01
-7.770077551806324756e-01
-7.774405913932997958e-01
-7.547464865389890143e-01
-7.672609569706129173e-01
-7.756392300789793914e-01
-7.777196561977061107e-01
-7.587840897966056097e-01
-7.741096403959816241e-01
-7.782837744967215921e-01
-7.758948172373123509e-01
-7.785562131324758051e-01
-7.710301420442770004e-01
-7.773613847300350210e-01
-7.734515148866119016e-01
-7.784161234882202018e-01
-7.704948046991035859e-01
-7.756325757423612188e-01
-7.644860044768407858e-01
-7.783148551597266485e-01
-7.694964207555865521e-01
-7.747506644850888913e-01
-7.783681659428134392e-01
-7.775200319693753581e-01
-7.606851263247050854e-01
-7.550157207593004571e-01
-7.582896455125177626e-01
-7.758776098861555059e-01
-7.723577817658334732e-01
-7.779366504700896412e-01
-7.732652303185172382e-01
-7.779594194157528619e-01
-7.666926276320088496e-01
-7.773307572546875877e-01
-7.783416089671861826e-01
-7.786451451609043284e-01
-7.737349136795542703e-01
-7.722611644395771524e-01
-7.786677007727629274e-01
-7.776778495863642116e-01
-7.781765635480157872e-01
-7.616542045818055495e-01
-7.744687826309429868e-01
-7.690968732291137977e-01
-7.785726876532106377e-01
-7.762972636694317474e-01
-7.617057790633127157e-01
-7.768006990332696482e-01
-7.786233316474671096e-01
-7.717835261459626839e-01
-7.786719877533072598e-01
-7.536471154297349484e-01
-7.786226583470065021e-01
-7.689711480032987989e-01
-7.751128972315766141e-01
-7.781860540333774834e-01
-7.746592848376302465e-01
-7.769308263025531680e-01
-7.780565602305945516e-01
-7.786959669970149323e-01
-7.785745742596962282e-01
-7.647911587002638178e-01
-7.781658275086443810e-01
-7.786729804895086149e-01
-7.718182944149949432e-01
-7.769884975311283082e-01
-7.775744634955628065e-01
-7.768187734407255851e-01
-7.624209492327572724e-01
-7.543355484366814911e-01
-7.648115534738496590e-01
-7.786259286333742091e-01
-7.779358196937607994e-01
-7.745212461477227750e-01
-7.766510329157153558e-01
-7.780728397584937284e-01
-7.672436935295133820e-01
-7.772957836418404876e-01
-7.750533545404998392e-01
-7.784961722517810268e-01
-7.694125246010955488e-01
-7.785386968775754868e-01
-7.778349573929338456e-01
-7.772074739529076792e-01
-7.756728165289521471e-01
-7.783123215517646631e-01
-7.472866979094421325e-01
-7.786470686473421221e-01
-7.738413235488988962e-01
-7.782023957592103525e-01
-7.782673547789387136e-01
-7.630678420451515453e-01
-7.786322471862967554e-01
-7.763998033529145859e-01
-7.769330566977595831e-01
-7.780239827628013805e-01
-7.679146058785857321e-01
-7.711961805206432041e-01
-7.623338320648711530e-01
-7.771878814796787660e-01
-7.786551364928570029e-01
-7.699175761936413176e-01
-7.685407486876942862e-01
-7.761307001214773349e-01
-7.786436759750887671e-01
-7.757252246057932954e-01
-7.579685184649586072e-01
-7.692957564340731080e-01
-7.743654630630883995e-01
-7.637268321038004348e-01
-7.692414593287639768e-01
-7.783056064901666682e-01
-7.780999016506975341e-01
-7.783272058027673745e-01
-7.775692587607402340e-01
-7.628453887881671003e-01
-7.767941021215891695e-01
-7.570104022260412124e-01
-7.782701865206723690e-01
-7.784844521942195783e-01
-7.579094400594973413e-01
-7.690208611693013507e-01
-7.775276471412391199e-01
-7.749993460719694083e-01
-7.751941814731476699e-01
-7.781517264279864676e-01
-7.630412776825290511e-01
