-5.810498689492221702e-01
-6.232128572841163505e-01
-5.630826541413541664e-01
-6.090947260339732994e-01
-5.878113155444141258e-01
-5.591919907559629310e-01
-5.810696390648361076e-01
-5.665594340492959846e-01
-5.640334245939727653e-01
-6.236741488059039940e-01
-5.340589937944885124e-01
-6.159357746322627891e-01
-5.974023306001897682e-01
-6.215039660413738121e-01
-5.848727553342457641e-01
-5.969633666058059562e-01
-6.236107741673465599e-01
-5.817942378302093376e-01
-6.199817267437454094e-01
-6.237402838845725883e-01
-5.543602091451164116e-01
-5.591919907559629310e-01
-5.784969368209119667e-01
-6.054377463837142814e-01
-4.885463250060554374e-01
-5.712682754923578132e-01
-6.237800737102504600e-01
-5.464507696409698356e-01
-5.625421852995630134e-01
-6.231684741755004753e-01
-5.759741460164066185e-01
-5.592477769781823982e-01
-5.725870468844648231e-01
-5.856677164514537681e-01
-6.227718387921329368e-01
-6.237623711307521690e-01
-5.322850887854572166e-01
-5.926694926996703972e-01
-6.143636015434738029e-01
-5.878564306725736488e-01
-5.876551252980705131e-01
-5.938360226531501640e-01
-5.954149161656375755e-01
-5.434858334441657890e-01
-6.177546159555192817e-01
-5.830366780241008628e-01
-6.240452286978240837e-01
-6.183288973947044243e-01
-6.071643737335677971e-01
-6.190123056252475608e-01
-5.984973182161327232e-01
-6.240522545953269828e-01
-6.107030437518831123e-01
-5.083965418119903434e-01
-5.862781648715015281e-01
-4.157512990017410148e-01
-6.239508186657901634e-01
-5.493332800646301139e-01
-6.207125169415946830e-01
-5.613480397691007484e-01
-6.193483826895233024e-01
-6.232287754495616783e-01
-5.451889765639778007e-01
-5.924776821588154663e-01
-5.503569898386474479e-01
-5.919748499249096740e-01
-5.719722864408965934e-01
-5.649361816425796379e-01
-6.117967275162216056e-01
-6.159106699009414543e-01
-5.782086496432300438e-01
-5.533158612628455986e-01
-6.234619227428909172e-01
-5.680852533509012092e-01
-5.307388101895328392e-01
-5.782889352370973457e-01
-6.184698847313400139e-01
-5.765988250453945030e-01
-6.154168174793001045e-01
-6.232440081615920890e-01
-5.552348067243572105e-01
-5.355276373405929435e-01
-6.177546159555192817e-01
-5.921735708792682518e-01
-6.170971711357112754e-01
-6.039956567068572868e-01
-6.191802752395149101e-01
-5.853808895875688423e-01
-6.236995701869006981e-01
-5.941054607932444442e-01
-5.890644268323655952e-01
-5.935748164732929100e-01
-6.238626298685546745e-01
-6.034999993820663322e-01
-6.238067281623359550e-01
-5.925256145377632011e-01
-6.109581907470699180e-01
-6.238915194948192466e-01
-6.240445059915061821e-01
-5.560716801513906349e-01
-6.189000775297160972e-01
-5.609209706266399253e-01
-6.241334957261558403e-01
-6.216336881001468528e-01
-6.231159997363563408e-01
-6.061049719532008995e-01
-6.149932370712037910e-01
-5.526180249829765190e-01
-6.240325105567451347e-01
-5.653196872402902473e-01
-6.136582401772018303e-01
-5.464361814041610588e-01
-5.838271864880796302e-01
-5.667493586619373191e-01
-6.239666586001392234e-01
-5.528962594647880424e-01
-5.652245898921962608e-01
-6.222377811749454368e-01
-5.974023306001897682e-01
-5.984125585486169685e-01
-6.010692139347072471e-01
-5.865389016647811760e-01
-6.035844032843585838e-01
-5.520246979971404899e-01
-6.103649829705234398e-01
-6.169523672391649116e-01
-5.504590851445670951e-01
-6.223436725516792167e-01
-5.934423162792797912e-01
-5.559855402638193000e-01
-5.812279750783916343e-01
-6.234142986317153801e-01
-6.038242765893216957e-01
-6.222348158438678611e-01
-6.230147202690120567e-01
-5.551649165530677665e-01
-5.083965418119903434e-01
-6.174434517701145042e-01
-6.222377811749454368e-01
-5.410136041422363151e-01
-6.044738461454387535e-01
-5.767159593482490409e-01
-5.717336629708286155e-01
-6.115993225206609596e-01
-5.721177962799545158e-01
-5.920086764921422828e-01
-5.468417127807613243e-01
-6.239913386483665336e-01
-6.196145956595416893e-01
-5.407749247928138603e-01
-5.603137445827003349e-01
-6.143636015434738029e-01
-6.234619227428909172e-01
-5.573961400617833961e-01
-6.236000267048354972e-01
-5.970247593899246086e-01
-5.616542344172473777e-01
-6.214132365961547722e-01
-5.637925249715324272e-01
-6.067639515926118721e-01
-5.528962594647880424e-01
-6.241229568799014915e-01
-6.143011246998782982e-01
-5.439532679696555961e-01
-5.521400851388450493e-01
-5.920955446739669670e-01
-5.632505902280088295e-01
-5.900762976338144172e-01
-6.134661716599937309e-01
-5.911445227642532219e-01
-6.133827642728563179e-01
-5.935748164732929100e-01
-5.887407102813001503e-01
-5.528962594647880424e-01
-6.226095651467319358e-01
-5.728131626923557151e-01
-5.779623055090185035e-01
-5.977977664400812019e-01
-6.240445059915061821e-01
-6.228350904961105217e-01
-5.680817031492467750e-01
-6.105849706758733619e-01
-5.233637822051521171e-01
-6.238224898655887474e-01
-5.920768502359267105e-01
-5.756188110639329780e-01
-6.180536692221637596e-01
-5.712682754923578132e-01
-5.961802360792632927e-01
-6.138842479516740669e-01
-6.197892782469268669e-01
-5.506252926965232719e-01
-5.958188344915386070e-01
-5.285903942962165702e-01
-6.033867021282192100e-01
-6.235510465879913200e-01
-5.766668600221153129e-01
-5.879300107439037193e-01
-6.238543969769950737e-01
-5.802809895207162727e-01
-6.161166207124467720e-01
-6.197892782469268669e-01
-5.660224036504503120e-01
-5.984973182161327232e-01
-5.763861081753846038e-01
-5.818261579801317085e-01
-6.163323075701471199e-01
-6.121077408273692955e-01
-6.175279376287933220e-01
-4.220931736011978019e-01
-6.067639515926118721e-01
-6.229408403118129600e-01
-5.974023306001897682e-01
-6.230374072869296898e-01
-5.022207108517166008e-01
-5.456236583371635307e-01
-6.152386275310989250e-01
-6.208342147250648368e-01
-6.208342147250648368e-01
-6.235098821301933159e-01
-5.779071805258270134e-01
-6.239496004958625663e-01
-5.563619156558986534e-01
-6.235405561705108513e-01
-6.033872013171192039e-01
-6.241455172379489769e-01
-6.158119552959676613e-01
-6.231987347085948814e-01
-6.232891735811706413e-01
-5.952319187303062309e-01
-5.813941099871869911e-01
-5.914275144417758812e-01
-5.911445227642532219e-01
-5.810354464878316749e-01
-5.868461710591789116e-01
-5.889462624867435325e-01
-5.797967893262382377e-01
-5.815378410001273979e-01
-6.054377463837142814e-01
-5.793495691572304596e-01
-6.199984681983466972e-01
-5.931501222033973564e-01
-5.859902893383975853e-01
-5.997288675238366951e-01
-6.206384879727836479e-01
-5.630132314939971794e-01
-5.698533934731956352e-01
-6.179695503045793403e-01
-5.878113155444141258e-01
-5.727065411587234367e-01
-5.929801651467557777e-01
-5.878113155444141258e-01
-6.235962343593116630e-01
-6.238377523799415458e-01
-5.857320429016824592e-01
-5.938360226531501640e-01
-5.504017603774543632e-01
-6.232499723513599266e-01
-6.238047388573165764e-01
-5.952319187303062309e-01
-5.754443128784175743e-01
-5.592455771942611564e-01
-5.562159420181985725e-01
-6.137677897890086998e-01
-6.093197968979354728e-01
-5.449001175542350639e-01
-6.185549666364665855e-01
-5.636222270508285392e-01
-5.494294856865878929e-01
-6.222012472529884208e-01
-6.011090670903201927e-01
-5.102434364338394035e-01
-6.239237320800300468e-01
-5.972523094345804084e-01
-6.033867021282192100e-01
-6.233616528292175163e-01
-4.908752498407836784e-01
-5.658796244491811622e-01
-5.258287099380966056e-01
-5.692059566457744468e-01
-5.931501222033973564e-01
-5.474567954619403709e-01
-6.238547397037025322e-01
-5.743536615003820289e-01
-5.569919218500133384e-01
-5.761498213936563362e-01
-6.237614509840484489e-01
-6.098572780569072593e-01
-5.931501222033973564e-01
-6.182617266853328575e-01
-6.186335739870544304e-01
-6.106594150145526756e-01
-5.962076467652793754e-01
-5.855510589857574333e-01
-5.364659373839374412e-01
-5.749550500144239296e-01
-5.651189872254606117e-01
-5.872486253459926475e-01
-5.846110229571338524e-01
-5.628293176372524131e-01
-5.553429630775924553e-01
-6.233388987560745109e-01
-6.239496004958625663e-01
-6.191802752395149101e-01
-6.170493719358917106e-01
-5.590155349303956855e-01
-5.887660329421039451e-01
-4.908752498407836784e-01
-5.593146440763946403e-01
-6.189000775297160972e-01
-6.182127093155856956e-01
-5.466996451099391807e-01
-5.466996451099391807e-01
-5.466996451099391807e-01
-5.149923023958679069e-01
-5.766668600221153129e-01
-5.961370208491559852e-01
-5.875206739832635749e-01
-5.650917255510564674e-01
-6.180536692221637596e-01
