-5.912593312394802680e-01
-5.941822456960563770e-01
-5.947262207345103135e-01
-5.955494528469627014e-01
-5.894125064668243041e-01
-5.975421087649648300e-01
-5.947356501427476516e-01
-5.929860624318008533e-01
-5.888102164325301757e-01
-5.957847212274556270e-01
-5.976247450170104614e-01
-5.833891581577246299e-01
-5.845620844346468559e-01
-5.904600527436469903e-01
-5.875621175226752868e-01
-5.958480481357311120e-01
-5.893465185371224990e-01
-5.960635512900536170e-01
-5.864570818674748054e-01
-5.974180491474454513e-01
-5.907038026788269391e-01
-5.945966407024299016e-01
-5.866348527205174079e-01
-5.933962904681449047e-01
-5.842054623943750968e-01
-5.885513827969317546e-01
-5.975665503946130386e-01
-5.862189440821294895e-01
-5.835528492760841957e-01
-5.978233234790151229e-01
-5.974974080753510108e-01
-5.795439498332326522e-01
-5.955231942069714179e-01
-5.970772661102001777e-01
-5.910683074333702436e-01
-5.974753198978488555e-01
-5.962750807237808814e-01
-5.956888797526245227e-01
-5.978683263828044048e-01
-5.890032674950544944e-01
-5.939828846902583948e-01
-5.852382041347210517e-01
-5.974116318692450633e-01
-5.854288430717771163e-01
-5.973216814753596893e-01
-5.950940361079757324e-01
-5.940150462855582347e-01
-5.941166554410939327e-01
-5.969500462823544851e-01
-5.952258056794290653e-01
-5.874577516523187271e-01
-5.949648821559732070e-01
-5.970352802258913627e-01
-5.877165578139011970e-01
-5.978398660962467304e-01
-5.975339429286306014e-01
-5.945226000920866838e-01
-5.972748797220175376e-01
-5.974912776445036044e-01
-5.891559191812758556e-01
-5.975937007759695163e-01
-5.942656342239116540e-01
-5.777453396302645316e-01
-5.948173315563236585e-01
-5.977918610741381755e-01
-5.898746338506226650e-01
-5.951762234625403991e-01
-5.952648604587649217e-01
-5.856715718117539993e-01
-5.937755068597381225e-01
-5.970520989802663436e-01
-5.950828611684029212e-01
-5.938001873736267200e-01
-5.959148495757018438e-01
-5.973119659182613006e-01
-5.975872034040277114e-01
-5.862868430857544055e-01
-5.837879504841749778e-01
-5.959108423274939170e-01
-5.956762160939161888e-01
-5.964387262073342910e-01
-5.978621843104248157e-01
-5.978049699050371757e-01
-5.972673578952436557e-01
-5.935591489841227641e-01
-5.974054856059138885e-01
-5.964958712291901222e-01
-5.949146498759274593e-01
-5.940762025137429347e-01
-5.972120499071662536e-01
-5.959615321197544446e-01
-5.935075274036263338e-01
-5.978025456723754516e-01
-5.969948608261530509e-01
-5.967646111101840845e-01
-5.846853002739136329e-01
-5.957327899822031370e-01
-5.939771023412232509e-01
-5.978178039957766643e-01
-5.978454861623232475e-01
-5.955323966053311935e-01
-5.976681032051329723e-01
-5.974005514589135757e-01
-5.969159708191638103e-01
-5.916958593596701732e-01
-5.884037453514521232e-01
-5.940648855474774948e-01
-5.834445308727209678e-01
-5.857231647540812602e-01
-5.903239762709473482e-01
-5.846411974933927169e-01
-5.957403367218558898e-01
-5.824865063485686889e-01
-5.924103497826491704e-01
-5.869123514574949851e-01
-5.870859625582580676e-01
-5.884787512776439300e-01
-5.965261247773652187e-01
-5.923668318727051130e-01
-5.878671773542647472e-01
-5.945786896926348319e-01
-5.972196839583103767e-01
-5.978573670444076171e-01
-5.846882432532494178e-01
-5.975897016768341174e-01
-5.977762497794811836e-01
-5.919804852754806390e-01
-5.978366507050578704e-01
-5.977985447105949035e-01
-5.919550720435564628e-01
-5.961967502088283410e-01
-5.861283408311193099e-01
-5.973930589688007942e-01
-5.978025819939558616e-01
-5.974368907344524970e-01
-5.961290416606699338e-01
-5.880519252103750816e-01
-5.930597903505896440e-01
-5.974366821181957832e-01
-5.901853179392402282e-01
-5.957540436946784368e-01
-5.878015070055608859e-01
-5.974847234618847480e-01
-5.829796742481176963e-01
-5.956125376113687864e-01
-5.975297501143996826e-01
-5.868148699236099830e-01
-5.936341655041088572e-01
-5.855942124334161392e-01
-5.954793568533842674e-01
-5.974792631176297775e-01
-5.960685639009808412e-01
-5.971852664669041744e-01
-5.975632060152475944e-01
-5.933174055834298244e-01
-5.959909253587012401e-01
-5.881878987719302287e-01
-5.939204939940010419e-01
-5.929458656181578746e-01
-5.973001008686606994e-01
-5.949303848036562314e-01
-5.975572390315120330e-01
-5.978332858365957847e-01
-5.960192901846950164e-01
-5.944654515777711978e-01
-5.916179090571587196e-01
-5.978323764001016727e-01
-5.953889962119047752e-01
-5.892367426139299980e-01
-5.973241280597632041e-01
-5.943747742866163364e-01
-5.972529424187724700e-01
-5.978366860953157058e-01
-5.966511287559752574e-01
-5.893931764011268726e-01
-5.975007161331360450e-01
-5.974996404555623641e-01
-5.978283949960951915e-01
-5.863398320806210151e-01
-5.897201635242437234e-01
