-5.912597007172580854e-01
-5.941825300160403778e-01
-5.947271285757650405e-01
-5.955499166295981084e-01
-5.894129792484472663e-01
-5.975428363657341313e-01
-5.947354727520370865e-01
-5.929869161662228993e-01
-5.888117219603348218e-01
-5.957846925876379984e-01
-5.976253148423500416e-01
-5.833919588360135799e-01
-5.845650114779696871e-01
-5.904595753711828765e-01
-5.875607037071284289e-01
-5.958486923311356875e-01
-5.893452447509538450e-01
-5.960647098133052824e-01
-5.864599577859848090e-01
-5.974187457965949299e-01
-5.907047213569001087e-01
-5.945978704357731681e-01
-5.866376089889941969e-01
-5.933981873532457874e-01
-5.842023515128332845e-01
-5.885544742113615335e-01
-5.975673666979859355e-01
-5.862167627516896573e-01
-5.835566064895310046e-01
-5.978241250153701891e-01
-5.974982327526283665e-01
-5.795490994816679953e-01
-5.955241447513344166e-01
-5.970777955869814857e-01
-5.910687795888944773e-01
-5.974762594713128872e-01
-5.962754522797045764e-01
-5.956892705094324336e-01
-5.978691003581588781e-01
-5.890017662883935134e-01
-5.939839142088734203e-01
-5.852403493994892125e-01
-5.974123909957050893e-01
-5.854278651955855395e-01
-5.973224062321277339e-01
-5.950949493777472066e-01
-5.940170599961994702e-01
-5.941173877164513950e-01
-5.969509208810976908e-01
-5.952265010458671624e-01
-5.874562696211763635e-01
-5.949653703470233479e-01
-5.970359372916836938e-01
-5.877185247440988025e-01
-5.978406136490922451e-01
-5.975346612883222219e-01
-5.945229267060891942e-01
-5.972755110398823009e-01
-5.974920436256146994e-01
-5.891560410652438851e-01
-5.975944526611982610e-01
-5.942664192375157750e-01
-5.777406187380802471e-01
-5.948180807755529820e-01
-5.977925360417845058e-01
-5.898762361496213691e-01
-5.951773976023768675e-01
-5.952659736330945250e-01
-5.856680125683101368e-01
-5.937767455426115060e-01
-5.970528191230968229e-01
-5.950836553488186853e-01
-5.938016668515416763e-01
-5.959153212625103446e-01
-5.973128099058546692e-01
-5.975880232483790078e-01
-5.862886318548414799e-01
-5.837895623320578098e-01
-5.959116104205036679e-01
-5.956768013114652760e-01
-5.964393458598060693e-01
-5.978629376081188163e-01
-5.978057114991938148e-01
-5.972681833347619484e-01
-5.935590156478298685e-01
-5.974061493507295539e-01
-5.964968170855414753e-01
-5.949158024309025850e-01
-5.940773385116956407e-01
-5.972127821943532533e-01
-5.959623798726606525e-01
-5.935095292596581640e-01
-5.978033202691023229e-01
-5.969954171302879198e-01
-5.967653631544358461e-01
-5.846877338472121766e-01
-5.957332855610235622e-01
-5.939787534950368153e-01
-5.978185683678288731e-01
-5.978462606235388499e-01
-5.955330515471700670e-01
-5.976687517364120961e-01
-5.974014031685556114e-01
-5.969166006797266277e-01
-5.916970112683308525e-01
-5.884027170384771299e-01
-5.940645845869494401e-01
-5.834421269876578497e-01
-5.857283436897617879e-01
-5.903258734117653450e-01
-5.846388010625913623e-01
-5.957414793304125489e-01
-5.824923098130316834e-01
-5.924121937687513162e-01
-5.869136466978475131e-01
-5.870855984954755913e-01
-5.884798674464080115e-01
-5.965271003501630975e-01
-5.923666956903812508e-01
-5.878654122289103112e-01
-5.945796447074495061e-01
-5.972205717460821184e-01
-5.978581409959821125e-01
-5.846926615922641846e-01
-5.975904043154438572e-01
-5.977769344483314651e-01
-5.919826173814806136e-01
-5.978373764357053366e-01
-5.977992696263639827e-01
-5.919552297745034330e-01
-5.961970852757679795e-01
-5.861278403932568271e-01
-5.973937302737244437e-01
-5.978032285121884781e-01
-5.974377114663329547e-01
-5.961297833499205057e-01
-5.880523974494167305e-01
-5.930615505721759106e-01
-5.974374669095435797e-01
-5.901865804498652723e-01
-5.957552422473425535e-01
-5.878051559843918694e-01
-5.974855474568474545e-01
-5.829784814647694935e-01
-5.956133397195571000e-01
-5.975304933746639069e-01
-5.868160615043941375e-01
-5.936346470479508808e-01
-5.855996738583032490e-01
-5.954804032225230470e-01
-5.974800150602807003e-01
-5.960692092546822085e-01
-5.971862313457310112e-01
-5.975639187797721075e-01
-5.933176642470555651e-01
-5.959920499217733481e-01
-5.881865498274522208e-01
-5.939218198378484193e-01
-5.929466886466194797e-01
-5.973008744654557667e-01
-5.949312345005061120e-01
-5.975580776544825445e-01
-5.978340098074087505e-01
-5.960197847364578916e-01
-5.944652090825497393e-01
-5.916198865233922577e-01
-5.978331149871293215e-01
-5.953895648306428701e-01
-5.892331493081817140e-01
-5.973248611471470015e-01
-5.943745332125239811e-01
-5.972536463974794652e-01
-5.978374543766384885e-01
-5.966517860248251592e-01
-5.893955917284392498e-01
-5.975014471050600351e-01
-5.975003118749711017e-01
-5.978290484304067398e-01
-5.863399019945985113e-01
-5.897208651456772310e-01
