-5.431178050237126520e-01
-6.234297228026050020e-01
-5.888464219363890306e-01
-5.790273018385796444e-01
-5.681735807133935223e-01
-5.306370185269400075e-01
-6.185501201615822842e-01
-6.209236397794301032e-01
-5.650674127672032920e-01
-6.239634333840610170e-01
-5.791489900776513045e-01
-5.633928425728318423e-01
-5.765844976285267043e-01
-6.171262197985178943e-01
-6.010859400943401321e-01
-5.550500512319432866e-01
-6.112121574159707915e-01
-6.240489214762675596e-01
-6.071797031272131440e-01
-5.622535326237269038e-01
-6.180237829941682692e-01
-5.808881029420668307e-01
-5.102725383227852962e-01
-6.138818339445017980e-01
-5.341145293063129795e-01
-5.922494592107462319e-01
-5.530529019111534161e-01
-6.122571651519965741e-01
-6.223362121186142293e-01
-6.103817227492949193e-01
-5.842357405869972320e-01
-6.236571214196070523e-01
-6.239617309394175360e-01
-6.065087660781606216e-01
-6.231324400448549072e-01
-5.919634348789304390e-01
-6.232326661721575567e-01
-6.090742660955139609e-01
-6.230038355363227698e-01
-6.239649650808181125e-01
-6.237842371472760439e-01
-6.185853841182148427e-01
-5.752843717568262294e-01
-6.240667628329137351e-01
-5.931917107004113232e-01
-5.788093180069993071e-01
-6.232104795430540856e-01
-5.399732526903940899e-01
-5.962607508595428873e-01
-5.994625309107949329e-01
-5.320796674069159238e-01
-6.199976207506691095e-01
-5.433262259149519435e-01
-6.237735426298854913e-01
-5.821502399283339235e-01
-6.215622922064643063e-01
-5.438825237933027079e-01
-5.658323854085631766e-01
-6.238287431664778504e-01
-6.071797031272131440e-01
-6.084782524461982423e-01
-5.862143734206360923e-01
-6.174991842073235260e-01
-5.972045652739521593e-01
-5.972460295166059918e-01
-5.937177621180643738e-01
-5.919179658544873046e-01
-6.180590362627688128e-01
-5.533512314071050708e-01
-5.953315193963307772e-01
-5.845686441200794725e-01
-6.180590362627688128e-01
-5.512539547049328803e-01
-6.216379773535577469e-01
-5.651741301153133668e-01
-5.368981560041212742e-01
-5.615491851685712188e-01
-5.889122680714197200e-01
-6.180590362627688128e-01
-6.241183420104225998e-01
-5.435732336881728965e-01
-6.061485130640884567e-01
-5.725336008875873128e-01
-6.190244277678568219e-01
-6.240070917929110283e-01
-5.723043059151200485e-01
-5.638222459012489640e-01
-6.239594672022760191e-01
-5.836624043173960219e-01
-5.800007551422129426e-01
-5.948577630806219929e-01
-6.045710581145620210e-01
-6.239024506321214636e-01
-5.389272409531749020e-01
-5.853755763186587746e-01
-6.072811787745729939e-01
-6.163576708640123858e-01
-5.906380281385557041e-01
-5.844066309404178927e-01
-6.235247030401418478e-01
-5.937177621180643738e-01
-6.238138667374358848e-01
-5.765931674985399491e-01
-5.914408045164782912e-01
-5.689729941660809365e-01
-5.799884083891346798e-01
-6.178683982872197333e-01
-5.567334709681690530e-01
-6.234066269731846077e-01
-5.916835502511742506e-01
-5.764359045390918812e-01
-5.651428743334510063e-01
-6.143638817505485683e-01
-5.431178050237126520e-01
-5.833507632531750309e-01
-5.961125548997973089e-01
4.710573986972053651e-01
-5.866627863397330112e-01
-5.165444075383409661e-01
-6.242154232592926899e-01
-5.792936228562551859e-01
-5.427466577503780032e-01
-6.188480657508070859e-01
-5.437585471090373712e-01
-5.974107897830132075e-01
-5.791792485843122451e-01
-6.040265497397763195e-01
-5.985311392833871924e-01
-6.189023697341076158e-01
-5.710359186658534592e-01
-6.143127639596716039e-01
-6.189000036030084528e-01
-5.786439753220838922e-01
-6.237566414194863906e-01
4.710573986972053651e-01
-6.230397929133836277e-01
-6.237126747658495729e-01
-5.590286495490139895e-01
-6.234742527907245480e-01
-5.613717653703580446e-01
-5.303427819977674096e-01
-5.587877756108881044e-01
-5.870469824085771116e-01
-6.241314826367992952e-01
-6.180590362627688128e-01
-6.238802129030424082e-01
-5.431178050237126520e-01
-6.180590362627688128e-01
-6.160981196528777515e-01
-5.523793782892174598e-01
-6.235262069109309691e-01
-5.844225842765995438e-01
-6.010925924989657387e-01
-5.816809298320350097e-01
-6.155545231073581425e-01
-5.361956059345476255e-01
-5.746105643930647933e-01
-5.827115909525663051e-01
-5.948577630806219929e-01
-5.844350428336010372e-01
-6.174611577319361055e-01
-6.172532794642395793e-01
-5.406998903025791448e-01
-6.159596222333397764e-01
-5.613350311088913802e-01
-6.037685372704527653e-01
-5.691760548976518841e-01
-6.214775841936021061e-01
-6.235109371642300058e-01
-6.237803295814110527e-01
-5.340415580150449371e-01
-5.621336577232163290e-01
-5.830182695817880401e-01
-6.232376898041072089e-01
-6.236250746213941598e-01
-6.096263302842099829e-01
-6.206710135967512532e-01
-5.865817326139561860e-01
-6.141628479853370459e-01
-5.830270755877008382e-01
-6.237763913495694146e-01
-5.767096804757367856e-01
-6.238404682980491778e-01
-5.644108238855827242e-01
-5.577274201882230775e-01
-6.238404682980491778e-01
-5.740634379604198090e-01
-4.157993499085688160e-01
-6.197967386753524544e-01
-6.138818339445017980e-01
-6.237516422364968172e-01
-6.061485130640884567e-01
-5.974107897830132075e-01
-5.747992648742352717e-01
-6.239820884710443050e-01
-5.903945687184847246e-01
-6.190244277678568219e-01
-5.844225842765995438e-01
-5.087237427682298474e-01
-5.165444075383409661e-01
-6.060306025040015365e-01
-5.878759730424027996e-01
-6.236315566331771532e-01
-5.493576219210524192e-01
-5.704701413512137664e-01
-6.185853841182148427e-01
-6.232326661721575567e-01
-6.152523780095358052e-01
-5.318771457739164266e-01
-6.229388075456876450e-01
-6.001166710854028974e-01
-6.061485130640884567e-01
-6.102848455342558820e-01
-5.952112882590829823e-01
-6.199976207506691095e-01
-5.962607508595428873e-01
-5.919471341100268624e-01
-6.152523780095358052e-01
-5.780239658040792206e-01
-5.508947817309797212e-01
-6.239056853395683611e-01
-5.907267963041092917e-01
-5.843350659020184468e-01
-5.466543799655587677e-01
-5.541075069524654673e-01
-5.727638275463026174e-01
-5.320796674069159238e-01
-5.862143734206360923e-01
-5.878759730424027996e-01
-5.740325961052360482e-01
-6.239103315187874976e-01
-6.152523780095358052e-01
-5.972460295166059918e-01
-5.761279535179156808e-01
-5.625999079999712826e-01
-5.925412243859379258e-01
-5.656533629776105965e-01
-6.184888503639099921e-01
-6.049304111334194989e-01
-6.219237677125359909e-01
-5.294671213284394273e-01
-6.217943858476844277e-01
-6.217943858476844277e-01
-5.871171995770269048e-01
-5.872756457975089051e-01
-6.185052206437322564e-01
-5.761365892319966209e-01
-5.697359552600735899e-01
-6.184028942680481755e-01
-5.449869720514337601e-01
-6.220006227596852622e-01
-5.914630907345461708e-01
-5.620135163858788196e-01
-5.990318029704626568e-01
-6.223345326139665401e-01
-6.111695891282414861e-01
-5.855050056444868201e-01
-6.033762011961882887e-01
-5.798099032397555641e-01
-6.237411908459438159e-01
-6.228903502746696574e-01
-5.674174049929543440e-01
-6.199976207506691095e-01
-5.053654928218899167e-01
-6.099614360975389449e-01
-5.277554988938986114e-01
-5.465951331372472799e-01
-5.780239658040792206e-01
-5.738378481699224487e-01
-6.233931880130043623e-01
-6.236544261527583455e-01
-6.237124866520286082e-01
-6.240189509163636128e-01
-6.241378847446484857e-01
-6.238685649804036615e-01
-5.897161516074449494e-01
-6.238668610387901881e-01
-6.055999451445509552e-01
-6.232376898041072089e-01
-6.231905187200776908e-01
-5.516687389071438519e-01
-5.699030284296157101e-01
-6.142894261724544114e-01
-5.972460295166059918e-01
-6.143638817505485683e-01
-6.239025673550427920e-01
-6.085442942050258708e-01
-6.064017750382469929e-01
-6.236687961411676584e-01
-5.919634348789304390e-01
-5.814917623152519033e-01
-6.225317661892512122e-01
-6.235670718920439670e-01
-6.136774311699954021e-01
-5.781460538008230676e-01
-5.597787441623846005e-01
-5.860488308948275105e-01
-6.242240999552856051e-01
-6.180590362627688128e-01
-6.180590362627688128e-01
-6.103817227492949193e-01
-6.068214575134999178e-01
-5.412954830872552803e-01
-6.052987196330120723e-01
-6.195465388966772124e-01
-5.720102887247429102e-01
-5.606864099649266908e-01
-5.931917107004113232e-01
-5.662074504787172335e-01
-5.595644637408526689e-01
-6.238449008854516364e-01
-5.958735674921006309e-01
-6.237566414194863906e-01
-5.705629673434847726e-01
-5.572737761233376164e-01
-5.901543391818474538e-01
-5.952112882590829823e-01
-5.644427725719062261e-01
-5.632567504513528167e-01
-6.222006517837163075e-01
