-5.472592576829323763e-01
-5.771735101429352754e-01
-5.125762331721911425e-01
-5.087534073231348986e-01
-5.679201609877476686e-01
-5.561257820067534441e-01
-5.016182563690075868e-01
-5.769669725982079500e-01
-5.320526543495783800e-01
-5.562568917361626619e-01
-5.634421329436430925e-01
-5.670242435721287722e-01
-5.022831052032837862e-01
-5.507118790832886690e-01
-5.701257563618550295e-01
-5.507154944775233263e-01
-5.225886493412384981e-01
-5.740822717038521761e-01
-5.479627415028939241e-01
-5.216530370948443407e-01
-5.284570507196316713e-01
-5.371948401866087908e-01
-5.640085875479111666e-01
-5.048767864195237154e-01
-4.734754874793419832e-01
-5.640085875479111666e-01
-5.767720281568894380e-01
-4.997292398897538179e-01
-5.564442738381752962e-01
-4.976513549176583284e-01
-5.769450045613179201e-01
-5.430079219353923792e-01
-5.769979521123299593e-01
-4.790648981419930452e-01
-5.771093345669636721e-01
-5.441580950704941744e-01
-5.768862828103432649e-01
-5.297950753433237070e-01
-5.762674748388657564e-01
-5.139839104799160951e-01
-5.570562384513745302e-01
-5.604665945706496233e-01
-5.046624034134278292e-01
-5.405864972112307543e-01
-5.194423548368344301e-01
-5.226261425254473680e-01
-5.731930262831578249e-01
-5.371368132022747988e-01
-5.480356100437769884e-01
5.200183377178778654e-01
-5.674932836977372164e-01
-4.958699359980950350e-01
-5.478607458484897608e-01
-5.684567499396929735e-01
-5.324769611892828935e-01
-5.348883509127030367e-01
-5.367262228814492220e-01
-5.317663862792382234e-01
-4.866637341169247621e-01
-5.667213178662190431e-01
-5.420283428815731996e-01
-4.986417307940850252e-01
-5.557142622259984011e-01
-5.593040860680470461e-01
-5.738339736548790926e-01
-5.772187500683197969e-01
-5.429731081662306780e-01
-5.772316246715912813e-01
-5.432302239773402208e-01
-4.785467437890896791e-01
-5.764273419467339510e-01
-5.715572587636837953e-01
-5.748224645344147676e-01
-5.478577590969929689e-01
-5.618227511135468477e-01
-5.468497272071967119e-01
-4.921439527956376070e-01
-5.581734679130444521e-01
-5.371742290867099756e-01
-4.866202748803029055e-01
-5.213285363701710695e-01
-5.255491822449097628e-01
-5.649940721181759828e-01
-5.185318584976325029e-01
-5.297950753433237070e-01
-5.449311002580056185e-01
-5.332172452894577974e-01
-5.219603307036290163e-01
-5.141673251477608675e-01
-5.768410913137326235e-01
-5.442570266736278528e-01
-5.765778921035656923e-01
-5.764893643049130434e-01
-5.575905754653344149e-01
-4.932625531641373628e-01
-5.710968799380192751e-01
-5.183059010145792955e-01
-5.038068010894188875e-01
-4.752857773987183565e-01
-5.206638011572489733e-01
-5.422497033563981050e-01
-5.766709312287697786e-01
-5.117637492207417482e-01
-5.421507764098772997e-01
-5.761217861858735079e-01
-5.767140738157162660e-01
-5.437743547794947618e-01
-5.699831224469075197e-01
-5.280113029716143602e-01
-5.251582279292473787e-01
-4.572130977598557466e-01
-5.422497033563981050e-01
-5.346316411582360262e-01
-4.871733948079476351e-01
-5.739276572553048128e-01
-5.761997565118203157e-01
-5.766094602135548586e-01
-5.767763904718289369e-01
-5.456613856790194506e-01
-5.496506835756430620e-01
-4.671980082479844087e-01
-5.449311002580056185e-01
-5.626897993919978136e-01
-5.390507332471737856e-01
-5.768598108974823946e-01
-5.754236071792969698e-01
-5.383375916121134752e-01
-5.672113779423365587e-01
-5.718714832750687593e-01
-5.176296527919898027e-01
-5.749745867637524599e-01
-5.756176799026856417e-01
-5.315716169265637392e-01
-5.762391477314362520e-01
-5.641127578405270571e-01
-5.179023198274502748e-01
-5.584652773527035707e-01
-5.764944418755898470e-01
-5.560011393813023561e-01
-5.147732100871930117e-01
-5.723428368059525484e-01
-5.128004528073201174e-01
-4.983889325944313997e-01
-4.787792130795845980e-01
-5.764429211107621187e-01
-5.480356100437769884e-01
-5.771208047357926363e-01
-5.236576176670918459e-01
-5.560011393813023561e-01
-5.253363191572556490e-01
-5.506750210610756868e-01
-5.537500358609089846e-01
-4.609861984340081209e-01
-5.720713898030648226e-01
-5.591111383823285097e-01
-5.575905754653344149e-01
-5.630024704573283190e-01
-5.515901088205704683e-01
-5.581734679130444521e-01
-5.769402697173485750e-01
-5.417864001778492922e-01
-5.764173730698952669e-01
-4.425122007218728060e-01
-5.399316517127284998e-01
-5.561257820067534441e-01
-5.767252943900952333e-01
-5.374210556460151667e-01
-5.150524131444821352e-01
-4.711754783479104036e-01
-4.615245028821358675e-01
-5.612622606990466112e-01
-5.612622606990466112e-01
-4.708533003417382234e-01
-5.582479103890786165e-01
-5.381491794673333162e-01
-5.739276572553048128e-01
-5.408080644396672243e-01
-5.772153004495034212e-01
-5.400750632820258135e-01
-5.743415705350766176e-01
-5.672113779423365587e-01
-5.586701515553126329e-01
-5.693549937991032595e-01
-5.506802672011384958e-01
-5.762817054478058809e-01
-5.760213486341366762e-01
-5.769105083731541628e-01
-5.726888864723572725e-01
-5.021306924013028139e-01
-4.790648981419930452e-01
-5.181645877150425905e-01
-5.331573463467488283e-01
-5.769669725982079500e-01
-5.602200716225037569e-01
-4.968961007384190554e-01
-5.532975695518383974e-01
-5.765814870087037081e-01
-5.648249756035933489e-01
-5.121716089037785524e-01
-4.933324880389103884e-01
-4.862498208371529573e-01
-5.762178018180260652e-01
-5.189657747236618990e-01
-5.755094229666123384e-01
-4.968961007384190554e-01
-5.626897993919978136e-01
-5.772447376934418672e-01
-4.892942919818291658e-01
-5.726841255513558382e-01
-5.640085875479111666e-01
-5.198143436995873445e-01
-5.503205010158548349e-01
-5.138344257561097139e-01
-5.572118810800442690e-01
-4.790648981419930452e-01
-5.481351889161000246e-01
-5.726888864723572725e-01
-5.207413933662304872e-01
-5.202028300104269976e-01
-5.707154251126179689e-01
-5.002526618031392092e-01
-5.722721233455071443e-01
-5.143053322521576876e-01
-5.254994123665223116e-01
-5.399211734024415010e-01
-5.413229815153012270e-01
-4.768650322643647188e-01
-5.761537342754731172e-01
-5.765519268301854128e-01
-5.376165709880719179e-01
-4.968961007384190554e-01
-5.591111383823285097e-01
-5.537500358609089846e-01
-5.770980469373593325e-01
-4.752857773987183565e-01
-5.404966413465867037e-01
-5.501468689603338236e-01
-5.116248461840281481e-01
-5.591111383823285097e-01
-5.561257820067534441e-01
-5.182600296524891847e-01
-5.182632594791779512e-01
-5.516020260242352480e-01
-4.972755364564785951e-01
-5.431091967461237902e-01
-5.770435310391316408e-01
-5.516020260242352480e-01
-5.171089652416834825e-01
-4.963250994173417086e-01
-4.705898478118309969e-01
-5.504008881238827700e-01
-5.260136719284186357e-01
-5.757888197389969820e-01
-5.687499414620528215e-01
-5.445075422016510958e-01
-5.725382357326874727e-01
-5.404966413465867037e-01
-5.711359433320889467e-01
-4.987444035200009340e-01
-5.709986328569779390e-01
-5.761199458924660677e-01
-5.055178530005345339e-01
-4.752857773987183565e-01
-5.769450045613179201e-01
-5.248622852800021166e-01
-5.504008881238827700e-01
-5.131284757939705843e-01
-4.752857773987183565e-01
-5.764893643049130434e-01
-5.764704361049065584e-01
-5.752199567345509523e-01
-5.634421329436430925e-01
-5.771513707426915163e-01
-5.673843822864422792e-01
-5.233681290832886690e-01
-5.537500358609089846e-01
-5.493645570663342470e-01
-5.709445453671345705e-01
-5.766936480490097994e-01
-4.433110966769585604e-01
-5.657331007955203050e-01
-5.501468689603338236e-01
-5.749847679821381563e-01
-5.044138334182629579e-01
-4.936303100971112245e-01
-5.272965762255320543e-01
-5.592062822965512270e-01
-5.393683272836337084e-01
-5.636008005080351824e-01
-5.390507332471737856e-01
-5.765005066481957430e-01
-5.478607458484897608e-01
-5.690478119490275377e-01
-5.771372816947827333e-01
-5.640085875479111666e-01
-5.581734679130444521e-01
-4.931195578960309023e-01
-5.766819953409562105e-01
-5.765778921035656923e-01
-5.709986328569779390e-01
-5.430632108313570017e-01
-5.766709312287697786e-01
-5.399614326146969789e-01
-5.769954636184105867e-01
-4.734754874793419832e-01
-5.371742290867099756e-01
-4.664231180635819429e-01
-5.102298479018340105e-01
-5.675447262314686769e-01
-5.683408449826369280e-01
-5.309483497825989717e-01
-5.759112476793656343e-01
-5.332820802418122286e-01
-5.402019652960429186e-01
-5.217915452507863039e-01
-4.975567064670453066e-01
-5.765268966046700472e-01
-5.763193681327233309e-01
-5.575905754653344149e-01
-5.349086919290552133e-01
