-5.472407207046902089e-01
-5.771792515538599622e-01
-5.125512956319200342e-01
-5.087908290872198425e-01
-5.678921853588838609e-01
-5.561228669385398504e-01
-5.015545333188166088e-01
-5.769694251817418795e-01
-5.319533089286156979e-01
-5.562166209650996063e-01
-5.634773944178201877e-01
-5.670742237861631230e-01
-5.022374997562100152e-01
-5.505911107513921099e-01
-5.701092554816503677e-01
-5.507778029651148044e-01
-5.225919502464021482e-01
-5.740947714881857733e-01
-5.478466788550342415e-01
-5.214899750802948208e-01
-5.284843912923551379e-01
-5.369926558120697857e-01
-5.640066356538789849e-01
-5.048494523421794833e-01
-4.729396775863672353e-01
-5.640066356538789849e-01
-5.767740373879756133e-01
-4.997739873677705669e-01
-5.564606535866966075e-01
-4.976798726560464070e-01
-5.769500676883024815e-01
-5.430617767167827958e-01
-5.770070253934492799e-01
-4.791662216914286399e-01
-5.771135542677492403e-01
-5.441867770024513273e-01
-5.768887673666481808e-01
-5.298147432547031244e-01
-5.762757651079734034e-01
-5.139551103381628794e-01
-5.569666055695470241e-01
-5.605427463085077555e-01
-5.046897559107091924e-01
-5.405783290964241150e-01
-5.194642531455497814e-01
-5.225888427379398182e-01
-5.731752104342485721e-01
-5.371393911219988215e-01
-5.479559983310461346e-01
5.193730420589576235e-01
-5.674702346374456141e-01
-4.958985394886293308e-01
-5.477504276004703243e-01
-5.685009930219336871e-01
-5.324310194951971109e-01
-5.349389413978543617e-01
-5.367128302712947940e-01
-5.317417576038679927e-01
-4.866758105729014905e-01
-5.667879835615109441e-01
-5.420659317722249515e-01
-4.986429082750300501e-01
-5.556203888329359630e-01
-5.593598015785238298e-01
-5.738633169514477661e-01
-5.772263266419945804e-01
-5.428913605209378934e-01
-5.772376644178672800e-01
-5.432236597175029713e-01
-4.785681658337144762e-01
-5.764241547225751328e-01
-5.715425894951446928e-01
-5.748350126914651970e-01
-5.478883239875123046e-01
-5.618538871443271576e-01
-5.469161819488562726e-01
-4.921439583362512415e-01
-5.581277694790197641e-01
-5.372320444744087542e-01
-4.862134557449938610e-01
-5.214247371707776413e-01
-5.255691401474404945e-01
-5.649261484708708592e-01
-5.186119854494298798e-01
-5.298147432547031244e-01
-5.448955498299938860e-01
-5.331581377159986257e-01
-5.219958965671304130e-01
-5.146172930892181085e-01
-5.768472544920443257e-01
-5.441682222353813048e-01
-5.765868197286637686e-01
-5.764966438582344033e-01
-5.577143220167691817e-01
-4.934276727091236880e-01
-5.710846887836125152e-01
-5.182988290124473929e-01
-5.038135561668544149e-01
-4.752583180414096109e-01
-5.206903882867538469e-01
-5.423195113751585472e-01
-5.766758322310229223e-01
-5.117799947246400860e-01
-5.422773117351210592e-01
-5.761199135183775466e-01
-5.767148869425486879e-01
-5.437751579316827399e-01
-5.700093514150298413e-01
-5.280253622257694568e-01
-5.251028241207515990e-01
-4.572726270088784961e-01
-5.423195113751585472e-01
-5.347782715081580429e-01
-4.869908527173349433e-01
-5.739275076168007805e-01
-5.762065882566408392e-01
-5.766127088308092841e-01
-5.767803451269011283e-01
-5.456434352911520014e-01
-5.493802106648668637e-01
-4.677398610870859841e-01
-5.448955498299938860e-01
-5.626743730720739078e-01
-5.390760034254309385e-01
-5.768702120775854869e-01
-5.754255772531797763e-01
-5.383543557072324459e-01
-5.672213541107531398e-01
-5.718946883157475236e-01
-5.176340002194834700e-01
-5.749823562858541459e-01
-5.755954057034964322e-01
-5.316062450309322340e-01
-5.762436950507596745e-01
-5.641937151453112476e-01
-5.178842764630685602e-01
-5.585797053833195802e-01
-5.765023219176500513e-01
-5.559628610852839214e-01
-5.147743431058303676e-01
-5.723255580190185210e-01
-5.126653645290981665e-01
-4.983907660199386469e-01
-4.788565209096400932e-01
-5.764435117349492321e-01
-5.479559983310461346e-01
-5.771303984961910771e-01
-5.235708540196127858e-01
-5.559628610852839214e-01
-5.252924876641202889e-01
-5.507569671088952123e-01
-5.537606097766510915e-01
-4.611491320771595182e-01
-5.720526477096302687e-01
-5.591285173806841424e-01
-5.577143220167691817e-01
-5.629489120801282054e-01
-5.515161215609538647e-01
-5.581277694790197641e-01
-5.769442768609568395e-01
-5.418429695366933085e-01
-5.764178530916407306e-01
-4.426882279180200941e-01
-5.398450842935145211e-01
-5.561228669385398504e-01
-5.767323797405194963e-01
-5.373539356633081354e-01
-5.150476951318834207e-01
-4.709042182904603635e-01
-4.618281413966711102e-01
-5.612605729518419517e-01
-5.612605729518419517e-01
-4.705685872426016436e-01
-5.581340584949886496e-01
-5.382170684357006074e-01
-5.739275076168007805e-01
-5.407724086992456991e-01
-5.772218021626182027e-01
-5.401187573072744330e-01
-5.743467592564042157e-01
-5.672213541107531398e-01
-5.587398259024488612e-01
-5.693229595944379051e-01
-5.506922526819948427e-01
-5.762887474025343293e-01
-5.760182335642251017e-01
-5.769153234272677011e-01
-5.726977153824951428e-01
-5.021783197928152420e-01
-4.791662216914286399e-01
-5.181649524641513960e-01
-5.332173593453585214e-01
-5.769694251817418795e-01
-5.601920648727523044e-01
-4.976672200022315140e-01
-5.533706273014548094e-01
-5.765846294313980991e-01
-5.648155299599039170e-01
-5.121643973052881771e-01
-4.933508717599262017e-01
-4.862075586287259443e-01
-5.762185229840532941e-01
-5.190338051559312271e-01
-5.754997957354612836e-01
-4.976672200022315140e-01
-5.626743730720739078e-01
-5.772517925054938548e-01
-4.892483216346144581e-01
-5.726913623066026693e-01
-5.640066356538789849e-01
-5.196458516773583280e-01
-5.502871087230195579e-01
-5.138339941066220051e-01
-5.572191568782485227e-01
-4.791662216914286399e-01
-5.480932522396106954e-01
-5.726977153824951428e-01
-5.207523021059169421e-01
-5.203248957868901181e-01
-5.707253245408605569e-01
-5.003461214653434075e-01
-5.722494410772710483e-01
-5.146471740602142075e-01
-5.254756574277067438e-01
-5.399580413345986818e-01
-5.413479851710130131e-01
-4.769028517409181211e-01
-5.761605065687517291e-01
-5.765550148932497843e-01
-5.381953570711975887e-01
-4.976672200022315140e-01
-5.591285173806841424e-01
-5.537606097766510915e-01
-5.771014857374596740e-01
-4.752583180414096109e-01
-5.405786030102008866e-01
-5.501253224221993587e-01
-5.115886931795620152e-01
-5.591285173806841424e-01
-5.561228669385398504e-01
-5.182320113491937219e-01
-5.182220186882429136e-01
-5.516202786980908268e-01
-4.972145065855771429e-01
-5.430363912282215599e-01
-5.770484997780978009e-01
-5.516202786980908268e-01
-5.171067577657598724e-01
-4.964353671886019836e-01
-4.707288541535961102e-01
-5.504034315714115833e-01
-5.261832293142779671e-01
-5.757909006441789268e-01
-5.687047063549910408e-01
-5.445060181234852026e-01
-5.725856651156527866e-01
-5.405786030102008866e-01
-5.711382993364803040e-01
-4.987240763207315131e-01
-5.710489262453983805e-01
-5.761161225154197707e-01
-5.055924634021817798e-01
-4.752583180414096109e-01
-5.769500676883024815e-01
-5.249058726662332308e-01
-5.504034315714115833e-01
-5.134007670612606988e-01
-4.752583180414096109e-01
-5.764966438582344033e-01
-5.764672201759177828e-01
-5.752049527927147743e-01
-5.634773944178201877e-01
-5.771586295674778766e-01
-5.674122598931112815e-01
-5.234304339026514263e-01
-5.537606097766510915e-01
-5.493780267206438417e-01
-5.709646750201983201e-01
-5.766983179378960545e-01
-4.436811346469821116e-01
-5.657291245046612849e-01
-5.501253224221993587e-01
-5.749797095419866277e-01
-5.044738210824705194e-01
-4.935603714833628475e-01
-5.273067039621244234e-01
-5.593365311362656911e-01
-5.393933305350498975e-01
-5.636809044329890162e-01
-5.390760034254309385e-01
-5.765038723143989241e-01
-5.477504276004703243e-01
-5.690189074231049027e-01
-5.771400788053646647e-01
-5.640066356538789849e-01
-5.581277694790197641e-01
-4.931318453682461134e-01
-5.766844885680501021e-01
-5.765868197286637686e-01
-5.710489262453983805e-01
-5.429771078199489009e-01
-5.766758322310229223e-01
-5.399771820471945816e-01
-5.770062107741387170e-01
-4.729396775863672353e-01
-5.372320444744087542e-01
-4.669537351487125232e-01
-5.102430620534988970e-01
-5.675495317506529247e-01
-5.683706626347934110e-01
-5.309305303587265046e-01
-5.759199023483385638e-01
-5.332657695504047224e-01
-5.402193131003343307e-01
-5.217670351432762699e-01
-4.975274006907906554e-01
-5.765359552105979724e-01
-5.763312165423470912e-01
-5.577143220167691817e-01
-5.348177853953928196e-01
