-5.746156220837842499e-01
-5.377295316710483108e-01
-5.825164338155995880e-01
-5.780207125052224670e-01
-5.856606198056947266e-01
-5.333788433625709091e-01
-5.856506807311784302e-01
-5.764643868013631378e-01
-4.959207681521188293e-01
-5.855843482121240173e-01
-5.417313409551393066e-01
-5.860560370191346680e-01
-5.700922274544250046e-01
-5.862591882749806915e-01
-5.856097882195722137e-01
-5.268235897227536713e-01
-5.108268430038701569e-01
-4.829187413259755646e-01
-5.836725515826951538e-01
-5.324180276646625076e-01
-5.864677821799527679e-01
-5.858796556993733917e-01
-5.864988771780740295e-01
-5.856521745725881134e-01
-5.248074737890969788e-01
-5.023258348509084259e-01
-5.503652413889180695e-01
-5.859440100892793213e-01
-5.860946459277879272e-01
-5.591300671502362762e-01
-5.809063745244752441e-01
-5.858299118980180298e-01
-5.102951025172483002e-01
-5.298991148873578583e-01
-5.531860759063970123e-01
-5.668393058284532104e-01
-5.137681310578595673e-01
-5.862543640240441833e-01
-5.859655608936559235e-01
-5.234700573190461670e-01
-5.053921846255075012e-01
-5.391240568413745438e-01
-5.828599651857625519e-01
-5.700922274544250046e-01
-5.820332487627278839e-01
-5.606820640667687927e-01
-5.859468673869382416e-01
-5.862012041314851318e-01
-4.829187413259755646e-01
-5.865495970054875885e-01
-3.878166621133100067e-01
-5.450137370779525314e-01
-4.884780888959180389e-01
-5.694213455125104462e-01
-5.496547149076472794e-01
-5.622946882202636276e-01
-5.392614287837754761e-01
-5.611016174360524689e-01
-5.106561502023946320e-01
-5.630651285454045807e-01
-5.196910110815774475e-01
-5.347222556873570953e-01
-5.531312787487517868e-01
-5.415358954622756515e-01
-5.262833518489610229e-01
-5.557618571027528320e-01
-5.328058955773126160e-01
-5.339009372099648987e-01
-5.754390863283883606e-01
-5.018293616875421082e-01
-5.009981823667298828e-01
-5.540595633491288696e-01
-4.949936439796697174e-01
-4.836776649161588226e-01
-5.856097882195722137e-01
-5.862708149060021912e-01
-5.856357423170815979e-01
-5.863547531470071350e-01
-5.367678368046294723e-01
-3.792728280230771576e-01
-5.223628731026660477e-01
-4.850086142822515045e-01
-5.855648351415406738e-01
-5.291009230121385132e-01
-5.865553339525472198e-01
-5.842518714770089661e-01
-5.854838510557424103e-01
-5.274335613056432281e-01
-5.762306658133279358e-01
-5.320971181198369537e-01
-5.413955861284743820e-01
-5.811743346556436096e-01
-5.804480185314427887e-01
-5.850559381350289856e-01
-5.335989204748879944e-01
-5.482811463578950439e-01
-5.622718987568627869e-01
-5.856439193292867218e-01
-5.862412398263227020e-01
-5.171309953137647186e-01
-5.866500643595468079e-01
-4.950675276621591125e-01
-5.858957415028821503e-01
-5.862012041314851318e-01
-5.856665430172692810e-01
-5.631773342891942535e-01
-5.338016693993817841e-01
-5.850559381350289856e-01
-5.002941658302556549e-01
-4.885684718891393219e-01
-5.727617797955285583e-01
-5.198095200165521179e-01
-5.022662413820039307e-01
-5.175439921721231018e-01
-5.862018113538037811e-01
-5.174481665297757660e-01
-5.430370123639117752e-01
-5.314197560354482208e-01
-5.852296260699044739e-01
-5.478635152384053741e-01
-5.762306658133279358e-01
-5.134023000999700104e-01
-5.841390026315461670e-01
-5.658124928876172577e-01
-4.885684718891393219e-01
-5.003512112005960022e-01
-5.044464936062108551e-01
-5.688096975489865814e-01
-5.799316597684632812e-01
-5.867973027333032165e-01
-5.362743233844052826e-01
-5.846113508149396454e-01
-5.858790894552480255e-01
-5.257970170631419693e-01
-4.922231902881871735e-01
-5.264629778965722595e-01
-5.316889306112538849e-01
-5.855782424613248383e-01
-5.853892845615159546e-01
-5.157333483501683746e-01
-5.498040115042935883e-01
-5.844066870912324463e-01
-5.077666511341344391e-01
-5.691176486715089355e-01
-5.809362811549912964e-01
-5.867686254485856567e-01
-5.014879239305268799e-01
-5.466646236881028686e-01
-5.862992947503339325e-01
-5.806590152486573730e-01
-5.865950082942258392e-01
-5.858487991198312317e-01
-5.511924942537557159e-01
-5.456204583450566803e-01
-5.431489405735742126e-01
-5.714738575323831116e-01
-5.691320469185124908e-01
-5.142900703057061707e-01
-5.677997229202996765e-01
-5.546558798804294144e-01
-5.426738375380050217e-01
-5.081068967982541595e-01
-4.766896089121114288e-01
-5.537633394404660736e-01
-5.611016174360524689e-01
-5.495732819243680511e-01
-4.755137657328855072e-01
-5.242381004198800598e-01
-3.878166621133100067e-01
-5.764307660564195190e-01
-5.038896819158803497e-01
-5.760844202294360672e-01
-5.852211733862172638e-01
-5.321784114047299896e-01
-5.498040115042935883e-01
-5.645097514196645294e-01
-5.865553339525472198e-01
-5.855562520726930176e-01
-5.711470713421117340e-01
-5.861150567933332001e-01
-5.649077241822492157e-01
-5.815444347962152039e-01
-5.802311768337499176e-01
-5.865063203080903564e-01
-5.538555906667720352e-01
-5.691176486715089355e-01
-4.747253601952802216e-01
-5.554680062040101562e-01
-5.622946882202636276e-01
-5.453629383399497543e-01
-5.749412608846437012e-01
-5.806167890831243072e-01
-5.193562360062610184e-01
-5.825164338155995880e-01
-5.700922274544250046e-01
-5.502796565696012054e-01
-4.532456716104756866e-01
-5.575364289387475525e-01
-5.785267559393655334e-01
-5.537633394404660736e-01
-4.973474053248178040e-01
-5.691176486715089355e-01
-5.854291861459027801e-01
-5.048965310260068451e-01
-5.866113995715390717e-01
-5.216592644854795013e-01
-5.809058120056401764e-01
-5.765294676228772675e-01
-4.536715095444928680e-01
-5.305862875237475906e-01
-5.374530350371610199e-01
-5.858260003432046448e-01
-5.416351986631166016e-01
-5.649077241822492157e-01
-5.057402571245442902e-01
-5.181404968305837189e-01
-5.484229960992347275e-01
-5.437371061697017227e-01
-5.302862358793031250e-01
-5.302581844433557068e-01
-5.858933833941232239e-01
-5.774841850205670868e-01
-5.676995126112710510e-01
-5.332738888963471924e-01
-5.858741050168286835e-01
-5.605261345907460724e-01
-5.424962883397351776e-01
-5.292887856765996490e-01
-5.859226455494176422e-01
-5.575364289387475525e-01
-5.265084525152455841e-01
-5.860932228668939148e-01
-5.526960214182149445e-01
-5.196424835875045334e-01
-5.466646236881028686e-01
-5.510745310738097702e-01
-5.471653567209254776e-01
-5.426811446949254547e-01
-4.536715095444928680e-01
-5.282264539554130112e-01
-5.567621180369864975e-01
-5.425002092077743088e-01
-5.419726075186740433e-01
-5.801917595371018921e-01
-5.620465745731603180e-01
-5.518746023579846893e-01
-5.631538575097333466e-01
-4.700003733440648590e-01
-5.591300671502362762e-01
-5.787952264353047882e-01
-5.596756210132848297e-01
-5.147316140636216675e-01
-5.262401533826600586e-01
-5.373044909491550003e-01
-5.503652413889180695e-01
-5.407445674344312225e-01
-5.653991793795835052e-01
-5.424542000099431549e-01
-5.541459770455371414e-01
-5.622946882202636276e-01
-5.814082828863870178e-01
-5.668393058284532104e-01
-5.764307660564195190e-01
-5.421069079592238937e-01
-5.082919543191205536e-01
-5.236482658936988388e-01
-5.567621180369864975e-01
-5.518746023579846893e-01
-5.630651285454045807e-01
-5.749412608846437012e-01
-5.256180783315907989e-01
-5.860587974592458282e-01
-5.864024331375371490e-01
-5.846113508149396454e-01
-5.323251356884252106e-01
-5.804558267399083649e-01
-5.339227953507911240e-01
-5.859115255578767334e-01
-5.726322067483674561e-01
-5.787753371104013000e-01
-5.498286971404563461e-01
-5.424520821824084793e-01
-5.861712863250981842e-01
-5.850380977197896515e-01
-5.863182825549851929e-01
-5.053921846255075012e-01
-5.809362811549912964e-01
-5.309811142786752258e-01
-4.576791470452558075e-01
-5.865950082942258392e-01
-5.634482597514401947e-01
-5.559880455538045441e-01
-5.520902426495563065e-01
-5.852704142733823334e-01
-5.716778544291268860e-01
-5.853316356941472565e-01
-5.853642766877423798e-01
-5.345571359201680695e-01
-5.032957737847577606e-01
-5.852704142733823334e-01
-5.856786688371907745e-01
-5.306019803091298614e-01
-5.847433453007947479e-01
-5.858864357277165924e-01
-5.699621812953959976e-01
-5.390398522421132599e-01
-5.714738575323831116e-01
-5.240032990976583038e-01
-5.743400064810525452e-01
-5.596756210132848297e-01
-5.862509814604531799e-01
-5.864876417025338684e-01
-5.203397480353127991e-01
-5.867686254485856567e-01
-5.762397368952046905e-01
-5.764307660564195190e-01
-5.863508788450967346e-01
-4.829187413259755646e-01
-5.806167890831243072e-01
-5.330916942610751663e-01
