-7.786501790718410865e-01
-7.684772714397568594e-01
-7.252132711136177745e-01
-7.776190391276888159e-01
-7.516945335171139053e-01
-7.783704479969646428e-01
-7.677329311887931551e-01
-7.745811843334744484e-01
-7.759721427130837901e-01
-7.757510154290436777e-01
-7.786059892384168402e-01
-7.753807629670070867e-01
-7.660771883553085804e-01
-7.786151980320092925e-01
-7.600981140521175794e-01
-7.662190346811417196e-01
-7.778656708312071677e-01
-7.785976186581421432e-01
-7.764632991967920228e-01
-7.783139265134620954e-01
-7.701837292004390934e-01
-7.748451265840816671e-01
-7.617057790633127157e-01
-7.653303610953298142e-01
-7.775916318137395811e-01
-7.547464865389890143e-01
-7.781544769767777536e-01
-7.786764107167289950e-01
-7.580461452795015376e-01
-7.697045809390435922e-01
-7.714663210282476369e-01
-7.748237147792949031e-01
-7.781520252767626378e-01
-7.763354156247178617e-01
-7.783749561343544787e-01
-7.554471732520680050e-01
-7.774124806909250562e-01
-7.781086497696498849e-01
-7.739284010648374013e-01
-7.756095132609014398e-01
-7.735321276227508092e-01
-7.634253662074060864e-01
-7.715667625934123919e-01
-7.748202184981138885e-01
-7.778647609929368878e-01
-7.649449658744889025e-01
-7.697756312718692095e-01
-7.783515042602137113e-01
-7.715729889493964100e-01
-7.779741903658621283e-01
-7.763425953589494499e-01
-7.699747584066356509e-01
-7.635954168675633813e-01
-7.681595001135015366e-01
-7.708744954285307038e-01
-7.775449495463108152e-01
-7.778005614136052071e-01
-7.782954828833151817e-01
-7.682664097984688301e-01
-7.756947258033221049e-01
-7.785459923787080294e-01
-7.582354997211128156e-01
-7.758193822000090112e-01
-7.778964298164551261e-01
-7.747465302024144629e-01
-7.638091309555846697e-01
-7.508352256406540803e-01
-7.779266660491256369e-01
-7.707764276034620998e-01
-7.657304744413354625e-01
-7.785985672313910921e-01
-7.638198947169007047e-01
-7.736722235569815087e-01
-7.703177090556255768e-01
-7.713017409676967695e-01
-7.425978650399049918e-01
-7.629025787821381854e-01
-7.654859493601028353e-01
-7.622471052226645893e-01
-7.752192915639504189e-01
-7.782084445283395935e-01
-7.786508667442960663e-01
-7.780407001793336885e-01
-7.763489539228137781e-01
-7.782673547789387136e-01
-7.768321267869698898e-01
-7.669253527137180892e-01
-7.779756007757434588e-01
-7.526160758344860868e-01
-7.784895146431446422e-01
-7.785705487549450243e-01
-7.657312695056730512e-01
-7.717785920399381494e-01
-7.737608197576890667e-01
-7.736795729970750157e-01
-7.759447414051200420e-01
-7.781544393207998622e-01
-7.674416661692045061e-01
-7.786127371789891560e-01
-7.714824120682964859e-01
-7.786238490200467766e-01
-7.676487169145709277e-01
-7.424313771338819645e-01
-7.677950972637543892e-01
-7.785005521752762503e-01
-7.761169823595016615e-01
-7.785799199123958347e-01
-7.740268793105706813e-01
-7.697509054147847474e-01
-7.782394753303840673e-01
-7.785825118093145925e-01
-7.661574940416789881e-01
-7.742953175505421504e-01
-7.565582373929290450e-01
-7.786175798530731162e-01
-7.622396588676609852e-01
-7.545746206032758474e-01
-7.681811620150612585e-01
-7.580896212004898382e-01
-7.724288406626248493e-01
-7.753899574266052142e-01
-7.762332396849354055e-01
-7.756420986806847884e-01
-7.771616594207719775e-01
-7.758052436863983603e-01
-7.784642596084760946e-01
-7.695303881442379090e-01
-7.683728013458301920e-01
-7.586553826701813996e-01
-7.740600590088626554e-01
-7.777364742841931244e-01
-7.783881007347649428e-01
-7.784501459048378535e-01
-7.786879731614294586e-01
-7.773668378616443997e-01
-7.684667783342112868e-01
-7.778062762820040499e-01
-7.678597565607396813e-01
-7.723479738457030841e-01
-7.782123944331668097e-01
-7.786720310692650804e-01
-7.731431163718073263e-01
-7.690208611693013507e-01
-7.771562957170899955e-01
-7.786114983139950096e-01
-7.610856250383976063e-01
-7.784992877532742606e-01
-7.780435798050152618e-01
-7.638124425149024344e-01
-7.780722971659306264e-01
-7.748045447557262433e-01
-7.734616806344402073e-01
-7.586586972905149384e-01
-7.772159396530923248e-01
-7.786837645928224028e-01
-7.691082251279782733e-01
-7.639535160693741167e-01
-7.778609826459856880e-01
-7.673036724312637391e-01
-7.773073133235556265e-01
-7.418367283784523813e-01
-7.786753215036242848e-01
-7.642319263683252650e-01
-7.783157236990123629e-01
-7.563342489981739192e-01
-7.720546627327555811e-01
-7.746034705455453473e-01
-7.767658957492880045e-01
-7.614247378934660970e-01
-7.697968008378540672e-01
-7.667200891629116777e-01
-7.648115534738496590e-01
-7.691747780784361499e-01
-7.697290101323827072e-01
-7.674823950344268342e-01
-7.746484875843123730e-01
-7.784985100369088418e-01
-7.772444979831035772e-01
-7.786313380430220921e-01
-7.781479091160683481e-01
-7.780349638099574028e-01
-7.786059569494483412e-01
-7.613280503113017961e-01
-7.786661165050375866e-01
-7.672902404550594468e-01
-7.678318976101612403e-01
-7.780285836210832917e-01
-7.773231372998236077e-01
-7.785585434126016668e-01
-7.786297192853242066e-01
-7.755704371893414883e-01
-7.786985434549325014e-01
-7.779750894101441494e-01
-7.780389679217336596e-01
-7.781698613194062419e-01
-7.720761163555066586e-01
-7.786471258163141229e-01
-7.754457942966503925e-01
-7.782016987907891536e-01
-7.785958189686130737e-01
-7.694018676486765740e-01
-7.786392117286843328e-01
-7.764343062971469367e-01
-7.729511065293387384e-01
-7.629241313748009734e-01
-7.685378295980177521e-01
-7.785403929402143763e-01
-7.778876098295451902e-01
-7.723765379877219894e-01
-7.728751597014464902e-01
-7.785596531426964839e-01
-7.509219549728561871e-01
-7.760515721311462833e-01
-7.604571314591734854e-01
-7.782180814535992752e-01
-7.658865207617473470e-01
-7.740018433547245502e-01
-7.673648418260314852e-01
-7.762116069523535833e-01
-7.664472052985099593e-01
-7.722990252660993926e-01
-7.760312151415210691e-01
-7.658652243658903291e-01
-7.785880357448590194e-01
-7.786145485825165524e-01
-7.786328508518063352e-01
-7.678898383715091480e-01
-7.619265670136179391e-01
-7.685653864528413370e-01
-7.599830234217399560e-01
-7.701088583456930925e-01
-7.786003017039783147e-01
-7.774501073416504315e-01
-7.742892154404440452e-01
-7.786091701068618143e-01
-7.785777722921114474e-01
-7.780986677147061492e-01
-7.607095344650492974e-01
-7.762977131340471626e-01
-7.457247728144457133e-01
-7.785476537413666964e-01
-7.557948264683063133e-01
-7.780204091396741850e-01
-7.589928277586168726e-01
-7.661217133814565150e-01
-7.780071831823278661e-01
-7.564629194266299095e-01
-7.786115263599469039e-01
-7.759422917020979416e-01
-7.684429460784002464e-01
-7.708251646042435512e-01
-7.475353731203151497e-01
-7.758368850159138574e-01
-7.566912626318761381e-01
-7.698857334472786196e-01
-7.650188480190224238e-01
-7.704288634331635244e-01
-7.686960939456547459e-01
-7.737185560977172250e-01
-7.725667152766653167e-01
-7.590084248140644974e-01
-7.786329266587255216e-01
-7.650980795172704907e-01
-7.777056429249962211e-01
-7.626797091365032921e-01
-7.778732926150635496e-01
-7.576162102064821768e-01
-7.773725657280478041e-01
-7.614654698126840371e-01
-7.785328602102559170e-01
