-5.810863636125295217e-01
-6.232332155897339909e-01
-5.631149387824695429e-01
-6.090895106992542107e-01
-5.878759730424027996e-01
-5.592491654975829674e-01
-5.810645524800622796e-01
-5.666467914091393165e-01
-5.640846215191336332e-01
-6.236899017932028277e-01
-5.341145293063129795e-01
-6.159596222333397764e-01
-5.974107897830132075e-01
-6.215250658984144971e-01
-5.849325681451825742e-01
-5.969872164398635217e-01
-6.236252486142412899e-01
-5.817730793948735490e-01
-6.199976207506691095e-01
-6.237566414194863906e-01
-5.543704120338562857e-01
-5.592491654975829674e-01
-5.784593230796886143e-01
-6.054663169260801059e-01
-4.887889693912552125e-01
-5.711246276904816677e-01
-6.237954092313099386e-01
-5.465509278658166048e-01
-5.625827370317849629e-01
-6.231815140703365064e-01
-5.759819608623931719e-01
-5.593364657753394642e-01
-5.726045399434561700e-01
-5.856730652482328159e-01
-6.227913264923696790e-01
-6.237763913495694146e-01
-5.320796674069159238e-01
-5.926533991156657244e-01
-6.143638817505485683e-01
-5.878435768184825383e-01
-5.876753657048645607e-01
-5.938553264623299688e-01
-5.953551912563149751e-01
-5.435178998327249156e-01
-6.177577541862755428e-01
-5.831149682719147798e-01
-6.240613707572262303e-01
-6.183455097182249949e-01
-6.071797031272131440e-01
-6.190321408806818138e-01
-5.985311392833871924e-01
-6.240667628329137351e-01
-6.107086591612216342e-01
-5.084443577280692850e-01
-5.862143734206360923e-01
-4.157993499085688160e-01
-6.239649650808181125e-01
-5.494009906321419834e-01
-6.207248276563981371e-01
-5.613505419064530599e-01
-6.193655024683510923e-01
-6.232470407356057729e-01
-5.452069243654439346e-01
-5.924857321895793394e-01
-5.503572579095520334e-01
-5.919634348789304390e-01
-5.719659358224320478e-01
-5.649052291147204086e-01
-6.118139718346518041e-01
-6.159331393236612273e-01
-5.782486819812239220e-01
-5.533512314071050708e-01
-6.234796982003889543e-01
-5.684305417086098489e-01
-5.309123710823524522e-01
-5.783964029273326313e-01
-6.185052206437322564e-01
-5.766437412948118846e-01
-6.154260822007044940e-01
-6.232572375664136022e-01
-5.551976956930764207e-01
-5.354324174166992245e-01
-6.177577541862755428e-01
-5.922494592107462319e-01
-6.171262197985178943e-01
-6.040265497397763195e-01
-6.192080684840758353e-01
-5.854051487698599399e-01
-6.237168645364952191e-01
-5.941062061354391854e-01
-5.890589616333585798e-01
-5.937177621180643738e-01
-6.238797697064036862e-01
-6.035430465308972980e-01
-6.238191873741342208e-01
-5.925412243859379258e-01
-6.109527367737801473e-01
-6.239052720598809998e-01
-6.240596291666550277e-01
-5.561439657845758111e-01
-6.189000036030084528e-01
-5.609584346389867582e-01
-6.241501156778193060e-01
-6.216481784683095535e-01
-6.231324400448549072e-01
-6.061485130640884567e-01
-6.150113217125257048e-01
-5.526161139176855031e-01
-6.240489214762675596e-01
-5.653151009958455875e-01
-6.136774311699954021e-01
-5.464317061737659076e-01
-5.838336072305839730e-01
-5.667787297269348823e-01
-6.239820884710443050e-01
-5.528152427364653176e-01
-5.652932752844173070e-01
-6.222599179770301747e-01
-5.974107897830132075e-01
-5.984519585000860342e-01
-6.011001492639225230e-01
-5.865637455644476805e-01
-6.035945402724752773e-01
-5.520348229124973916e-01
-6.103817227492949193e-01
-6.169712681042061053e-01
-5.505900404212296095e-01
-6.223640257732097059e-01
-5.934653905751662295e-01
-5.560622906073104943e-01
-5.812650387287101594e-01
-6.234297228026050020e-01
-6.038318298074978330e-01
-6.222547845631328789e-01
-6.230251927551290203e-01
-5.551386990445577041e-01
-5.084443577280692850e-01
-6.174646741271162531e-01
-6.222599179770301747e-01
-5.410775959166371774e-01
-6.045220782200010357e-01
-5.767679012718981424e-01
-5.715607390135011290e-01
-6.116131801462670881e-01
-5.721656825766534560e-01
-5.921010119031901997e-01
-5.468447014343641444e-01
-6.240070917929110283e-01
-6.196473636655300821e-01
-5.408040935397485649e-01
-5.603895484378307312e-01
-6.143638817505485683e-01
-6.234796982003889543e-01
-5.574376525884110478e-01
-6.236142086651292882e-01
-5.970777486540093104e-01
-5.617400620199830552e-01
-6.214289215587890380e-01
-5.638381434624855082e-01
-6.068214575134999178e-01
-5.528152427364653176e-01
-6.241378847446484857e-01
-6.143226347817407618e-01
-5.440290014643947014e-01
-5.521630416693371624e-01
-5.921029335286612794e-01
-5.633105399350515352e-01
-5.901041132002281531e-01
-6.134567764615799224e-01
-5.911967155789578099e-01
-6.134059243595278987e-01
-5.937177621180643738e-01
-5.887670450452696658e-01
-5.528152427364653176e-01
-6.226256663046441098e-01
-5.728732364772423091e-01
-5.779703476731941070e-01
-5.977155661787099117e-01
-6.240596291666550277e-01
-6.228523180762913780e-01
-5.680637258557982294e-01
-6.105815831984480191e-01
-5.232623892248666753e-01
-6.238404682980491778e-01
-5.921847636187839159e-01
-5.756844870937994907e-01
-6.180590362627688128e-01
-5.711246276904816677e-01
-5.962607508595428873e-01
-6.138818339445017980e-01
-6.197967386753524544e-01
-5.506598949040047986e-01
-5.958118534107735842e-01
-5.286721396882089197e-01
-6.033930183866250685e-01
-6.235670718920439670e-01
-5.767096804757367856e-01
-5.879501231337505018e-01
-6.238704407349211500e-01
-5.802567552751832780e-01
-6.161298890123425576e-01
-6.197967386753524544e-01
-5.661038372430758914e-01
-5.985311392833871924e-01
-5.763644026026345513e-01
-5.818006735406552332e-01
-6.163277546541039431e-01
-6.121336203654422770e-01
-6.175500276814041012e-01
-4.220290326110976431e-01
-6.068214575134999178e-01
-6.229544418620800439e-01
-5.974107897830132075e-01
-6.230529809037619327e-01
-5.021189682676221455e-01
-5.456941670373374187e-01
-6.152523780095358052e-01
-6.208409937769239217e-01
-6.208409937769239217e-01
-6.235235288680790466e-01
-5.779317538482491301e-01
-6.239635763179732786e-01
-5.564065162772893203e-01
-6.235537822107470873e-01
-6.033762011961882887e-01
-6.241620903251959840e-01
-6.158237044617409506e-01
-6.232104795430540856e-01
-6.233044665413827179e-01
-5.952112882590829823e-01
-5.814539260206810223e-01
-5.914630907345461708e-01
-5.911967155789578099e-01
-5.810972664937379406e-01
-5.868419925145016425e-01
-5.889277790059170847e-01
-5.798767028000432200e-01
-5.815484875125853659e-01
-6.054663169260801059e-01
-5.793424213499702713e-01
-6.200113324206265597e-01
-5.931917107004113232e-01
-5.860190967417945318e-01
-5.997360227477284145e-01
-6.206556825750542128e-01
-5.630203930055978079e-01
-5.698597509214445855e-01
-6.179820284837854727e-01
-5.878759730424027996e-01
-5.727706888197426904e-01
-5.930317203301532780e-01
-5.878759730424027996e-01
-6.236140909211872474e-01
-6.238535875544438669e-01
-5.857829844217742332e-01
-5.938553264623299688e-01
-5.505024790917031341e-01
-6.232683673014525194e-01
-6.238213977963982249e-01
-5.952112882590829823e-01
-5.754617721480298487e-01
-5.592413175378954104e-01
-5.563001982948025947e-01
-6.137864961952308462e-01
-6.093318008822335985e-01
-5.449869720514337601e-01
-6.185853841182148427e-01
-5.636333427502612237e-01
-5.494522806208659294e-01
-6.222026345201334685e-01
-6.010925924989657387e-01
-5.102725383227852962e-01
-6.239393572674222233e-01
-5.972460295166059918e-01
-6.033930183866250685e-01
-6.233770676429686297e-01
-4.908640054893242954e-01
-5.659282581453792815e-01
-5.258288645954336538e-01
-5.692685804301772512e-01
-5.931917107004113232e-01
-5.474656473146662927e-01
-6.238705864458026218e-01
-5.744105317280453482e-01
-5.571122674362862792e-01
-5.761279535179156808e-01
-6.237757693640944012e-01
-6.098422704604437028e-01
-5.931917107004113232e-01
-6.182805177215527914e-01
-6.186630165377134949e-01
-6.106895842475587033e-01
-5.962075212773849664e-01
-5.855050056444868201e-01
-5.364873142697769159e-01
-5.749917587713078149e-01
-5.651293472043672494e-01
-5.872658009634341703e-01
-5.845944191923154731e-01
-5.629007492768538512e-01
-5.553080430363132036e-01
-6.233549730257217369e-01
-6.239635763179732786e-01
-6.192080684840758353e-01
-6.170504195904896738e-01
-5.590663690496661120e-01
-5.887614225177936200e-01
-4.908640054893242954e-01
-5.593220637509145332e-01
-6.189000036030084528e-01
-6.182453665528591102e-01
-5.466543799655587677e-01
-5.466543799655587677e-01
-5.466543799655587677e-01
-5.151859426945843978e-01
-5.767096804757367856e-01
-5.961125548997973089e-01
-5.875668025291930219e-01
-5.650975018609446510e-01
-6.180590362627688128e-01
