-5.836173827166142303e-01
-5.777675452664244871e-01
-5.780578058878255154e-01
-5.844816452790712047e-01
-5.813841689538687962e-01
-5.794700666592729199e-01
-5.803608651154006370e-01
-5.911236848917150732e-01
-5.904024449841609457e-01
-5.807108964076909130e-01
-5.762878012563056318e-01
-5.887818868723363464e-01
-5.871966084881390380e-01
-5.910542657405876144e-01
-5.712664361883643682e-01
-5.883812283348032190e-01
-5.882926561490564588e-01
-5.880851891310285851e-01
-5.910085489933782910e-01
-5.910479248616914427e-01
-5.878852914868974988e-01
-5.830213424142933754e-01
-5.910460162952180241e-01
-5.903395280497935049e-01
-5.840297993927043851e-01
-5.881864475615561361e-01
-5.829242536224215065e-01
-5.904161910130955038e-01
-5.830590189239899246e-01
-5.905031805180983584e-01
-5.892732119329404661e-01
-5.760346690680164805e-01
-5.883954208063604252e-01
-5.870168808457941756e-01
-5.887524032370866633e-01
-5.793516693135707385e-01
-5.910086187733367691e-01
-5.717996661812411174e-01
-5.876277374051779301e-01
-5.714352547244978542e-01
-5.902623849008751256e-01
-5.910245340145108273e-01
-5.748216984591812961e-01
-5.865771065757152680e-01
-5.910093577367324658e-01
-5.868855975894387011e-01
-5.884385355256840366e-01
-5.845570918883494782e-01
-5.792413920623058488e-01
-5.907204414572402307e-01
-5.831484718259813960e-01
-5.910539446468394686e-01
-5.892547144238307055e-01
-5.883441212086621963e-01
-5.896000175249314079e-01
-5.909152858704520561e-01
-5.788143063070194660e-01
-5.859019700310251766e-01
-5.880795198015896785e-01
-5.744071779477791795e-01
-5.908228245448472471e-01
-5.910829891404860703e-01
-5.905059499558570346e-01
-5.810490017935799889e-01
-5.877597290809668529e-01
-5.859951765990301098e-01
-5.891835173511164037e-01
-5.874619717285721743e-01
-5.827100644238167870e-01
-5.907826386251853190e-01
-5.911419953009758865e-01
-5.904186034851575116e-01
-5.906485186441208235e-01
-5.902303087017064520e-01
-5.909075042177067694e-01
-5.908736559579292891e-01
-5.899925381810539049e-01
-5.867445881839072896e-01
-5.894598254347632738e-01
-5.810614627475527705e-01
-5.817800782792488246e-01
-5.908668241304364521e-01
-5.654858454594487993e-01
-5.910779054225615559e-01
-5.842318519561214840e-01
-5.894959064717119057e-01
-5.848770469088591106e-01
-5.880019168650433281e-01
-5.903303182012165085e-01
-5.911209673169119938e-01
-5.865894610537509823e-01
-5.910552059398412883e-01
-5.759573101182626775e-01
-5.877292043295242463e-01
-5.909860134195191739e-01
-5.782582345575471017e-01
-5.905481962558626341e-01
-5.907719640257695914e-01
-5.908587303739499808e-01
-5.787595687570864511e-01
-5.800619444059633700e-01
-5.908171591494245645e-01
-5.909554319041421255e-01
-5.858503345516048455e-01
-5.905961032723139326e-01
-5.897043547259582796e-01
-5.894152384246403864e-01
-5.910967746133781731e-01
-5.793265818857659122e-01
-5.845053857559699972e-01
-5.904135581802224531e-01
-5.911118652982242372e-01
-5.899422928184874237e-01
-5.799077319880554526e-01
-5.905496806596722825e-01
-5.849279179279308627e-01
-5.911372386698247050e-01
-5.884473330885937603e-01
-5.894539115905139681e-01
-5.876247617085682551e-01
-5.907209727398196053e-01
-5.832472792224708824e-01
-5.909022937118890706e-01
-5.808891624922315478e-01
-5.905336354975974089e-01
-5.883825748317010884e-01
-5.910398399662055713e-01
-5.908500881409003425e-01
-5.853983003203770963e-01
-5.907624370904475120e-01
-5.797654538985480555e-01
-5.849836899400568946e-01
-5.714044796932750137e-01
-5.785405659643305665e-01
-5.891070808516424284e-01
-5.884224886445801328e-01
-5.805443439097187630e-01
-5.904656335832971781e-01
-5.851135462515326680e-01
-5.832774909951536912e-01
-5.908389165188894232e-01
-5.910858721911514957e-01
-5.911134566789598699e-01
-5.908536642970251274e-01
-5.907306182570687403e-01
-5.848947152596580823e-01
-5.850371556370242976e-01
-5.907080666532078528e-01
-5.910358508324022875e-01
-5.906635962459814149e-01
-5.889144048276919730e-01
-5.911271057189743106e-01
-5.767222754546238450e-01
-5.907860875084293140e-01
-5.908775497377982688e-01
-5.910614533108202728e-01
-5.829379972103593266e-01
-5.844391286602910185e-01
-5.910445301234373838e-01
-5.908809448810898868e-01
-5.908908889600845704e-01
-5.873687918185745982e-01
-5.781240922714840913e-01
-5.842591210441541172e-01
-5.908472628181762332e-01
-5.854941900672030464e-01
-5.884128008173872271e-01
-5.910098924103033280e-01
-5.909090449294532865e-01
-5.885156493326215710e-01
-5.904520179612744446e-01
-5.908459148742734035e-01
-5.777152497035087375e-01
-5.904849984897377890e-01
-5.894023495020273007e-01
-5.792801925290840259e-01
-5.910816066075895714e-01
-5.780587980000286841e-01
-5.878238718483314029e-01
-5.911141148224193786e-01
