-6.231933001247597081e-01
-5.883759844866943700e-01
-6.236618745890808446e-01
-4.157874125806045873e-01
-5.860593302925479753e-01
-5.340690899459076268e-01
-5.961038021189523084e-01
-5.606907017347765310e-01
-6.218168165353489263e-01
-5.780264379275393827e-01
-6.152284320262623174e-01
-4.219129074183655126e-01
-6.184640552667332036e-01
-6.061475563613129003e-01
-6.225929844943237645e-01
-5.369186352757168157e-01
-5.475297819641781194e-01
-5.234393317071152074e-01
-5.574876654711914403e-01
-5.871201118273091657e-01
-5.662224225518656118e-01
-5.926248936732662065e-01
-6.240257050660801275e-01
-5.087775204149437291e-01
-5.877984322426271779e-01
-5.732458390114260061e-01
-6.238773416546535833e-01
-5.994776382861090047e-01
-5.724634377104592664e-01
-6.218212980595779760e-01
-6.117775428858948095e-01
-5.656086493102264745e-01
-6.235512409177971227e-01
-6.167586993244839055e-01
-5.719495273945284231e-01
-6.238678198126507146e-01
-5.825242318963063104e-01
-5.854718240728032930e-01
-5.175978753534508092e-01
-5.884135968801927907e-01
-5.881131019262028081e-01
-6.234789442089748723e-01
-5.316054139105034215e-01
-5.407445046869469030e-01
-4.219129074183655126e-01
-5.590845148829174382e-01
-6.237911607888889653e-01
-5.376366887060356481e-01
-6.237244706419659002e-01
-5.919070372176719053e-01
-6.177111815479946477e-01
-5.931841412377906186e-01
-5.621205948111963613e-01
-5.467157352534485204e-01
-6.225651267734718664e-01
-5.871201118273091657e-01
-6.156949389544678075e-01
-5.447004537848186834e-01
-5.493464793828678472e-01
-6.206912647751522405e-01
-6.054746273723793371e-01
-5.777989577320766790e-01
-5.940458288235020978e-01
-5.392648938862037999e-01
-6.161016288963508947e-01
-5.826321465713334424e-01
-6.237691554990959508e-01
-5.984768083137822492e-01
-6.236867185500812871e-01
-6.238007198837948186e-01
-6.173558056173277242e-01
-5.841091263858032567e-01
-6.106314796773147924e-01
-5.470677677360725744e-01
-5.721558786747408254e-01
-5.971766326395225866e-01
-5.309850487676811559e-01
-6.054746273723793371e-01
-5.636004384425831182e-01
-5.559455349860144002e-01
-6.109229110000086171e-01
-5.855504211788428170e-01
-5.538563344446373327e-01
-6.230853821901035650e-01
-5.761868309048366887e-01
-5.706030342546654088e-01
-5.794268816528272970e-01
-6.240515474048805578e-01
-6.228085223404121740e-01
-5.938130792049122197e-01
-5.620763830659342153e-01
-5.365555237797451360e-01
-6.236169848409843786e-01
-5.309344444242668493e-01
-5.840479943720054967e-01
-5.927470017043304784e-01
-5.634950592932653768e-01
-6.156602490512085302e-01
-6.163094851938438756e-01
-6.184246081677627904e-01
-5.234393317071152074e-01
-6.120079148379516942e-01
-6.232054855493259771e-01
-5.931841412377906186e-01
-5.953790357155156476e-01
-5.706592786875915868e-01
-6.238263461557579381e-01
-6.237585868505192144e-01
-6.071655887929153783e-01
-5.824923904431414945e-01
-5.626350425002527578e-01
-6.233842845824909551e-01
-6.233610909250927312e-01
-6.219659846094799382e-01
-5.911892007855129583e-01
-5.624468091694069249e-01
-5.925179680628133161e-01
-6.234332684246254308e-01
-6.189818333653164251e-01
-6.035851154295158727e-01
-6.111332502034855230e-01
-5.936543520358753545e-01
-5.710753228334141118e-01
-5.693999014613581044e-01
-5.345676157442283971e-01
-5.326567429867935521e-01
-6.224455859330845220e-01
-5.761482359660220487e-01
-5.924156501707983358e-01
-5.958039302197647435e-01
-5.936543520358753545e-01
-5.670666590151739461e-01
-5.726871190411401136e-01
-5.929090681304586274e-01
-5.621501605776501043e-01
-6.157932121125412328e-01
-6.237528648046207769e-01
-6.105728976247263295e-01
-6.237612131801796300e-01
-6.237399082449627263e-01
-5.888886794266653402e-01
-6.010792160225463254e-01
-5.581509906617355687e-01
-6.237399082449627263e-01
-6.161016288963508947e-01
-6.228058587578487737e-01
-6.220490921107483251e-01
-5.971766326395225866e-01
-6.233597647217464788e-01
-5.517957124677849157e-01
-5.769174348381710393e-01
-5.869615802360129697e-01
-6.233842845824909551e-01
-6.013928221357417447e-01
-6.092957246867370946e-01
-5.699366021720123632e-01
-6.231086950567913396e-01
-5.763428488565039975e-01
-6.240833911863518102e-01
-5.789702690956545217e-01
-5.732458371487808568e-01
-5.813408575770807607e-01
-6.232295621005249364e-01
-6.059635419217300756e-01
-6.157682712939930303e-01
-6.231718797055435521e-01
-5.563487138417911870e-01
-6.061475563613129003e-01
-6.222426097658825261e-01
-6.164650905696106298e-01
-6.239651728240204198e-01
-4.219129074183655126e-01
-5.653755541709614141e-01
-5.933223420572829587e-01
-6.232299569812965734e-01
-6.232089947727871282e-01
-6.139246530649614675e-01
-6.236232358781051976e-01
-6.042408242640447957e-01
-5.660427145478678090e-01
-6.163094851938438756e-01
-6.159236606029224737e-01
-6.195112455455017431e-01
-5.389359656540108068e-01
-5.918940145341110570e-01
-5.872044430864405973e-01
-6.236318860021782262e-01
-5.828354719845009191e-01
-6.228885900047970159e-01
-5.135584313241196019e-01
-6.033614024338674886e-01
-6.199782628384781225e-01
-5.321433458296013219e-01
-5.618478718963814122e-01
-6.071655887929153783e-01
-5.984768083137822492e-01
-6.238263461557579381e-01
-6.235008265641880376e-01
-6.232137221661758764e-01
-6.165084119704914434e-01
-6.236555453208637578e-01
-5.575543444422436101e-01
-6.241433460084152562e-01
-5.847560323593569143e-01
-5.971766326395225866e-01
-6.187983628181171758e-01
-6.183445591298294408e-01
-5.020959514943313939e-01
-5.628952298132133825e-01
-6.235095176664543493e-01
-5.827387075689983709e-01
-5.854718240728032930e-01
-6.184640552667332036e-01
-6.232881162134361608e-01
-6.233422148791504247e-01
-5.590845148829174382e-01
-6.047860801038694722e-01
-6.136363249090862615e-01
-5.655245546070289953e-01
-5.952748235133838994e-01
-6.236591961053562505e-01
-6.231260437337112768e-01
-6.199516046611023290e-01
-4.951947022048187597e-01
-5.984768083137822492e-01
-5.885671570715856893e-01
-5.847207641047788007e-01
-6.236616249946308477e-01
-5.996947090891552312e-01
-5.761482415539574964e-01
-6.061475563613129003e-01
-5.962761722323847158e-01
-6.071655887929153783e-01
-5.847588524041128499e-01
-6.232137221661758764e-01
-5.438811618653488500e-01
-6.234087485638809545e-01
-6.180133659211349828e-01
-6.234789442089748723e-01
-5.746199868438196523e-01
-5.481426629987907750e-01
-6.237821791139793737e-01
-6.053872823533964498e-01
-5.897913642977726800e-01
-6.240907300082397802e-01
-6.227455835608196599e-01
-6.188456367520046575e-01
-5.482465091911506994e-01
-6.142891727206659658e-01
-5.854718240728032930e-01
-5.057281467882347448e-01
-5.802494425145340307e-01
-5.730468842951011998e-01
-5.732458390114260061e-01
-5.602096903887939794e-01
-6.240309987035942418e-01
-6.106589909461689336e-01
-6.237742554215145452e-01
-6.235828574565601690e-01
-6.184640552667332036e-01
-6.053872823533964498e-01
-6.238377157417488439e-01
-5.731948379245949132e-01
-6.219086486664963109e-01
-5.678761012670946462e-01
-5.634270261791897161e-01
-6.163094851938438756e-01
-6.193627144960117681e-01
-6.239497165945721013e-01
-5.812092155968201501e-01
-5.896875511673641546e-01
-5.862377069709253652e-01
-6.156949389544678075e-01
-6.111540410486412389e-01
-6.212215971020412786e-01
-4.909426409569931371e-01
-6.239213000801754339e-01
-6.239969122973633153e-01
-5.848660150361609800e-01
-6.231454524961662633e-01
-6.240515474048805578e-01
-5.734348257822347028e-01
-5.914161394168985231e-01
-5.844187902105403287e-01
-5.850274868128252370e-01
-6.142891727206659658e-01
-5.815251872693550927e-01
-5.922257060003829343e-01
-6.216235857275677068e-01
-5.526685926881981237e-01
-5.914161394168985231e-01
-5.996162488875341756e-01
-5.885671570715856893e-01
-5.450952637759399755e-01
-6.221648517814827306e-01
-6.237787890998077733e-01
-6.238168727425289495e-01
-6.228436332014751775e-01
-6.199516046611023290e-01
-5.842544280742657525e-01
-5.020959514943313939e-01
-5.768776273173642499e-01
-6.090708810654831273e-01
-6.059635419217300756e-01
-5.164321724144173009e-01
-5.843684582789790971e-01
-6.236784372297478063e-01
-6.159328583446693761e-01
-5.200602400866699560e-01
-5.644678983656120641e-01
-6.238728824821663244e-01
-6.191801454690647466e-01
-5.755310699162435872e-01
-5.925179680628133161e-01
-5.901624670070958478e-01
-5.656503204075050695e-01
-6.237920436826897008e-01
-5.841309603122425420e-01
-6.066904391912174566e-01
-6.238267224100780828e-01
