-1.475281942615186193e+00
-1.479908257294055840e+00
-1.489188776295294003e+00
-1.491096139449297198e+00
-1.491285081188237882e+00
-1.496709355344925330e+00
-1.453434707800340231e+00
-1.451519419850694659e+00
-1.482030685580959517e+00
-1.485076539330727252e+00
-1.464750999395249886e+00
-1.491671672343144017e+00
-1.438404035226644728e+00
-1.497255481889421036e+00
-1.456574959661140811e+00
-1.497952801611230234e+00
-1.497319084005224621e+00
-1.496425246236567252e+00
-1.497968848637313055e+00
-1.480674450009439980e+00
-1.494022021883638418e+00
-1.497952278928655234e+00
-1.493568117001916606e+00
-1.497459450558277672e+00
-1.483526219006404911e+00
-1.491342741415858431e+00
-1.477037297061536636e+00
-1.487039086679335931e+00
-1.496596673425596435e+00
-1.444126909133029102e+00
-1.496276345305393329e+00
-1.465956933377734916e+00
-1.486843885813410759e+00
-1.489891340092911687e+00
-1.496766215932174404e+00
-1.497971459757211354e+00
-1.486878333260690299e+00
-1.487151545148814646e+00
-1.496279173363136650e+00
-1.497508732445593349e+00
-1.472577424292737858e+00
-1.497548972242228604e+00
-1.497977153307639808e+00
-1.491980949304238413e+00
-1.497396522716917699e+00
-1.482212122084939354e+00
-1.497994912553351599e+00
-1.491332416440163788e+00
-1.497363354177605022e+00
-1.492229576303148786e+00
-1.496773492966316343e+00
-1.497364287971860941e+00
-1.493253384982193843e+00
-1.471604296673864498e+00
-1.497264581191080968e+00
-1.461613619601127789e+00
-1.492565416053867722e+00
-1.497930447964217260e+00
-1.488119557217787214e+00
-1.497954074385200451e+00
-1.493241915573440215e+00
-1.493759781097666162e+00
-1.469465060620472885e+00
-1.493670009329931325e+00
-1.470522845723196248e+00
-1.497317434522546842e+00
-1.463274837276240525e+00
-1.472444972153311271e+00
-1.459369884010846885e+00
-1.466185108499116430e+00
-1.496703105220964947e+00
-1.489723482769975238e+00
-1.496678689871601797e+00
-1.497434691530185935e+00
-1.462209416209655055e+00
-1.497950386417166158e+00
-1.497924078820351834e+00
-1.438653137482197364e+00
-1.497936694146203340e+00
-1.496727062234678662e+00
-1.497450190892708477e+00
-1.493447823708714095e+00
-1.439769311805921603e+00
-1.465106468264187667e+00
-1.497353866646222942e+00
-1.467872996534735908e+00
-1.491658960707366255e+00
-1.494051900532582744e+00
-1.428276195263293635e+00
-1.478125919335435912e+00
-1.492831620604644582e+00
-1.496545473762811440e+00
-1.497975771121743627e+00
-1.497358031349878882e+00
-1.497985697028764607e+00
-1.492486353133481769e+00
-1.496241546968405167e+00
-1.470179162634781544e+00
-1.490117590677816128e+00
-1.452195370235713767e+00
-1.493101015917824848e+00
-1.461354675144542314e+00
-1.496381311214931564e+00
-1.478379794121117863e+00
-1.497928016095178227e+00
-1.496686408213391939e+00
-1.497943119376032639e+00
-1.492672342883819780e+00
-1.461747415944447459e+00
-1.497395820181483650e+00
-1.485825640215866050e+00
-1.497418642966092062e+00
-1.493315075166566919e+00
-1.496720000437343989e+00
-1.497961676069098136e+00
-1.497907754678476477e+00
-1.496595750003351544e+00
-1.497408891497939765e+00
-1.487066898115931624e+00
-1.478456596761320352e+00
-1.497890600762278757e+00
-1.488253156583272174e+00
-1.497972709796219881e+00
-1.443783906793063121e+00
-1.451077927969023795e+00
-1.456292477855460676e+00
-1.488283760549650170e+00
-1.488573048614815875e+00
-1.459633007829090001e+00
-1.476645340331977474e+00
-1.497302291848751743e+00
-1.497935128440454289e+00
-1.497508666441655034e+00
-1.460779157962686758e+00
-1.497330326032187076e+00
-1.422577737014277588e+00
-1.494392030627865298e+00
-1.496210059761738043e+00
-1.497938547724699809e+00
-1.489917987236453190e+00
-1.497940310019276078e+00
-1.477454156282055564e+00
-1.497565530079886909e+00
-1.424999825267041942e+00
-1.467905564339525348e+00
-1.494089872351020531e+00
-1.497951890413948828e+00
-1.463215237315181216e+00
-1.472652077846636987e+00
-1.469201200875833502e+00
-1.497029073489634765e+00
-1.494091662071586279e+00
-1.467320442370431355e+00
-1.484242210397176631e+00
-1.478974731332336701e+00
-1.477613369084906259e+00
-1.496579292706585518e+00
-1.474593247709446553e+00
-1.496387523978926160e+00
-1.451240440935232634e+00
-1.492439086994542752e+00
-1.496306906456802643e+00
-1.497521952414973434e+00
-1.497023672335975109e+00
-1.495198798908573767e+00
-1.497476354554655886e+00
-1.474810771721396074e+00
-1.454624105606129980e+00
-1.496511708743986313e+00
-1.497939097214268545e+00
-1.453273839969797310e+00
-1.456733995841143603e+00
-1.490161371407579649e+00
-1.497964229038026618e+00
-1.494332337002882038e+00
-1.488481494385498927e+00
-1.478784128090731897e+00
-1.492773895408089802e+00
-1.477757550603894909e+00
-1.446270446946952504e+00
-1.497686327997689970e+00
-1.492702293707704575e+00
-1.492775196576035635e+00
-1.469992111741335483e+00
-1.497927532105574722e+00
-1.454415554339981709e+00
-1.488307121617838291e+00
-1.475337337453625830e+00
-1.493595003984276248e+00
-1.497358581308433800e+00
-1.496812312605056539e+00
-1.485637978350916821e+00
-1.470044497654177995e+00
-1.487791013142198526e+00
-1.497453230232267174e+00
-1.493927544261658191e+00
-1.491469299375005608e+00
-1.445550720075186701e+00
-1.497225814704276514e+00
-1.493502500104727293e+00
-1.494315854190148674e+00
-1.487852956069346755e+00
-1.497992463272306063e+00
-1.482707381105378364e+00
-1.474854308496341693e+00
-1.466918679827755145e+00
-1.493596496938067952e+00
-1.475586079650435201e+00
-1.497951810378024717e+00
-1.473482198308583735e+00
-1.447330563459791053e+00
-1.497924796516765911e+00
-1.497493283122036667e+00
-1.457594784311400549e+00
-1.483591101002169177e+00
-1.485947621152720943e+00
-1.444820099190176288e+00
-1.478529956511275723e+00
-1.485803784500459246e+00
-1.497931093461703167e+00
-1.495816460832501082e+00
-1.452700841613926874e+00
-1.485505717814357807e+00
-1.459436742610025872e+00
-1.473733193707581490e+00
-1.497909024006459422e+00
-1.495964487938381771e+00
-1.492776190050234542e+00
-1.496652103790007571e+00
-1.432433717807426454e+00
-1.487105761940674675e+00
-1.497982343890452039e+00
-1.461258247364133567e+00
-1.448734869259637792e+00
-1.491714522088646744e+00
-1.430280542939237565e+00
-1.497929447343015807e+00
-1.496778141521559968e+00
-1.476556609933359798e+00
-1.469503101277855661e+00
-1.491574116750649770e+00
-1.470308436817763686e+00
-1.498008192747660061e+00
-1.496560669989572601e+00
-1.471818121577785687e+00
-1.497421323367943868e+00
-1.480874225531666255e+00
-1.458387054542799266e+00
-1.448134668710664430e+00
-1.489148377667815160e+00
-1.479195754969449439e+00
-1.494584089319283660e+00
-1.484317368147702654e+00
-1.472656811794837983e+00
-1.497942720522340787e+00
-1.496445033740631425e+00
-1.494188171580913549e+00
-1.492272001497008782e+00
-1.494007490352331269e+00
-1.497261964395201428e+00
-1.497234964856937856e+00
-1.496423709681804937e+00
-1.496414598447129318e+00
-1.497894479382162469e+00
-1.496424817926923723e+00
-1.497513428472812880e+00
-1.488103197443956027e+00
-1.497372011068627717e+00
-1.494326240347786605e+00
-1.497976737675972725e+00
-1.497527637187392457e+00
-1.497247622953733037e+00
-1.496533617945340788e+00
-1.497971424138244245e+00
-1.491086369367156994e+00
-1.497977205808577184e+00
-1.497948056994039767e+00
-1.490513931121840274e+00
-1.462328536810797663e+00
-1.492641926916297157e+00
-1.497427196369234936e+00
-1.487699339057975578e+00
-1.435372007938758188e+00
-1.489135494082197919e+00
-1.496954050813003478e+00
-1.464857838824281000e+00
-1.490145972250971340e+00
-1.490506914524508675e+00
-1.496668868299512400e+00
-1.465412163193172912e+00
-1.428921273041148021e+00
-1.440061764874546846e+00
-1.497901452876556849e+00
-1.497374760660432180e+00
-1.493041027964108647e+00
-1.463025514813865779e+00
-1.487615893381134313e+00
-1.452708017792150752e+00
-1.492861950842214069e+00
-1.497986963208733258e+00
-1.449233803928105635e+00
-1.430807431067213198e+00
-1.491879197911125221e+00
-1.497360013286282543e+00
-1.498026350107048099e+00
-1.432198925468377126e+00
-1.497974555227725046e+00
-1.426560825935797583e+00
-1.496579816946185693e+00
-1.491852126145909674e+00
-1.487525167522136593e+00
-1.496734731138508190e+00
-1.447972670780061977e+00
-1.496792278726181369e+00
-1.496649608059996917e+00
-1.438527205553527866e+00
-1.488543212042842567e+00
-1.466254584067206324e+00
-1.483428777798807330e+00
-1.496532160121520905e+00
-1.491529520561544198e+00
-1.491039651742780414e+00
-1.487379799156121729e+00
-1.476508559873032755e+00
-1.476566914301086220e+00
-1.497926008328776426e+00
-1.498009500693609608e+00
-1.471633404607443740e+00
-1.497999429298703777e+00
-1.495221526234286724e+00
-1.493397486193234425e+00
-1.497535628302965494e+00
-1.497945415731180674e+00
-1.459611802003143666e+00
-1.496238085673183615e+00
-1.489819185643956434e+00
-1.460450192332436670e+00
-1.496388744262930226e+00
-1.488389883512243994e+00
-1.477924827530269880e+00
-1.492105990536615412e+00
-1.448455466255493373e+00
-1.498006269282197378e+00
-1.470425485277554678e+00
-1.480638760443167445e+00
-1.489896360749849658e+00
-1.493209805986264627e+00
-1.467743268564142944e+00
-1.479953488281644525e+00
-1.496742996650856306e+00
-1.473984567066295881e+00
-1.497969059505138256e+00
-1.468190547492194131e+00
-1.490191671415189489e+00
-1.496461102219715844e+00
-1.497997167940514185e+00
-1.497936776783138191e+00
-1.457414459913511706e+00
-1.458502002262286323e+00
-1.496359323946622188e+00
-1.496686542950290688e+00
-1.467975413096325399e+00
-1.492681399861524039e+00
-1.496567929713741751e+00
-1.451428297491036634e+00
-1.487538959182032050e+00
-1.417579845976460806e+00
-1.430286315760592286e+00
-1.495784357148339572e+00
-1.492917765582310041e+00
-1.497938076700075172e+00
-1.494323764278790101e+00
-1.491471782279986114e+00
-1.497477650911605895e+00
-1.469383594884037025e+00
-1.497954713567700491e+00
-1.496064696241734104e+00
-1.472361710146332658e+00
-1.494389759057678457e+00
-1.488345007697341460e+00
-1.496700233186261109e+00
-1.402462815868287471e+00
-1.493625493400740911e+00
-1.493698149427264754e+00
-1.497946237330516572e+00
-1.480633183857642532e+00
-1.493390719133677713e+00
-1.492247781672478402e+00
-1.453005966735361643e+00
-1.497591615192904291e+00
-1.497346376057269390e+00
-1.491016457478429702e+00
-1.491635751568042734e+00
-1.469884733961734913e+00
-1.466546471571298138e+00
-1.497281488858489329e+00
-1.497886968240208283e+00
-1.497442234802117689e+00
-1.494127665461595589e+00
-1.488196760667662044e+00
-1.421364265154865691e+00
-1.497934305297110136e+00
-1.473438774444528976e+00
-1.473650724453973382e+00
-1.497929778176762428e+00
-1.446180110664666119e+00
-1.453576760185020689e+00
-1.497905498572301708e+00
-1.497548119054916693e+00
-1.491094066281979602e+00
-1.497997254799462219e+00
-1.497994435690713111e+00
-1.490498020743645347e+00
-1.497396970859555143e+00
-1.493834716925354078e+00
-1.481350123473667901e+00
-1.470241656802501407e+00
-1.497309995744537492e+00
-1.489865022082078605e+00
-1.437010539444124380e+00
-1.497922786901390912e+00
-1.496491616952144499e+00
-1.483965872280589293e+00
-1.497909645280965929e+00
-1.461052096083036433e+00
-1.451084743920531883e+00
-1.463757278321985655e+00
-1.494149562673972254e+00
-1.497485185923541628e+00
-1.468953591574100992e+00
-1.475378998154082799e+00
-1.446739078705814086e+00
-1.461879913492833083e+00
-1.492084282416078267e+00
-1.493603013545836244e+00
-1.497925680206061205e+00
-1.488132637331266883e+00
-1.480452919885708596e+00
-1.422802755804196240e+00
-1.482196271623695605e+00
-1.488078735283649090e+00
-1.434276645615283341e+00
-1.497227091705262136e+00
-1.473908449842548540e+00
-1.485946316060763328e+00
-1.442302566499211958e+00
-1.485752473732753876e+00
-1.486196630602315105e+00
-1.442554339280592179e+00
-1.479735856307786701e+00
-1.496407681390701017e+00
-1.490180855038908403e+00
-1.497966371412321251e+00
-1.449217419649295291e+00
-1.497897012561127283e+00
-1.456639879736877141e+00
-1.491703446647556053e+00
-1.494552743658527083e+00
-1.497966731783021421e+00
-1.433065013620363981e+00
-1.496942507949281742e+00
-1.483565621641694143e+00
-1.477617945996240634e+00
-1.486234209207060619e+00
-1.452427002182296034e+00
-1.440448666644181808e+00
-1.490155974778937020e+00
-1.496340801752538585e+00
-1.492936486371251315e+00
-1.497255251322610059e+00
-1.497983127112808566e+00
-1.474308633024503434e+00
-1.490865688401764366e+00
-1.493328700760594208e+00
-1.496425523205334507e+00
-1.497966980100823964e+00
-1.497340515075992862e+00
-1.484452627252854651e+00
-1.477354471776260780e+00
-1.496981435855946563e+00
-1.444063600211962006e+00
-1.496802513189945394e+00
-1.484553520461640241e+00
-1.497530131694389866e+00
-1.493592722615115997e+00
-1.487352360330224332e+00
-1.491779467297368322e+00
-1.439302298678764469e+00
-1.469982987927676232e+00
-1.473852722559392925e+00
-1.476643889465132586e+00
-1.494682922256751034e+00
-1.448924187984284018e+00
-1.490024533580711408e+00
-1.484652448554033555e+00
-1.497567236200534335e+00
-1.414289086272805696e+00
-1.481600853953898067e+00
-1.490080832726390581e+00
-1.497149961707342269e+00
-1.492471663561311779e+00
-1.496623297968184607e+00
-1.470773935999127202e+00
-1.496853416518989510e+00
-1.493116472268387840e+00
-1.496473657308616811e+00
-1.497314490078935245e+00
-1.480245179258896870e+00
-1.438459789507787745e+00
-1.453438972368906734e+00
-1.493238482486202168e+00
-1.468309642334335585e+00
-1.478138616046218878e+00
-1.475754975769502098e+00
-1.497944885090590317e+00
-1.497319664279771700e+00
-1.497955600383978014e+00
-1.470946616510153904e+00
-1.497563770253307780e+00
-1.496488385342746863e+00
-1.497945227572311078e+00
-1.496889209391186526e+00
-1.460236111950721227e+00
-1.482505725728664236e+00
-1.453870083405947700e+00
-1.485837338526460272e+00
-1.493116115806664812e+00
-1.489241985508481747e+00
-1.495158556054958954e+00
-1.451663156049034953e+00
-1.497450060266836136e+00
-1.457988824099279990e+00
-1.484388429045522928e+00
-1.489936125975856784e+00
-1.491174370046361775e+00
-1.491279104253074195e+00
-1.497423923641842070e+00
-1.497938090556073520e+00
-1.429706664621092749e+00
-1.490212905917111197e+00
-1.439851321392921379e+00
-1.454323280091232906e+00
-1.497931237506590740e+00
-1.492244676680983595e+00
-1.494752592133680169e+00
-1.494541588747501315e+00
-1.497901544299487631e+00
-1.497167247198412543e+00
-1.450302236883277418e+00
-1.488196646294759562e+00
-1.460496177882436131e+00
-1.497913816627594263e+00
-1.466962356132604617e+00
-1.496469373239049938e+00
-1.489112613052601120e+00
-1.496724595987648732e+00
-1.472392952968190505e+00
-1.469546587643870472e+00
-1.495117246969219549e+00
-1.496474864516627035e+00
-1.457272724627598492e+00
-1.497461046078973013e+00
-1.490057364204275148e+00
-1.497366408267138072e+00
-1.497947694150340237e+00
-1.496989637657360817e+00
-1.494716783549491668e+00
-1.444549189457185356e+00
-1.491355795619332625e+00
-1.460940119948166416e+00
-1.497352613181235803e+00
-1.460151718638631912e+00
-1.497245433965513461e+00
-1.473556444787846642e+00
-1.497468761975759177e+00
-1.430996416685145434e+00
-1.464375699982293000e+00
-1.485667933836811061e+00
-1.497550037728369254e+00
-1.491755905620333333e+00
-1.442507266894478724e+00
-1.492741080596505121e+00
-1.493811028734439272e+00
-1.482080212398099395e+00
-1.497588494733418374e+00
-1.453031558863766559e+00
-1.497966807111944521e+00
-1.492094293621014200e+00
-1.497946020038679382e+00
-1.497449436644328724e+00
-1.497440321964660370e+00
-1.474057963088235335e+00
-1.448736514931336705e+00
-1.496841516776569847e+00
-1.497283183602134526e+00
-1.434921921088989416e+00
-1.497520439280192628e+00
-1.497949504562888778e+00
-1.463414514013815060e+00
-1.439338505456607908e+00
-1.497680865481069157e+00
-1.496661667909308324e+00
-1.496744810961382122e+00
-1.471463773929972962e+00
-1.493204119480861625e+00
-1.480294446775241690e+00
-1.491747233692334085e+00
-1.491255009621440308e+00
-1.466000987117295429e+00
-1.497352168770592851e+00
-1.497920762741019374e+00
-1.488617321362200929e+00
-1.496981778939695529e+00
-1.497958002611045281e+00
-1.435397982466858569e+00
-1.482480222405183401e+00
-1.497097578602477386e+00
-1.473753311482415507e+00
-1.484186108542340010e+00
-1.496723511421518271e+00
-1.451528810898153443e+00
-1.421198311588401930e+00
-1.496946387347152019e+00
-1.491156459075767993e+00
-1.497562921845983608e+00
-1.497933756947563921e+00
-1.497966890849878663e+00
-1.481413935812323501e+00
-1.491391135151901359e+00
-1.497392824214896612e+00
