-5.894793997952713083e-01
-5.832612984316422056e-01
-5.832851347016169141e-01
-5.976788671189917634e-01
-5.974659309225155424e-01
-5.959764089869333814e-01
-5.971552547501398633e-01
-5.839929752485825132e-01
-5.878012445257975171e-01
-5.956948934556914876e-01
-5.976973603913559030e-01
-5.973631208265198778e-01
-5.978615483703090261e-01
-5.978115042174233507e-01
-5.924582762612028430e-01
-5.976343759769572328e-01
-5.912198472736401866e-01
-5.962061187686397146e-01
-5.961043689833952497e-01
-5.978155652495099615e-01
-5.923238410117103170e-01
-5.978390001194550107e-01
-5.977756026634944986e-01
-5.978453005166722845e-01
-5.978283485831691335e-01
-5.951416177643461536e-01
-5.946291805678977083e-01
-5.961838010201229165e-01
-5.839082742543889593e-01
-5.918125402616335462e-01
-5.952180241668595384e-01
-5.850754812793804716e-01
-5.913860566882415126e-01
-5.929652745338155340e-01
-5.971625335017217706e-01
-5.863092801967634271e-01
-5.962916151123119901e-01
-5.964008792737497400e-01
-5.978421275006605695e-01
-5.870038768710567068e-01
-5.876752086417748044e-01
-5.975249814303590368e-01
-5.972080481672658037e-01
-5.839780843319369863e-01
-5.937374797152353834e-01
-5.816433797093106817e-01
-5.909051722349597524e-01
-5.858169281357897828e-01
-5.972821823755277704e-01
-5.862850262286140035e-01
-5.952233534274621318e-01
-5.966933886023236822e-01
-5.978182958872987340e-01
-5.942579237246884416e-01
-5.975876240493728231e-01
-5.969142738698048900e-01
-5.938577237041665624e-01
-5.975643447102977346e-01
-5.959882453983648132e-01
-5.978352771574629854e-01
-5.964656264489515136e-01
-5.935837665541096042e-01
-5.975345451818777631e-01
-5.899725022694094489e-01
-5.788611578257752965e-01
-5.936664472768081735e-01
-5.828332374306394170e-01
-5.877156066210939001e-01
-5.978276351900769781e-01
-5.952724092142654966e-01
-5.966844008738173555e-01
-5.959609685899688314e-01
-5.928959398964418481e-01
-5.971066876748575281e-01
-5.925605890309436630e-01
-5.978347220892085145e-01
-5.948009276265276979e-01
-5.963289061995221685e-01
-5.975332278260959695e-01
-5.975755815828217576e-01
-5.886732814336194108e-01
-5.895468652682377408e-01
-5.851811174737288068e-01
-5.892725656243039678e-01
-5.947778082421047996e-01
-5.959591266667468856e-01
-5.858788769194854806e-01
-5.895447465093804906e-01
-5.881792245866729330e-01
-5.978536018604411195e-01
-5.836577419625593732e-01
-5.934591623457147191e-01
-5.976019491875542711e-01
-5.863883709037674974e-01
-5.978419458927585195e-01
-5.944574577236546586e-01
-5.972492526719345163e-01
-5.948048997173084329e-01
-5.974947195002807687e-01
-5.962129483899100135e-01
-5.972549062656237195e-01
-5.975405009897424291e-01
-5.972092584209515165e-01
-5.972246555114163469e-01
-5.956623046161605428e-01
-5.957718654038383077e-01
-5.948038384752346586e-01
-5.923393340284003328e-01
-5.973438187004996847e-01
-5.975269739950074266e-01
-5.805541076200081418e-01
-5.957704050900413106e-01
-5.978265143433584283e-01
-5.974859697246922563e-01
-5.917521011518313001e-01
-5.861361314976586412e-01
-5.963027025075627874e-01
-5.973144056709481786e-01
-5.949793583216144155e-01
-5.976476808512581895e-01
-5.967853785926474641e-01
-5.830199554996563505e-01
-5.934423536030574153e-01
-5.944026512527836870e-01
-5.978039889099074911e-01
-5.974812474535776685e-01
-5.958040737980975221e-01
-5.969725399712099145e-01
-5.959961460405959199e-01
-5.896128890538586687e-01
-5.978250223645938943e-01
-5.969723807150496553e-01
-5.964050387931986164e-01
-5.926202141648156951e-01
-5.969095099220050882e-01
-5.976513586441053461e-01
-5.862168566757811616e-01
-5.957417382827027152e-01
-5.855515603410078596e-01
-5.971229148065669845e-01
-5.921320800637824844e-01
-5.960468234928323339e-01
-5.805405876101924489e-01
-5.937030512807889293e-01
-5.938799110675229143e-01
-5.939615517357362817e-01
-5.978113589311017106e-01
-5.956912319609893869e-01
-5.978238698529078077e-01
-5.955474539162589620e-01
-5.948377572434021543e-01
-5.977848050618542741e-01
-5.977035071203483652e-01
-5.935022294955326627e-01
-5.952010112317277502e-01
-5.955180082904173444e-01
-5.978694888265801977e-01
-5.799827961685134481e-01
-5.953013840565456460e-01
-5.978318885402752469e-01
-5.972395701767875265e-01
-5.978132676767183851e-01
-5.883421315314246725e-01
-5.977989420728756498e-01
-5.977861810909582685e-01
-5.976165863187982152e-01
-5.976384155886246274e-01
-5.904790875004602979e-01
-5.973545480022205423e-01
-5.976655547941102098e-01
-5.973495742740108083e-01
-5.908299262603743385e-01
-5.848337658183647703e-01
-5.971769662076605867e-01
-5.905593120926989625e-01
-5.978352049799634527e-01
-5.973722999418152879e-01
-5.916450670422984670e-01
-5.978194842549039434e-01
-5.971089153984560083e-01
