-5.894784418957719208e-01
-5.832571207165493377e-01
-5.832880191946676618e-01
-5.976816291340313336e-01
-5.974690897380759980e-01
-5.959794309549329983e-01
-5.971568719343405274e-01
-5.840014261635377846e-01
-5.878051559843918694e-01
-5.956960045430177431e-01
-5.976996703065312611e-01
-5.973664722206675215e-01
-5.978639001713460521e-01
-5.978139768565300383e-01
-5.924626838461317657e-01
-5.976369078140170155e-01
-5.912229381828356667e-01
-5.962093183099266280e-01
-5.961053829495689405e-01
-5.978184055479730530e-01
-5.923259301511788477e-01
-5.978413991544493378e-01
-5.977778129296369425e-01
-5.978480487940995847e-01
-5.978307625610242981e-01
-5.951437119085074556e-01
-5.946326912407582377e-01
-5.961850936384186506e-01
-5.839158806543801594e-01
-5.918167370619661360e-01
-5.952200103800785458e-01
-5.850820980568485208e-01
-5.913908742396987162e-01
-5.929693101953982248e-01
-5.971650667247501154e-01
-5.863109893108719994e-01
-5.962941889286292874e-01
-5.964037406424484988e-01
-5.978445924608779549e-01
-5.870084468705565328e-01
-5.876786134972148412e-01
-5.975272041343282492e-01
-5.972100214315753108e-01
-5.839803146675207612e-01
-5.937421787504245652e-01
-5.816396590662460397e-01
-5.909059399919666111e-01
-5.858234449322312631e-01
-5.972845979865498700e-01
-5.862930392603171725e-01
-5.952261506261398161e-01
-5.966949705300756968e-01
-5.978209984908667840e-01
-5.942590554394396873e-01
-5.975896676000613805e-01
-5.969166006797266277e-01
-5.938583080489500121e-01
-5.975667472724806029e-01
-5.959920499217733481e-01
-5.978379695802171767e-01
-5.964686453622319862e-01
-5.935868077994584935e-01
-5.975369076224955611e-01
-5.899775963690655489e-01
-5.788703392209125775e-01
-5.936687241295330875e-01
-5.828376190831446868e-01
-5.877144760893721065e-01
-5.978299652926702956e-01
-5.952739541236746756e-01
-5.966858485234104448e-01
-5.959623798726606525e-01
-5.928991871038392647e-01
-5.971083324384169888e-01
-5.925661282478600356e-01
-5.978373764357053366e-01
-5.948013511620244831e-01
-5.963325608007510326e-01
-5.975360592871920007e-01
-5.975776681907166710e-01
-5.886796627216211997e-01
-5.895528779638560257e-01
-5.851861300311306247e-01
-5.892753981601706048e-01
-5.947778593099108946e-01
-5.959613792314503167e-01
-5.858861506397505803e-01
-5.895499000242636622e-01
-5.881836340678023856e-01
-5.978560475706814481e-01
-5.836628482630169534e-01
-5.934630097020932027e-01
-5.976041856413560893e-01
-5.863861091204075615e-01
-5.978443725610669279e-01
-5.944607097831675624e-01
-5.972511658864577688e-01
-5.948061411911584884e-01
-5.974974735722332619e-01
-5.962147867925151612e-01
-5.972570917246872169e-01
-5.975428985626729528e-01
-5.972111416196856926e-01
-5.972265227562910672e-01
-5.956658424112831751e-01
-5.957738866793482746e-01
-5.948047880192569581e-01
-5.923451308147182903e-01
-5.973462738339155864e-01
-5.975297665232552902e-01
-5.805674356921252111e-01
-5.957734301137165289e-01
-5.978290331204114683e-01
-5.974882266706728062e-01
-5.917498350478080926e-01
-5.861348263976273731e-01
-5.963056865423542741e-01
-5.973173760341716765e-01
-5.949836545633124807e-01
-5.976506294259942287e-01
-5.967877317194234532e-01
-5.830215672840979302e-01
-5.934460029097612388e-01
-5.944046253712884642e-01
-5.978064230996108508e-01
-5.974836658813696966e-01
-5.958057973276781327e-01
-5.969757455041113658e-01
-5.960000646323200257e-01
-5.896183984281386792e-01
-5.978278562743511992e-01
-5.969755761202669708e-01
-5.964086784324919011e-01
-5.926246495277833759e-01
-5.969116390447123388e-01
-5.976533625027807828e-01
-5.862167627516896573e-01
-5.957442851941722184e-01
-5.855569663536781544e-01
-5.971262017640208697e-01
-5.921336577259207479e-01
-5.960503590428446463e-01
-5.805551804320085996e-01
-5.937065774050669376e-01
-5.938824093365733248e-01
-5.939623818492114626e-01
-5.978137661067115527e-01
-5.956951891896887785e-01
-5.978263100065911440e-01
-5.955498630826290274e-01
-5.948398900540168288e-01
-5.977871690951027661e-01
-5.977057533686138679e-01
-5.935046873705526194e-01
-5.952053157109054027e-01
-5.955186606407405492e-01
-5.978721615566946479e-01
-5.799802316687071579e-01
-5.953026730965543800e-01
-5.978345013550208087e-01
-5.972415989871747710e-01
-5.978160678298350961e-01
-5.883530997224242221e-01
-5.978014268836179257e-01
-5.977883410841525746e-01
-5.976191094543517046e-01
-5.976405025501371204e-01
-5.904793781092427807e-01
-5.973570482022619865e-01
-5.976686620354662027e-01
-5.973527988676625711e-01
-5.908340230518193126e-01
-5.848308642980404315e-01
-5.971791105604649097e-01
-5.905648754584209570e-01
-5.978380040221853431e-01
-5.973747000600415635e-01
-5.916498265542836643e-01
-5.978217825262542862e-01
-5.971119152635199212e-01
