-5.891514001500313125e-01
-5.904503832657341800e-01
-5.955515618056510529e-01
-5.848959172230665526e-01
-5.975401853297357402e-01
-5.978123331528608642e-01
-5.953025743451421103e-01
-5.959709051616941533e-01
-5.898182739124153695e-01
-5.864203218456809363e-01
-5.882615828972761474e-01
-5.978264431555275760e-01
-5.855028005402986846e-01
-5.895032584753339133e-01
-5.865008528430466495e-01
-5.955875716258292041e-01
-5.888420399364535651e-01
-5.946139553647940001e-01
-5.978444051083628974e-01
-5.818579141136710486e-01
-5.947013869967763267e-01
-5.966757354412679515e-01
-5.978052350778584323e-01
-5.869381451134090266e-01
-5.974828931589131198e-01
-5.927765802566413722e-01
-5.976844239134793124e-01
-5.847182022493784270e-01
-5.912518564232145390e-01
-5.971109899778370700e-01
-5.957530734681044660e-01
-5.973534644667510829e-01
-5.978092462841873012e-01
-5.851341979664270720e-01
-5.908240799412582955e-01
-5.943774674173896155e-01
-5.977786523376111827e-01
-5.868455865506534419e-01
-5.886401217516963325e-01
-5.865993825804893813e-01
-5.978232701395158610e-01
-5.960210161369745574e-01
-5.884150569413308940e-01
-5.948061787143801293e-01
-5.885279825974707446e-01
-5.876732403498594604e-01
-5.978350807067458472e-01
-5.915991566230063281e-01
-5.972544308837954841e-01
-5.908522117037777743e-01
-5.953152203087215266e-01
-5.978721315127317748e-01
-5.894767970398520074e-01
-5.974747492086593947e-01
-5.972107900392715774e-01
-5.946025105745051942e-01
-5.878010797400479159e-01
-5.958382780749802432e-01
-5.973142678935532413e-01
-5.978468703192179046e-01
-5.976968775589470706e-01
-5.954663120296304069e-01
-5.815890571188633285e-01
-5.978170526300077281e-01
-5.956533250950728497e-01
-5.867034476336543403e-01
-5.973095013846163592e-01
-5.973359760914449534e-01
-5.835822494786684356e-01
-5.841329479676191649e-01
-5.909415297296349845e-01
-5.926611072004293046e-01
-5.973974089224343142e-01
-5.899777226236169181e-01
-5.836998680692617736e-01
-5.961573226463501296e-01
-5.937742646869723639e-01
-5.950097185645704112e-01
-5.953952423383002124e-01
-5.905266280837808690e-01
-5.847197584894006095e-01
-5.823384253394310317e-01
-5.832481822085087142e-01
-5.901661506008808455e-01
-5.971596641552154860e-01
-5.877537936989669642e-01
-5.978085701439981303e-01
-5.975258844059412322e-01
-5.944252172571127257e-01
-5.969229135748450599e-01
-5.928951767359380565e-01
-5.883540371519033751e-01
-5.962166707117562137e-01
-5.958828982051913581e-01
-5.900852941062753043e-01
-5.978562054310445628e-01
-5.952913286250536284e-01
-5.960931822278057179e-01
-5.978610436518196902e-01
-5.963256005283896766e-01
-5.955262947913710914e-01
-5.956607745115165553e-01
-5.978580243040327868e-01
-5.924975324973915658e-01
-5.900908496782635293e-01
-5.905178433835958085e-01
-5.897170349576030812e-01
-5.978476717222933612e-01
-5.957941345490966878e-01
-5.898906062443260989e-01
-5.969978417356018863e-01
-5.974312732082311950e-01
-5.977086057041292033e-01
-5.932039588310276113e-01
-5.915146183774326882e-01
-5.976008419033591590e-01
-5.978376031939391932e-01
-5.850715870123808227e-01
-5.958677092653219542e-01
-5.960002355363671622e-01
-5.974649307404165111e-01
-5.974782905627493701e-01
-5.962809557181303344e-01
-5.818741321649854026e-01
-5.841210475277607284e-01
-5.973618500952129207e-01
-5.823322162118260703e-01
-5.973038715396528087e-01
-5.975008104082648597e-01
-5.971594438974265895e-01
-5.849327836271827064e-01
-5.897096530620460353e-01
-5.974648399364654860e-01
-5.848064376127426467e-01
-5.975066549230818591e-01
-5.852518295955364547e-01
-5.978459743869011245e-01
-5.954940356400315604e-01
-5.978390467439298472e-01
-5.896218619395499072e-01
-5.941342213277225337e-01
-5.976395155389313540e-01
-5.938616653524790845e-01
-5.973004363563363395e-01
-5.954953562554423652e-01
-5.973600111987893424e-01
-5.892327060077791057e-01
-5.900987750005428634e-01
-5.834642658096258483e-01
-5.978408139285151801e-01
-5.883777928624753795e-01
-5.978387496520285449e-01
-5.908537362788324199e-01
-5.976466592487399421e-01
-5.975183066998128734e-01
-5.838231528263990722e-01
-5.978285195392076812e-01
-5.887708226304952941e-01
-5.978381522085969291e-01
-5.950188718356643758e-01
-5.848108222794239364e-01
-5.970730693165664515e-01
-5.889684343796675048e-01
-5.969274919566218696e-01
-5.972957629796569190e-01
-5.957479705188875041e-01
-5.781030161392395339e-01
-5.906912381846909366e-01
-5.829871622931663833e-01
-5.954283040568684182e-01
-5.899022440512184939e-01
-5.792162036609356246e-01
-5.962285627697114787e-01
-5.887819295835201583e-01
-5.947614805859033904e-01
-5.898793442260925612e-01
-5.931704340123091779e-01
-5.848309146326486907e-01
-5.975213083524708590e-01
-5.978269758720402560e-01
