-5.748515274234694550e-01
-5.372169121027571270e-01
-5.765723842986506531e-01
-5.261533070214671204e-01
-5.218508183815163681e-01
-5.002100985356253693e-01
-4.609619226165694306e-01
-5.762605365224761078e-01
-5.285156719245595047e-01
-5.736589018114489624e-01
-5.025312337883395264e-01
-5.765217613287848542e-01
-5.311515737183970520e-01
-5.153569482125920365e-01
-5.072244327374381134e-01
-4.955863837011736939e-01
-5.409356724329871247e-01
-5.750090624996108124e-01
-5.697614509471339295e-01
-5.711744908102435181e-01
-5.764373388000411103e-01
-5.765508930989188263e-01
-5.316218748547715256e-01
-5.668094787605685303e-01
-5.214441135384720871e-01
-5.264164820172471115e-01
-5.664381697632950852e-01
-5.468739686392826149e-01
-5.190497763313931534e-01
-5.174230836190861771e-01
-5.706545147903842041e-01
-5.430093049862069199e-01
-5.055545080312174866e-01
-5.761241014905852387e-01
-5.701290309288186142e-01
-5.710572521992606232e-01
-5.727072764047068665e-01
-5.743978913732451508e-01
-4.617702659078520844e-01
-3.660459887095374176e-01
-5.654506940253657410e-01
-5.120714973517340729e-01
-5.585609968610686371e-01
-4.966043230005187104e-01
-5.494062226124686310e-01
-4.955863837011736939e-01
-5.247837953128499100e-01
-5.762648578592223236e-01
-5.407664418079537461e-01
-5.561888996370715210e-01
-5.147331595279854843e-01
-5.771833952375334809e-01
-5.018893476434630463e-01
-5.768739316471499512e-01
-5.669885404266995499e-01
-5.771047543593329499e-01
-5.227620858558100769e-01
-5.271432116486710617e-01
-5.509588472404164383e-01
-5.738923098750990937e-01
-5.274113114782256195e-01
-5.767551693924349854e-01
-5.769195366509837219e-01
-5.334765776850861618e-01
-5.213486175843161652e-01
-5.751937996455115387e-01
-5.356672597908062050e-01
-5.680892594017666886e-01
-5.152423620083016464e-01
-5.761427055903357575e-01
7.818897852221307065e-02
-5.467553879924696991e-01
-5.163758672632855484e-01
-5.239278390862626145e-01
-5.661191657044571945e-01
-5.392796300210637161e-01
-5.705355904855412552e-01
-5.681400183447283814e-01
-5.542160492249411652e-01
-5.180113479354065964e-01
-5.234260294445437500e-01
-4.946981999882144043e-01
-5.648038178541344712e-01
-5.710572521992606232e-01
-5.725022401519698212e-01
-5.757995094962996552e-01
-4.768154691763800690e-01
-5.766628716000002930e-01
-5.648038178541344712e-01
-5.235694158681315491e-01
-4.982471536703986237e-01
-5.771110948034209320e-01
-5.304958797850293228e-01
-5.225074678518456528e-01
-5.285156719245595047e-01
-5.338746077240091870e-01
-5.571906190224570343e-01
-5.737930755921286652e-01
-5.385073666319829533e-01
-5.085821837045830796e-01
-4.538707878299635956e-01
-5.674213390656394074e-01
-5.399357351333481381e-01
-5.362018436052483628e-01
-5.634885761745852539e-01
-5.463550478079003403e-01
-5.484249019854349205e-01
-5.503576189138573715e-01
-5.304958797850293228e-01
-5.246192818366569588e-01
-5.086611300565880844e-01
-5.010479349502009461e-01
-5.685340497501772949e-01
-5.767991762467307160e-01
-5.765155028410834381e-01
-5.771555822201651642e-01
-5.766310464449805329e-01
-5.674213390656394074e-01
-5.707491334386748383e-01
-4.930946115263384888e-01
-5.181450560547989914e-01
-4.655320864029807160e-01
-5.033363398023528168e-01
-5.507927644856852600e-01
-5.404856741287392685e-01
-5.757357027240675995e-01
-5.757779624172133515e-01
-5.222885884203595230e-01
-5.757943760462683747e-01
-5.188751328595561096e-01
-5.241253930934351990e-01
-5.449156310268324921e-01
-5.240713782467526505e-01
-5.404074178867620537e-01
-5.232497151800078461e-01
-5.771154980965537140e-01
-5.287552453436535904e-01
-5.195312403001469681e-01
-4.609619226165694306e-01
-5.768684070416373322e-01
-5.467512361564320633e-01
-5.721260007329863617e-01
-5.422245427825135300e-01
-5.674655694373530457e-01
-5.176129672535342285e-01
-4.782352816172522614e-01
-5.285156719245595047e-01
-5.768202837415618012e-01
-5.477517392345351288e-01
-5.758711170264166901e-01
-5.771047543593329499e-01
-5.399866491415185044e-01
-5.757943760462683747e-01
-4.974691938467902252e-01
-5.769981067486685822e-01
-5.006712075181883881e-01
-5.113129202135485718e-01
-5.671525984861535141e-01
-5.619803141661566803e-01
-5.246905475713891098e-01
-5.236294824489039490e-01
-5.748293470450324127e-01
-5.473358487569374153e-01
-5.661887466766518662e-01
-5.221038177468461106e-01
-5.618675403155964920e-01
-4.997038129576129029e-01
-4.846532340951842377e-01
-5.270442288227957794e-01
-5.622506342687291214e-01
-5.701290309288186142e-01
-5.275115683533829758e-01
-5.341570527151805470e-01
-5.748227383800429413e-01
-5.114333700247687409e-01
-5.050045396991652558e-01
-5.392796300210637161e-01
-5.770159657903594086e-01
-5.174861416079682419e-01
-5.618675403155964920e-01
-5.768103111394328186e-01
-4.896904822297972748e-01
-4.862663891025466034e-01
-5.707491334386748383e-01
-5.213430706270617554e-01
-5.750967558332366059e-01
-5.467616604500097344e-01
-5.348627805568856308e-01
-5.049850340791625092e-01
-5.677720825978201935e-01
-5.263814940907639572e-01
-5.763550583132189820e-01
-5.295124553002995560e-01
-5.771581973739546845e-01
-5.577181257166546891e-01
-5.748110074408930847e-01
-5.709425914891642639e-01
-5.293562222131175110e-01
-5.121125519134682724e-01
-5.257777102150601456e-01
-5.374529078461808274e-01
-5.767850089677256653e-01
-5.701211817421597550e-01
-5.515862177916449616e-01
-5.769305225320738861e-01
-5.304439883538168976e-01
-5.640033870794457505e-01
-5.734253819890898773e-01
-5.769305225320738861e-01
-5.328545715518874237e-01
-5.241172775485199997e-01
-5.559575386204403946e-01
-5.760641950972956726e-01
-5.750012580164355347e-01
-5.754499245294016907e-01
-5.208121329404992172e-01
-5.681776549526137421e-01
-5.432178038962763855e-01
-5.760160606213492462e-01
-5.188656780727786133e-01
-4.913274343915862152e-01
-5.611234452434462616e-01
-5.338303666420859406e-01
-5.020492110260409424e-01
-5.738923098750990937e-01
-5.570702791073006699e-01
-5.753378864236754486e-01
-5.051973197468203614e-01
-5.304989773639124939e-01
-4.837992112942618439e-01
-4.784107725926322052e-01
-5.218508183815163681e-01
-5.234654914446753571e-01
-5.330735087253731797e-01
-5.752040888973158905e-01
-5.173482779272479126e-01
-5.688830815114659378e-01
-5.211061905928534577e-01
-5.507529597588461945e-01
-5.138641480215472290e-01
-4.784107725926322052e-01
-5.711744908102435181e-01
-5.762282308050078461e-01
-5.743656080075186798e-01
-5.712238099285048554e-01
-5.399363479436022351e-01
-5.685654092439097473e-01
-5.768505368240756104e-01
-5.082647796579283783e-01
-5.701290309288186142e-01
-4.850657131381911347e-01
-5.648293174662274430e-01
-5.504112034895104477e-01
-4.722660552569312165e-01
-4.666027497359198639e-01
-5.165056396134776184e-01
-5.761073041566294739e-01
-5.769685800977629730e-01
-5.771998461194914887e-01
-4.947496797748488495e-01
-5.501079220183772156e-01
-5.681776549526137421e-01
-5.563221458204669068e-01
-5.727340128131789276e-01
-5.589755713798684189e-01
-5.578698661037367890e-01
-5.763627920158785889e-01
-5.674655694373530457e-01
-5.023548226662558625e-01
-5.668094787605685303e-01
-5.449644700483066151e-01
-4.837992112942618439e-01
-5.155350301273745606e-01
-5.506654471017998764e-01
-5.701290309288186142e-01
-5.037677731223982880e-01
-5.245444509991091797e-01
-5.738804895289820740e-01
-5.221734043069762299e-01
-5.766364481159133026e-01
-5.537254322179240296e-01
-5.765864323683661530e-01
-5.136668119438571045e-01
-5.218508183815163681e-01
-5.627884767808598587e-01
-5.263256203242224762e-01
-5.362077407397908280e-01
-5.635885741420668671e-01
-5.710589285798949311e-01
-5.739417370267790863e-01
-4.891600865729731629e-01
-5.304958797850293228e-01
-5.727072764047068665e-01
-5.028438825019282410e-01
-5.762377600975913117e-01
-4.967910494514388153e-01
-5.769695114203375885e-01
-5.768684070416373322e-01
-5.304958797850293228e-01
-5.665170173951071808e-01
-5.501079220183772156e-01
-5.524464115359467575e-01
-4.813996773072165558e-01
-5.479129846998137543e-01
-5.151925157614630768e-01
-4.609619226165694306e-01
-5.212399322398585388e-01
-5.041743662067336151e-01
-5.504112034895104477e-01
-5.669885404266995499e-01
-5.665170173951071808e-01
-5.772689279027861664e-01
-4.626556631036681244e-01
-5.292934957750720093e-01
-5.239278390862626145e-01
-5.181535199143570969e-01
-5.319509148456734726e-01
-5.499751694359463761e-01
-5.214441135384720871e-01
-5.770674977310580323e-01
