-6.232376898041072089e-01
-5.884077799703864020e-01
-6.237072508532118809e-01
-4.157993499085688160e-01
-5.860894987041280757e-01
-5.340982158504802291e-01
-5.961125548997973089e-01
-5.607024703690122180e-01
-6.218622255050487713e-01
-5.780239658040792206e-01
-6.152523780095358052e-01
-4.220290326110976431e-01
-6.185052206437322564e-01
-6.061485130640884567e-01
-6.226256663046441098e-01
-5.368981560041212742e-01
-5.474531718357337207e-01
-5.232623892248666753e-01
-5.575047258624438173e-01
-5.871389427545490314e-01
-5.662233135609237022e-01
-5.926533991156657244e-01
-6.240669657967249373e-01
-5.084443577280692850e-01
-5.878759730424027996e-01
-5.731964000691558425e-01
-6.239202840528076388e-01
-5.994625309107949329e-01
-5.724981575940917278e-01
-6.218637517968537143e-01
-6.118139718346518041e-01
-5.656139902002979003e-01
-6.235912242916369363e-01
-6.168048619080878092e-01
-5.719659358224320478e-01
-6.239123586841557323e-01
-5.825165809395167482e-01
-5.855050056444868201e-01
-5.176290866494066556e-01
-5.885641903595574265e-01
-5.880773995842948354e-01
-6.235247030401418478e-01
-5.318771457739164266e-01
-5.408040935397485649e-01
-4.220290326110976431e-01
-5.592491654975829674e-01
-6.238358125027502199e-01
-5.376439873119281954e-01
-6.237695983120512544e-01
-5.919471341100268624e-01
-6.177577541862755428e-01
-5.931917107004113232e-01
-5.621107523076134260e-01
-5.466884675251082459e-01
-6.226102133631201685e-01
-5.871389427545490314e-01
-6.157401396219764900e-01
-5.448730527561229664e-01
-5.493954301736504453e-01
-6.207423609673231590e-01
-6.054663169260801059e-01
-5.778693482734840181e-01
-5.940570735159791393e-01
-5.392696248726263075e-01
-6.160981196528777515e-01
-5.828139588091905132e-01
-6.238138667374358848e-01
-5.985311392833871924e-01
-6.237297233921471618e-01
-6.238474242584516327e-01
-6.173938335631345975e-01
-5.841300185920434984e-01
-6.106980542017024227e-01
-5.468484606983697871e-01
-5.721650429562040729e-01
-5.972460295166059918e-01
-5.309123710823524522e-01
-6.054663169260801059e-01
-5.636333427502612237e-01
-5.560590194039169987e-01
-6.109527367737801473e-01
-5.855283895286669260e-01
-5.538648085717666758e-01
-6.231324400448549072e-01
-5.762551046725916670e-01
-5.706427611742659334e-01
-5.794848006604154111e-01
-6.240951427980836463e-01
-6.228547172003642274e-01
-5.938553264623299688e-01
-5.621292301967497629e-01
-5.366736484168037613e-01
-6.236620205666157934e-01
-5.309930617034052114e-01
-5.841453943856844688e-01
-5.928168827140756214e-01
-5.635163668994098707e-01
-6.156626787893155761e-01
-6.163576708640123858e-01
-6.184918461534869571e-01
-5.232623892248666753e-01
-6.120428974664496868e-01
-6.232500669911843483e-01
-5.931917107004113232e-01
-5.953551912563149751e-01
-5.706476876562865952e-01
-6.238685649804036615e-01
-6.238030892171244624e-01
-6.071797031272131440e-01
-5.826587370491140838e-01
-5.627002444352501298e-01
-6.234297228026050020e-01
-6.234066269731846077e-01
-6.220006227596852622e-01
-5.911967155789578099e-01
-5.625314162880676871e-01
-5.925412243859379258e-01
-6.234814896469186296e-01
-6.190244277678568219e-01
-6.035945402724752773e-01
-6.111738408488415208e-01
-5.937177621180643738e-01
-5.710579084052013199e-01
-5.693980534039850827e-01
-5.344930900576948529e-01
-5.327724435504299638e-01
-6.224831740453364848e-01
-5.761279535179156808e-01
-5.924857321895793394e-01
-5.958118534107735842e-01
-5.937177621180643738e-01
-5.672044246723613181e-01
-5.727706888197426904e-01
-5.928058994908984580e-01
-5.621783320252347060e-01
-6.158237044617409506e-01
-6.237954092313099386e-01
-6.105946573739552408e-01
-6.238051427364447177e-01
-6.237842371472760439e-01
-5.889277790059170847e-01
-6.011001492639225230e-01
-5.583017911430137037e-01
-6.237842371472760439e-01
-6.160981196528777515e-01
-6.228523180762913780e-01
-6.220873603858754208e-01
-5.972460295166059918e-01
-6.234047023227365925e-01
-5.518142189030275091e-01
-5.769148708526375957e-01
-5.869448599787302490e-01
-6.234297228026050020e-01
-6.013431361773199368e-01
-6.093318008822335985e-01
-5.699083758182833526e-01
-6.231378013615130884e-01
-5.763850289160479257e-01
-6.241253747847531619e-01
-5.789723255048132566e-01
-5.731964000691558425e-01
-5.813627757290420472e-01
-6.232683673014525194e-01
-6.060306025040015365e-01
-6.158124699817595360e-01
-6.232179743660145599e-01
-5.563640331204692258e-01
-6.061485130640884567e-01
-6.222802295616467472e-01
-6.165241488400096115e-01
-6.240070917929110283e-01
-4.220290326110976431e-01
-5.654450248262777867e-01
-5.933527637218318773e-01
-6.232756525305612749e-01
-6.232470407356057729e-01
-6.139712158685890486e-01
-6.236687961411676584e-01
-6.042760277690483184e-01
-5.662074504787172335e-01
-6.163576708640123858e-01
-6.159331393236612273e-01
-6.195315229047624328e-01
-5.389272409531749020e-01
-5.919634348789304390e-01
-5.872238626751860036e-01
-6.236675207532264009e-01
-5.827845454268362202e-01
-6.229338363816492308e-01
-5.134778789632348239e-01
-6.033930183866250685e-01
-6.200164535125289866e-01
-5.320796674069159238e-01
-5.619523424041350523e-01
-6.071797031272131440e-01
-5.985311392833871924e-01
-6.238685649804036615e-01
-6.235458006551493071e-01
-6.232572375664136022e-01
-6.165448150173963304e-01
-6.236978964887714971e-01
-5.575699442959435315e-01
-6.241859462319715446e-01
-5.848126223217069430e-01
-5.972460295166059918e-01
-6.188278326790531692e-01
-6.184028942680481755e-01
-5.021189682676221455e-01
-5.629304210239918227e-01
-6.235537822107470873e-01
-5.829197380150664687e-01
-5.855050056444868201e-01
-6.185052206437322564e-01
-6.233384046660708222e-01
-6.233880838681009617e-01
-5.592491654975829674e-01
-6.048591005307898394e-01
-6.136774311699954021e-01
-5.655123809790831846e-01
-5.953315193963307772e-01
-6.237045797964105853e-01
-6.231776484414658368e-01
-6.199976207506691095e-01
-4.951054031429683033e-01
-5.985311392833871924e-01
-5.886291791042205235e-01
-5.847059562865645210e-01
-6.237063718709457971e-01
-5.997326025464854160e-01
-5.761279535179156808e-01
-6.061485130640884567e-01
-5.962607508595428873e-01
-6.071797031272131440e-01
-5.847771144863128656e-01
-6.232572375664136022e-01
-5.438825237933027079e-01
-6.234524923292359411e-01
-6.180590362627688128e-01
-6.235247030401418478e-01
-5.747218666424990241e-01
-5.480985967612974630e-01
-6.238268512089842899e-01
-6.055999451445509552e-01
-5.899511035803929326e-01
-6.241314826367992952e-01
-6.227939199442673601e-01
-6.189023697341076158e-01
-5.483920962550877798e-01
-6.143127639596716039e-01
-5.855050056444868201e-01
-5.057255145681301967e-01
-5.803125825002439786e-01
-5.730678386546080860e-01
-5.731964000691558425e-01
-5.600439169799620309e-01
-6.240746072716090165e-01
-6.107086591612216342e-01
-6.238191873741342208e-01
-6.236252486142412899e-01
-6.185052206437322564e-01
-6.055999451445509552e-01
-6.238756664036801958e-01
-5.732797315141230365e-01
-6.219474037815450052e-01
-5.677792384317988938e-01
-5.634562882067589706e-01
-6.163576708640123858e-01
-6.193936795936852979e-01
-6.239923841417914785e-01
-5.812650387287101594e-01
-5.897161516074449494e-01
-5.862143734206360923e-01
-6.157401396219764900e-01
-6.111695891282414861e-01
-6.212673183078410988e-01
-4.908640054893242954e-01
-6.239654067454711850e-01
-6.240404489491083728e-01
-5.849247656114788807e-01
-6.231905187200776908e-01
-6.240951427980836463e-01
-5.734737301099651630e-01
-5.914630907345461708e-01
-5.844319957300333490e-01
-5.850906322869636744e-01
-6.143127639596716039e-01
-5.815212182665282503e-01
-5.922494592107462319e-01
-6.216481784683095535e-01
-5.528623251995727905e-01
-5.914630907345461708e-01
-5.997360227477284145e-01
-5.886291791042205235e-01
-5.452069243654439346e-01
-6.221953638099589901e-01
-6.238226059033862292e-01
-6.238611885303572135e-01
-6.228903502746696574e-01
-6.199976207506691095e-01
-5.842357405869972320e-01
-5.021189682676221455e-01
-5.769484090996571668e-01
-6.090895106992542107e-01
-6.060306025040015365e-01
-5.165444075383409661e-01
-5.844153019374647151e-01
-6.237169087384706323e-01
-6.159596222333397764e-01
-5.200007842647400569e-01
-5.644350876450382470e-01
-6.239156943254812182e-01
-6.192080684840758353e-01
-5.755258595224935769e-01
-5.925412243859379258e-01
-5.901543391818474538e-01
-5.656501593042012610e-01
-6.238369187798943338e-01
-5.841664147037658461e-01
-6.068214575134999178e-01
-6.238704407349211500e-01
