-4.988104080645856531e-01
-5.432514039664086969e-01
-5.217512858896073968e-01
-5.764416320113954217e-01
-5.680047938464698465e-01
-5.291143650053558023e-01
-5.540760936080035837e-01
-5.178460156409558923e-01
-5.697242854027566583e-01
-5.753277180580911310e-01
-5.572161240367707880e-01
-5.394136527417716653e-01
-5.267886122553167016e-01
-5.441227400539931924e-01
-5.144306639073905618e-01
-5.711319720237073572e-01
-5.040652280537900598e-01
-5.264553999392804773e-01
-5.356915196268376977e-01
-5.442086545615014703e-01
-5.761325633017835290e-01
-5.396413368968782098e-01
-5.542721221087989480e-01
-5.272985411672410638e-01
-5.449692321805772455e-01
-5.442993467538175256e-01
-5.214581502466020257e-01
-5.231094093857822092e-01
-5.756796574084577234e-01
-5.183966284482297571e-01
-5.306366378305968912e-01
-5.347903309254464777e-01
-5.423106005279836328e-01
-5.701382359354314477e-01
-5.674978284029779108e-01
-5.765124274282273920e-01
-5.727073339609918268e-01
-5.768665609745797784e-01
-5.647849378971872003e-01
-5.157984098284063013e-01
-5.391186861185846002e-01
-5.215195001898822458e-01
-4.712390651790914209e-01
-5.546638717739400537e-01
-5.190402189134177835e-01
-5.766418812660989435e-01
-5.344903780011949213e-01
-5.271888909725961359e-01
-5.367747669904050500e-01
-5.479020619629439981e-01
-5.715668475119886072e-01
-5.217253690450009973e-01
-5.486978007345018060e-01
-5.100316883860644968e-01
-5.449692321805772455e-01
-5.696883493898925455e-01
-5.584044059603032739e-01
-5.581923326341924341e-01
-4.938054581968602808e-01
-5.707378661124524744e-01
-4.947392543642339380e-01
-5.771262546865758569e-01
-4.799399053542432458e-01
-5.755872776596364648e-01
-5.770275717465696008e-01
-5.764945683865365655e-01
-5.169583273916062982e-01
-5.084369493512925775e-01
-5.618649361519632013e-01
-5.696883493898925455e-01
-5.441512925414857538e-01
-5.579784264652547510e-01
-5.755786424367246301e-01
-5.101379318027314813e-01
-5.281521951644239099e-01
-5.064082195846852930e-01
-5.298439090936002405e-01
-5.405544949559983881e-01
-5.008643096177396448e-01
-4.785709580271062524e-01
-5.327280847220239313e-01
-5.305357346175727518e-01
-5.701496800272283227e-01
-5.559884434430417688e-01
-5.431062107770261438e-01
-5.765638401596364648e-01
-5.355171983926114709e-01
-5.114731596647319467e-01
-5.751069610802945764e-01
-5.767415439574536951e-01
-4.894526464729127557e-01
-5.282396575300511987e-01
-5.217512858896073968e-01
-5.343153638629731805e-01
-5.223004160313424737e-01
-5.576658485321817071e-01
-5.666174081950006158e-01
-5.768590992181119592e-01
-5.771608700840291650e-01
-5.763089930503186853e-01
-5.767149938134965570e-01
-5.312694882838544519e-01
-5.770379727570829065e-01
-5.065304016558942468e-01
-5.717725654928502710e-01
-5.449692321805772455e-01
-5.711196040599164636e-01
-5.674257291345414789e-01
-5.516522222994384439e-01
-5.501582803069171579e-01
-5.569972595064458520e-01
-5.648418305306253107e-01
-5.431062107770261438e-01
-5.657696885852632196e-01
-5.710675841061887414e-01
-5.766075527159986169e-01
-5.752338072149572046e-01
-5.761828621713933618e-01
-5.504617256908235223e-01
-5.771716175465402277e-01
-5.764610817520436914e-01
-5.572161240367707880e-01
-5.351857891170797021e-01
-5.394408864764985712e-01
-5.770328616587934167e-01
-5.679171582548436792e-01
-5.366044988720235498e-01
-5.409234551577386529e-01
-4.861966309933480890e-01
-5.629571279375371606e-01
-5.530707811801252038e-01
-5.766320800273236902e-01
-5.770444696633634241e-01
-5.327830700068292291e-01
-5.574622651426610620e-01
-5.723143642632779748e-01
-5.573073712973413141e-01
-5.140413841097173364e-01
-5.701496800272283227e-01
-5.282283848016080530e-01
-5.479940226166066797e-01
-5.758010720698651941e-01
-5.371600551395234735e-01
-5.672296149520692499e-01
-5.748054435341176660e-01
-5.482462284951028497e-01
-5.131463216482219369e-01
-5.230115441469964654e-01
-5.760793438045797021e-01
-5.516653632609662683e-01
-5.277715040235337884e-01
-5.187109516798076303e-01
-5.456218359856424005e-01
-4.427124237506208093e-01
-5.629571279375371606e-01
-5.591674869744596155e-01
-5.477667091278848321e-01
-5.316158806769666345e-01
-5.239452713964996011e-01
-5.610895262895641000e-01
-5.680975312231597574e-01
-5.569972595064458520e-01
-5.493099143593129785e-01
-5.542721221087989480e-01
-5.766758819906530054e-01
-4.772115511684236200e-01
-4.646214222400006921e-01
-5.756195237724599512e-01
-5.505954300849256189e-01
-4.825299693136033685e-01
-5.767072116820630701e-01
-5.198343297331151636e-01
-5.769791206209478052e-01
-5.770035585253057153e-01
-5.680047938464698465e-01
-5.711196040599164636e-01
-5.507354451207933099e-01
-5.431062107770261438e-01
-5.743761671571550043e-01
-5.714213712005433710e-01
-5.516653632609662683e-01
-5.028482055156049402e-01
-5.761402783779916437e-01
-5.692682539908704431e-01
-5.073919122903165491e-01
-5.450296377627668054e-01
-5.423765623806533487e-01
-5.711196040599164636e-01
-5.755786424367246301e-01
-5.706817744164285333e-01
-5.765255963294324548e-01
-5.711196040599164636e-01
-5.340348681299504907e-01
-5.291605753688630731e-01
-5.767415439574536951e-01
-5.142673304168996484e-01
-5.351907903193053873e-01
-5.274196801571664484e-01
-5.768819762258348138e-01
-5.052209360389527948e-01
-5.017921602217969568e-01
-4.753519793836888940e-01
-5.636941579966363580e-01
-5.259370220689592035e-01
-5.021216919510183008e-01
-4.427124237506208093e-01
-5.693471742658433588e-01
-5.491451969234761865e-01
-5.549724617837485940e-01
-5.460316551713761957e-01
-5.167436072467384012e-01
-5.763369997827825220e-01
-5.309474779157457025e-01
-5.047973072020826013e-01
-4.957997253029164941e-01
-5.138813195614633234e-01
-5.670276949046668680e-01
-5.130554245649394662e-01
-5.071446796743688257e-01
-4.964913552491483362e-01
-5.647849378971872003e-01
-4.944825893132505090e-01
-5.766413187472638757e-01
-4.399379467456159265e-01
-5.245776655016956003e-01
-5.710675841061887414e-01
-5.767107991366204889e-01
-5.505954300849256189e-01
-5.773139683394250543e-01
-5.610895262895641000e-01
-5.353229990093526514e-01
-5.394136527417716653e-01
-5.408077085255202920e-01
-4.610770692913350732e-01
-5.630141230164584787e-01
-5.641948519139108331e-01
-5.664257978884992273e-01
-5.768380364267644556e-01
-5.022710723666963251e-01
-5.765255963294324548e-01
-4.889776309816655786e-01
-5.772594263641652734e-01
-5.438382675735768945e-01
-5.761402783779916437e-01
-5.372578868506965311e-01
-5.750506458668527277e-01
-4.961242427913961084e-01
-5.768578698723134668e-01
-5.764420753209409387e-01
-5.137499360232171686e-01
-5.569972595064458520e-01
-5.756734771518525751e-01
-5.353233678130921991e-01
-5.764600759236631067e-01
-5.767032181708631189e-01
-5.507581731169042261e-01
-5.455071305720624597e-01
-5.680975312231597574e-01
-4.811676157502946527e-01
-5.087532115964708002e-01
-5.707378661124524744e-01
-5.334548534689960153e-01
-5.772659158198651941e-01
-5.012476196377095849e-01
-4.967408155886945398e-01
-5.252584120123204858e-01
-5.755383496968564661e-01
-5.477667091278848321e-01
-5.765703370659169824e-01
-4.974866783110913904e-01
-4.948230324177560480e-01
-4.620397290079412134e-01
-5.712795643000421197e-01
-5.445952763645467432e-01
-5.688972653685626657e-01
-5.769297605244931848e-01
-4.975650621442613275e-01
-5.405544949559983881e-01
-5.764420753209409387e-01
-5.540760936080035837e-01
-5.768992876498517663e-01
-5.766000686077890069e-01
-5.192857192693767221e-01
-4.620397290079412134e-01
-4.787660589306172998e-01
-5.048979049413022668e-01
-5.232652028887090356e-01
-5.764776034145173700e-01
-5.376872507719812067e-01
-5.150854917107638986e-01
-5.762469930438813837e-01
-5.263552920757350595e-01
-5.767072116820630701e-01
-5.654680071263131769e-01
-5.287417819588002832e-01
-5.707378661124524744e-01
-5.761443240432557733e-01
-5.770834436504659326e-01
-5.324113270132360132e-01
-5.288517376272496850e-01
-5.764944976060208948e-01
-4.841239279000577600e-01
-5.762912532179174097e-01
-5.623563019423303277e-01
-5.688972653685626657e-01
-5.238721327720698984e-01
-5.671428268639859827e-01
-5.757981104640779169e-01
-5.712795643000421197e-01
-3.664427151768026025e-01
-5.759991792826471002e-01
-5.420413104681787164e-01
-5.750425210087117822e-01
-5.764977833120641382e-01
-5.208071594922361047e-01
-5.113406324623641641e-01
-5.772950922934827478e-01
-5.225934771685418756e-01
-5.766766494004544885e-01
-5.312694882838544519e-01
