-7.905290674755358626e-01
-7.885603195393466880e-01
-7.667632371524357726e-01
-7.873002643102788856e-01
-7.849175560625278880e-01
-7.907138013618075778e-01
-7.909908460790300300e-01
-7.909949015231811931e-01
-7.715995692053818633e-01
-7.895124618301176955e-01
-7.708430270070218970e-01
-7.904807038942360808e-01
-7.727195656264209678e-01
-7.780367162415766646e-01
-7.908744815142834117e-01
-7.885384711774074962e-01
-7.905563547613108089e-01
-7.894615110347056319e-01
-7.903454404661440780e-01
-7.661494713613772323e-01
-7.736436248162770202e-01
-7.866517825389289786e-01
-7.658401046285414626e-01
-7.771567821839833190e-01
-7.832185480149471690e-01
-7.838352251203739574e-01
-7.854959749022507598e-01
-7.904030274005615642e-01
-7.787615808995449473e-01
-7.904237041587018897e-01
-7.907653044315063884e-01
-7.817742164118224313e-01
-7.842835903504872253e-01
-7.907011153513574531e-01
-7.905186483042323520e-01
-7.907793995330119063e-01
-7.909919706510388782e-01
-7.869935471901678969e-01
-7.860789269546055724e-01
-7.884759594092154433e-01
-7.718140527943158080e-01
-7.786536885762596061e-01
-7.776478164235138824e-01
-7.885651670733475616e-01
-7.841220645571136405e-01
-7.885667400771760871e-01
-7.848362446168446471e-01
-7.723957885393881728e-01
-7.892883069219076564e-01
-7.861806264484310081e-01
-7.825990089552485873e-01
-7.910948790015661647e-01
-7.776381236838185718e-01
-7.890514105895543029e-01
-7.767527888866150310e-01
-7.763627346942210128e-01
-7.908984197640800407e-01
-7.905686831438922813e-01
-7.910417624155068328e-01
-7.899026706220590999e-01
-7.893908576445662906e-01
-7.782479192467415263e-01
-7.897685811260723998e-01
-7.910565704444432189e-01
-7.789431841449820926e-01
-7.909802532160663535e-01
-7.815286764746540715e-01
-7.837340054905050923e-01
-7.886613666417086055e-01
-7.899675768205904891e-01
-7.741084190422677924e-01
-7.713459346780562331e-01
-7.905704386869454314e-01
-7.781641756521546771e-01
-7.905886022711181571e-01
-7.847549094224357535e-01
-7.803155526855969359e-01
-7.870827008375906875e-01
-7.879801255987965991e-01
-7.910620158875369956e-01
-7.865819799119615485e-01
-7.868042912671351363e-01
-7.801889263430619170e-01
-7.791168855840349128e-01
-7.905958465637648036e-01
-7.807104907335722377e-01
-7.809303345495843818e-01
-7.841277060436093738e-01
-7.735108973795556953e-01
-7.833069458941006591e-01
-7.910155913198375632e-01
-7.763291363010191848e-01
-7.909536891022705962e-01
-7.873085167596125533e-01
-7.745028220454239776e-01
-7.818378711456441810e-01
-7.845535714516425063e-01
-7.910848938265824248e-01
-7.870206132868313720e-01
-7.894272411579275062e-01
-7.896039991976702144e-01
-7.886953529307627608e-01
-7.893907798791313102e-01
-7.856327009724461963e-01
-7.785744781943046977e-01
-7.910607143642389705e-01
-7.898649786004805495e-01
-7.735119795763873984e-01
-7.768949943931782176e-01
-7.625691600481057097e-01
-7.909361634740614821e-01
-7.904979929665112426e-01
-7.870556007476532390e-01
-7.740255192259335448e-01
-7.907518612558031013e-01
-7.905899647960448196e-01
-7.684490334579729964e-01
-7.891024899074816634e-01
-7.864218981342399051e-01
-7.721669532695794036e-01
-7.684063472190880706e-01
-7.814072997646415164e-01
-7.828720345499002864e-01
-7.861656018869960239e-01
-7.847658841276550223e-01
-7.910056997427725722e-01
-7.907347970979297092e-01
-7.630361885169529845e-01
-7.861706710757696559e-01
-7.861669564956808021e-01
-7.908932383509361674e-01
-7.761488816106700828e-01
-7.857169907877230575e-01
-7.909924125636005332e-01
-7.884101679885768821e-01
-7.814934827258819272e-01
-7.800547553563499381e-01
-7.776080135593199660e-01
-7.903649814764046599e-01
-7.734224748203539779e-01
-7.910568675363445212e-01
-7.782470847817146709e-01
-7.907134991476321151e-01
-7.848686071449899604e-01
-7.615861229935669829e-01
-7.908633498812103202e-01
-7.894463830964648654e-01
-7.709170159289622237e-01
-7.830205381253743102e-01
-7.829747030848646094e-01
-7.858121347019457748e-01
-7.910950694570326736e-01
-7.772871394047522475e-01
-7.900236647913241317e-01
-7.905820317903542449e-01
-7.862717163154864242e-01
-7.690800967032098701e-01
-7.804698663169526984e-01
-7.903931726107382705e-01
-7.899391062894844939e-01
-7.870122169481599261e-01
-7.779555579984569480e-01
-7.756832473317170074e-01
-7.847576419228696754e-01
-7.680966414848351409e-01
-7.826496619602674176e-01
-7.854684645647191932e-01
-7.847029448824012210e-01
-7.735948738047861983e-01
-7.889111785555267264e-01
-7.563909020612025191e-01
-7.906735603103423049e-01
-7.903877751307570865e-01
-7.910361553879463603e-01
-7.902080722490334441e-01
-7.904332357795917918e-01
-7.555647109040999343e-01
-7.812631687486553123e-01
-7.903493520209574630e-01
-7.719577763566756179e-01
-7.902739633211874892e-01
-7.909856246190154483e-01
-7.910161910915756156e-01
-7.740067018533134391e-01
-7.900287418963396480e-01
-7.564974639901900222e-01
-7.722881816664719512e-01
-7.910082031378531386e-01
-7.901320632884287765e-01
-7.854128236288213660e-01
-7.897213723847651412e-01
-7.911160456353807380e-01
-7.801976910198116233e-01
-7.899631195107483794e-01
-7.877964608708405425e-01
-7.910858158359312942e-01
-7.894159367645168235e-01
-7.910306498745465209e-01
-7.908324933016681602e-01
-7.878490642981612613e-01
-7.888423933984720637e-01
-7.883837389165544440e-01
-7.860608362464243104e-01
-7.910367039369428088e-01
-7.804844433778905799e-01
-7.900170887226247718e-01
-7.675334968009972503e-01
-7.842239903623247077e-01
-7.747330747881913116e-01
-7.870263353327298095e-01
-7.885029128158473899e-01
-7.866423477755868365e-01
-7.910825301298880508e-01
-7.830675503576183250e-01
-7.910214479418480327e-01
-7.698450971731924941e-01
-7.911327367985629966e-01
-7.903655346820139815e-01
-7.792701030487203528e-01
-7.906809652561330726e-01
-7.817347905004405906e-01
-7.910928361454987456e-01
-7.902652847917759349e-01
-7.800722432659947803e-01
-7.873130360024058749e-01
-7.816164827311420371e-01
-7.735801998863005569e-01
-7.870112767780208518e-01
-7.812702521553271939e-01
-7.769387418741369178e-01
-7.676672887394213607e-01
-7.862297227477663686e-01
-7.910457577893519332e-01
-7.799669577145957877e-01
-7.890417574310684135e-01
-7.888248132878923347e-01
-7.911073172802114417e-01
-7.819504100700849225e-01
-7.744104311207318236e-01
-7.831583491863691737e-01
-7.596168525854134490e-01
-7.860922430047774245e-01
-7.901236306281769206e-01
-7.910534668119633128e-01
-7.674518812784933974e-01
-7.868375059554362227e-01
-7.703347847202801635e-01
-7.896068867633128097e-01
-7.905772275628530910e-01
-7.910012387076401641e-01
-7.784502383658671310e-01
-7.910693789238119056e-01
-7.843717679718518188e-01
-7.702587152237081458e-01
-7.848077442834162643e-01
-7.908911126071596076e-01
-7.753507828677081992e-01
-7.696052406320357253e-01
-7.905385660344743659e-01
-7.882073091680192878e-01
-7.910304729232573440e-01
-7.910314265975737502e-01
-7.825407822022223403e-01
-7.851549241097652843e-01
-7.540711935946726729e-01
-7.873497361654424598e-01
-7.897117499599242141e-01
-7.910520744847142627e-01
-7.841975687408828666e-01
-7.902849226595842769e-01
