-5.813130607520735627e-01
-5.857420428677561075e-01
-5.875012708229465641e-01
-5.905323183406337995e-01
-5.842523639255939871e-01
-5.888197916928440412e-01
-5.854992608731269810e-01
-5.698773042193022720e-01
-5.870331690436719763e-01
-5.904663210247690364e-01
-5.893194083717689935e-01
-5.911024839097904771e-01
-5.903060850327043196e-01
-5.908170807814839831e-01
-5.840106112131634442e-01
-5.882556035658942362e-01
-5.798324067816702510e-01
-5.908475861159123710e-01
-5.911174955197066039e-01
-5.867332935450210174e-01
-5.881478031566388376e-01
-5.846527333913827951e-01
-5.902462560878649622e-01
-5.901569324627389257e-01
-5.903888483961133860e-01
-5.904326027618921335e-01
-5.793740686595292289e-01
-5.910122739543977044e-01
-5.852050997978763824e-01
-5.910505684605571464e-01
-5.892732119329404661e-01
-5.814423131780559473e-01
-5.854581672922110069e-01
-5.910950607947736968e-01
-5.849250566102206506e-01
-5.910717291615338320e-01
-5.901689934680459659e-01
-5.909982631176537993e-01
-5.807593099877269571e-01
-5.878479031810038835e-01
-5.836617520249173241e-01
-5.845366138258354383e-01
-5.810324672488864639e-01
-5.764995653488684813e-01
-5.796805727298575128e-01
-5.904913220756293768e-01
-5.891172806844341414e-01
-5.887510359731729093e-01
-5.858573575519447907e-01
-5.879331532494014301e-01
-5.905639067352127514e-01
-5.844830763849425681e-01
-5.906408543172914083e-01
-5.910834900760654209e-01
-5.882203940452326307e-01
-5.898696530809439675e-01
-5.847966200695928762e-01
-5.911134053040045799e-01
-5.809427437041133624e-01
-5.905031998350681599e-01
-5.860743713783065356e-01
-5.908076183190809072e-01
-5.875030130265452843e-01
-5.879193939534510527e-01
-5.811765659889169822e-01
-5.888223091858233449e-01
-5.910689536387772058e-01
-5.894372353809363974e-01
-5.884942716548055008e-01
-5.909418983790136748e-01
-5.900585324949347843e-01
-5.908442681986064704e-01
-5.900800395416174737e-01
-5.766620129961299579e-01
-5.910068623757489537e-01
-5.910745875422321882e-01
-5.818777196706472754e-01
-5.875982586369147276e-01
-5.889144048276919730e-01
-5.906419118494524723e-01
-5.844043383362858002e-01
-5.907860875084293140e-01
-5.908357330734502755e-01
-5.807446050615650002e-01
-5.844816452790712047e-01
-5.764037877789434106e-01
-5.818320750293988208e-01
-5.838759615985174012e-01
-5.902931969160732928e-01
-5.905287632064959435e-01
-5.870371367494846560e-01
-5.803267410608423660e-01
-5.908492349886041994e-01
-5.808891624922315478e-01
-5.905462365394483770e-01
-5.824896597231860040e-01
-5.768426470047518517e-01
-5.771470224808128435e-01
-5.730850622227883218e-01
-5.804740137073404194e-01
-5.909684009117067705e-01
-5.719369568847484375e-01
-5.907560784405790910e-01
-5.836371551237038435e-01
-5.892797234277041829e-01
-5.889441667397599112e-01
-5.867730564580142527e-01
-5.906509380851806545e-01
-5.910998463099186306e-01
-5.794534639946463672e-01
-5.798952108991372034e-01
-5.777209842168918863e-01
-5.829365554465261168e-01
-5.852794716740182812e-01
-5.843828103446105926e-01
-5.908436424900894712e-01
-5.873449829987460458e-01
-5.884952767390073669e-01
-5.906247574732499395e-01
-5.853126658913013758e-01
-5.879142517365901766e-01
-5.906943568102246411e-01
-5.790064923603637226e-01
-5.875985768426500444e-01
-5.908026696470842776e-01
-5.896194781022648934e-01
-5.887380801596090452e-01
-5.907652598061640115e-01
-5.892145602881410094e-01
-5.825969871018140678e-01
-5.883825748317010884e-01
-5.891904034845795168e-01
-5.906174338551396508e-01
-5.911454703312051251e-01
-5.897675283611333308e-01
-5.805379842038426164e-01
-5.808281297913380214e-01
-5.882055579711771287e-01
-5.800871280636872296e-01
-5.884863608301842408e-01
-5.891122537604858156e-01
-5.900666142904388289e-01
-5.911418351431236839e-01
-5.887196643694134757e-01
-5.910816066075895714e-01
-5.911099176287964996e-01
-5.911186320307892927e-01
-5.904640671815576392e-01
-5.724142396536459065e-01
-5.910481280385232461e-01
-5.911446512378661922e-01
-5.911171360239966255e-01
-5.897735667082575350e-01
-5.812935749717527134e-01
-5.909475238904825511e-01
-5.873510346838551888e-01
-5.910716428246070020e-01
-5.892309406919670201e-01
-5.776801881637404490e-01
-5.866740816286587501e-01
-5.908184178374080719e-01
-5.871572266498507053e-01
-5.860916761783599993e-01
-5.906983795390015057e-01
-5.844090813904826431e-01
-5.877189874137357384e-01
-5.774251076410129579e-01
-5.893217866208521061e-01
-5.897407392756816025e-01
-5.811911786401797730e-01
-5.889856324023896583e-01
-5.774115775989054899e-01
-5.880851891310285851e-01
-5.840553282651784750e-01
-5.908782849602179921e-01
-5.905336354975974089e-01
-5.784203396230718219e-01
-5.757273127473542251e-01
-5.881535383520286597e-01
-5.902594279942686706e-01
