-7.737011667019582095e-01
-7.697063607307976785e-01
-7.785962340100562873e-01
-7.786205475828504863e-01
-7.755012816893762650e-01
-7.743536301101452413e-01
-7.784981098635948005e-01
-7.693387739970243278e-01
-7.501745787127769294e-01
-7.737919920734024348e-01
-7.730232162545329633e-01
-7.630420024185335937e-01
-7.764152148417091670e-01
-7.781101516126549544e-01
-7.716607798035151067e-01
-7.785404431312239470e-01
-7.569122039391553702e-01
-7.590688340975797477e-01
-7.785893985680198970e-01
-7.774794851108348670e-01
-7.591244741021550002e-01
-7.786966100945031943e-01
-7.780772796510613265e-01
-7.558311693980253043e-01
-7.770361159606731238e-01
-7.639084024964726272e-01
-7.582553629442012610e-01
-7.786790062351978126e-01
-7.771542220986342731e-01
-7.743279498214727941e-01
-7.780749010532057586e-01
-7.735959752141392531e-01
-7.727283204118615689e-01
-7.762547894059574904e-01
-7.747334097190654578e-01
-7.785991085371828380e-01
-7.777040600455260577e-01
-7.757791797309077086e-01
-7.785543850301659408e-01
-7.778514842181361022e-01
-7.785943881287133994e-01
-7.786796041442907157e-01
-7.754236082225001159e-01
-7.784216063707030120e-01
-7.786323688602900805e-01
-7.785655758022225204e-01
-7.778492890908277335e-01
-7.685629166341281238e-01
-7.782168932868993583e-01
-7.776213935254967513e-01
-7.444982123239791694e-01
-7.709800200215435328e-01
-7.778103355928218665e-01
-7.774253920330560508e-01
-7.738566856975561681e-01
-7.682718119728273454e-01
-7.669707615538394752e-01
-7.425961051746166053e-01
-7.737298179096436801e-01
-7.637320146574533286e-01
-7.713515686015492978e-01
-7.424196381731784644e-01
-7.778291678666031661e-01
-7.778585715829289260e-01
-7.593117314069426360e-01
-7.722063744119262996e-01
-7.786337029798782172e-01
-7.613332825391447845e-01
-7.778883562101877036e-01
-7.776389335892057719e-01
-7.736412936034506860e-01
-7.613943484290397468e-01
-7.783668110757029357e-01
-7.743228722507959905e-01
-7.481390465660846534e-01
-7.783465189537859263e-01
-7.556979474290168586e-01
-7.740198447978949847e-01
-7.397360023721015754e-01
-7.771226619048869910e-01
-7.762694181552982631e-01
-7.662240485339320006e-01
-7.769496631487167182e-01
-7.727307383580959144e-01
-7.785869026235199275e-01
-7.762594888596690001e-01
-7.750339044402247968e-01
-7.785476040705001655e-01
-7.760125463507032695e-01
-7.619255412979877295e-01
-7.782103260657644572e-01
-7.757673915154195132e-01
-7.706332970089173617e-01
-7.677753963186300101e-01
-7.774673546343005004e-01
-7.701228886986977162e-01
-7.780474656871414485e-01
-7.775539369000947776e-01
-7.600303967161929908e-01
-7.756677691037661138e-01
-7.752032256363785567e-01
-7.678654915331757369e-01
-7.723432641620642247e-01
-7.782156089930689635e-01
-7.663290640017843547e-01
-7.576222377507841887e-01
-7.781120696714973750e-01
-7.662695082514441314e-01
-7.786498265019512477e-01
-7.488996334983861747e-01
-7.786102452925300899e-01
-7.735215103863632979e-01
-7.750477895284897389e-01
-7.783499983749246898e-01
-7.717019628877646031e-01
-7.781374589218652549e-01
-7.775873704492008986e-01
-7.784992362982487979e-01
-7.784905549748695197e-01
-7.753310743397927585e-01
-7.782250991701042953e-01
-7.735322285122132602e-01
-7.672592452405846419e-01
-7.640359806506789031e-01
-7.626722179963147941e-01
-7.763470802134728732e-01
-7.780413333936488929e-01
-7.670147521099901500e-01
-7.786931777051544490e-01
-7.653669411926424804e-01
-7.698396043530559840e-01
-7.618476026370084586e-01
-7.693811435862338843e-01
-7.774087097174382510e-01
-7.548332721604860129e-01
-7.775600091232812705e-01
-7.783547793193614783e-01
-7.787004271200752559e-01
-7.769258175655162635e-01
-7.730680498904443088e-01
-7.650063042207515540e-01
-7.760255983709252181e-01
-7.473812219365394416e-01
-7.737172287567413154e-01
-7.766947978786087337e-01
-7.675724499537504020e-01
-7.698883469826436343e-01
-7.714791488512313666e-01
-7.786291157505369487e-01
-7.736630665282613339e-01
-7.775758881731784644e-01
-7.783048776588297191e-01
-7.530732680722034278e-01
-7.785012758946872058e-01
-7.697321329875743690e-01
-7.636914676665222945e-01
-7.780336797847307029e-01
-7.737317983670985999e-01
-7.782922102748310866e-01
-7.629656144096410575e-01
-7.781537784873402419e-01
-7.624683784930861297e-01
-7.778641874580538573e-01
-7.783314394443190398e-01
-7.536481623216426673e-01
-7.741983702550536695e-01
-7.472989395870721641e-01
-7.785623087226307693e-01
-7.550903376801765265e-01
-7.687245683888799253e-01
-7.734604193507588210e-01
-7.785904630697226825e-01
-7.786237806691682639e-01
-7.632526619969761672e-01
-7.769955922528064551e-01
-7.784814987941539588e-01
-7.592184566571271720e-01
-7.656754511087096038e-01
-7.696000167312926354e-01
-7.739650616100883784e-01
-7.786457747830903831e-01
-7.772727613015926185e-01
-7.567152329399144950e-01
-7.689989381148374381e-01
-7.638694126768863502e-01
-7.786521478234684768e-01
-7.784972814521646800e-01
-7.684445832534587684e-01
-7.781214904650008979e-01
-7.751106046750104728e-01
-7.786689502796984019e-01
-7.596840499578869643e-01
-7.785611357218480411e-01
-7.785084014437055888e-01
-7.751396149075484576e-01
-7.698995244833535256e-01
-7.745298463529801669e-01
-7.786510898410237136e-01
-7.736634870204037728e-01
-7.786828823997533622e-01
-7.784167010947025123e-01
-7.785186539082682433e-01
-7.779237609035229983e-01
-7.772704953937685790e-01
-7.395682190223491492e-01
-7.782729351571655574e-01
-7.604578924043929877e-01
-7.656149617074883285e-01
-7.777089979178166690e-01
-7.786085647209441962e-01
-7.473658364876067939e-01
-7.779451827197230163e-01
-7.784477471983886065e-01
-7.567396643250143828e-01
-7.735593162621265950e-01
-7.747857444598234000e-01
-7.763371043517148795e-01
-7.775977421230531039e-01
-7.716229487820422950e-01
-7.708833259208953681e-01
-7.439492796226299109e-01
-7.781989867477572265e-01
-7.785801039687252345e-01
-7.781620430438673797e-01
-7.696958214188820424e-01
-7.786004552296257319e-01
-7.776163271306908431e-01
-7.740004511694318357e-01
-7.758978469907200637e-01
-7.635370534523284736e-01
-7.658001356436765494e-01
-7.785060116699791255e-01
-7.676489576375937762e-01
-7.585700326277768912e-01
-7.759618307142412963e-01
-7.780505376546538177e-01
-7.693245666711485686e-01
-7.644108361243164840e-01
-7.786403451724803748e-01
-7.786846323548710647e-01
-7.776048048077977004e-01
-7.535901334746635261e-01
-7.780643435804999175e-01
-7.776402071728265586e-01
-7.747504240511811080e-01
-7.699713003500259223e-01
-7.722089751302159133e-01
-7.786291129565692248e-01
-7.614468936486995521e-01
-7.785750431618547740e-01
-7.786117545007622542e-01
-7.654434614493406119e-01
-7.743287435411370101e-01
-7.668181596933758559e-01
-7.784997820532775226e-01
-7.675566486692881885e-01
-7.588420570506608787e-01
-7.761599290794587436e-01
-7.686601436841196122e-01
-7.750328448279655280e-01
-7.613270585103786292e-01
-7.786142336814558806e-01
-7.786274351789510551e-01
-7.780587928979552093e-01
-7.784660393050766292e-01
-7.785405888832068744e-01
-7.679542437805688682e-01
-7.758889109506166282e-01
-7.712031185771233144e-01
-7.758637102930701079e-01
