-7.737020883349490230e-01
-7.697033514740391213e-01
-7.785983814705447204e-01
-7.786227158049416897e-01
-7.755030454835926124e-01
-7.743539744613401332e-01
-7.785005521752762503e-01
-7.693393735539718614e-01
-7.501751497238818844e-01
-7.737928600419070602e-01
-7.730229557944944263e-01
-7.630362673405599594e-01
-7.764165839973824479e-01
-7.781116424772642759e-01
-7.716586529274764850e-01
-7.785430510450542796e-01
-7.569137230278482065e-01
-7.590693617960325712e-01
-7.785917129528975300e-01
-7.774813397035031937e-01
-7.591174838362987343e-01
-7.786987147918014163e-01
-7.780795553680901477e-01
-7.558350332089283086e-01
-7.770364343975412202e-01
-7.639121523326535268e-01
-7.582579843650150142e-01
-7.786810170270294096e-01
-7.771562957170899955e-01
-7.743376014084991654e-01
-7.780756721951944677e-01
-7.735957352735356451e-01
-7.727293949937619200e-01
-7.762562122484496507e-01
-7.747340552594580432e-01
-7.786006438607256941e-01
-7.777075996654041479e-01
-7.757790822254548857e-01
-7.785562131324758051e-01
-7.778530680823495524e-01
-7.785961959432906587e-01
-7.786816044155528971e-01
-7.754237336014252469e-01
-7.784238829909788659e-01
-7.786342712116653964e-01
-7.785674216904580058e-01
-7.778509471300484313e-01
-7.685620563045467701e-01
-7.782203599367644165e-01
-7.776236922149410979e-01
-7.445019551595327689e-01
-7.709825238945928749e-01
-7.778117524896069890e-01
-7.774264180566997640e-01
-7.738563306068260150e-01
-7.682749042176308940e-01
-7.669768333662851933e-01
-7.425978650399049918e-01
-7.737297187537092169e-01
-7.637301040841858457e-01
-7.713526657287103072e-01
-7.424313771338819645e-01
-7.778308899251824560e-01
-7.778609826459856880e-01
-7.593219288217561980e-01
-7.722084273280256372e-01
-7.786358881753580041e-01
-7.613280503113017961e-01
-7.778906592501056982e-01
-7.776405469163765183e-01
-7.736454627525289895e-01
-7.614011315184688877e-01
-7.783687094073823420e-01
-7.743225562856060895e-01
-7.481475785266156198e-01
-7.783483413067536771e-01
-7.556918520021691510e-01
-7.740202027299468712e-01
-7.397290270476725160e-01
-7.771237290902942574e-01
-7.762700960362757252e-01
-7.662190346811417196e-01
-7.769518218536357601e-01
-7.727265745780419470e-01
-7.785885590254546518e-01
-7.762618257269439104e-01
-7.750339890940755039e-01
-7.785494510369089793e-01
-7.760142232192167588e-01
-7.619265670136179391e-01
-7.782124342821336027e-01
-7.757693768132529755e-01
-7.706322966464551616e-01
-7.677732204703698882e-01
-7.774689190355088542e-01
-7.701233505000324442e-01
-7.780488484897980506e-01
-7.775549461552612174e-01
-7.600288185518681017e-01
-7.756678708829556346e-01
-7.752038527883637897e-01
-7.678673223296298422e-01
-7.723499006681647794e-01
-7.782180814535992752e-01
-7.663294334923012041e-01
-7.576205848319761404e-01
-7.781139674093949798e-01
-7.662679717987623818e-01
-7.786517762905618145e-01
-7.489024624431167565e-01
-7.786127371789891560e-01
-7.735241413261598753e-01
-7.750529279078208766e-01
-7.783531628748932008e-01
-7.717026208020805189e-01
-7.781392818420060919e-01
-7.775902847568206822e-01
-7.785007647570999501e-01
-7.784919498131919191e-01
-7.753321293621330268e-01
-7.782264663078416467e-01
-7.735330813659611060e-01
-7.672610581245321582e-01
-7.640383506291135163e-01
-7.626806992087113990e-01
-7.763489539228137781e-01
-7.780432774082747249e-01
-7.670135303217586742e-01
-7.786951123626981719e-01
-7.653663492433568916e-01
-7.698346164213998311e-01
-7.618534677614369199e-01
-7.693769319597372203e-01
-7.774122120881382658e-01
-7.548338362756812359e-01
-7.775610878693310912e-01
-7.783570272617645891e-01
-7.787023428368593514e-01
-7.769277388180216848e-01
-7.730693001932126274e-01
-7.650013060601456027e-01
-7.760257354489362713e-01
-7.473902921810542388e-01
-7.737201678224120416e-01
-7.766955249229119396e-01
-7.675727320417218280e-01
-7.698857334472786196e-01
-7.714840393010002906e-01
-7.786310908642184447e-01
-7.736642061524567904e-01
-7.775784000013838959e-01
-7.783067081102754692e-01
-7.530622463214229345e-01
-7.785035976028171767e-01
-7.697367171031960220e-01
-7.636960761295458200e-01
-7.780352887726929012e-01
-7.737340865462035699e-01
-7.782930776832257536e-01
-7.629600439728978500e-01
-7.781550806542811838e-01
-7.624737426112616623e-01
-7.778668509222567140e-01
-7.783347571917051955e-01
-7.536471154297349484e-01
-7.741972816124458312e-01
-7.472962135627757574e-01
-7.785642777619917743e-01
-7.550860780176749110e-01
-7.687240852751269227e-01
-7.734616806344402073e-01
-7.785921562985512745e-01
-7.786258815473935391e-01
-7.632529666631681087e-01
-7.769971292901894921e-01
-7.784836646328663345e-01
-7.592052922576302265e-01
-7.656712135600063363e-01
-7.695966775658905634e-01
-7.739693520208702493e-01
-7.786479028126728208e-01
-7.772745806919131306e-01
-7.567199742547653374e-01
-7.690023276662004692e-01
-7.638684928878045621e-01
-7.786547034832044245e-01
-7.784989981345261656e-01
-7.684500499776603100e-01
-7.781235175366997270e-01
-7.751110049750868924e-01
-7.786705936584119581e-01
-7.596824930625900585e-01
-7.785628608171120124e-01
-7.785105828321851051e-01
-7.751409294090092494e-01
-7.698966138685051641e-01
-7.745308518859792546e-01
-7.786532457723890355e-01
-7.736648965338963624e-01
-7.786849314988810722e-01
-7.784185930682328003e-01
-7.785204909042282573e-01
-7.779262989074136048e-01
-7.772729237742356245e-01
-7.395526851545979330e-01
-7.782744107202691497e-01
-7.604581631003436426e-01
-7.656154984668550600e-01
-7.777112667884620301e-01
-7.786103420079181214e-01
-7.473599729034555716e-01
-7.779460479115182236e-01
-7.784493778694389077e-01
-7.567381335231530004e-01
-7.735622860594670858e-01
-7.747868949599399091e-01
-7.763381439175094378e-01
-7.775986352871019358e-01
-7.716239229934159782e-01
-7.708785251632817026e-01
-7.439393401373213255e-01
-7.782005763616857141e-01
-7.785826253092166249e-01
-7.781635475494841359e-01
-7.696914112496450189e-01
-7.786024287172893521e-01
-7.776185144911229585e-01
-7.740019257526613572e-01
-7.758975425210999921e-01
-7.635379599367995151e-01
-7.657964678632017685e-01
-7.785076258115792847e-01
-7.676484859837634511e-01
-7.585644809193418103e-01
-7.759632579922299822e-01
-7.780512840358358995e-01
-7.693257103849686640e-01
-7.644111441700933707e-01
-7.786421137983466911e-01
-7.786868037073667592e-01
-7.776056166364831990e-01
-7.535911497027545369e-01
-7.780660698809269693e-01
-7.776406474482872033e-01
-7.747507937059920913e-01
-7.699711954394808933e-01
-7.722100340707398480e-01
-7.786308866853800525e-01
-7.614422953843399400e-01
-7.785773183654900453e-01
-7.786138556440914682e-01
-7.654448008952332572e-01
-7.743293948141084515e-01
-7.668163171924669008e-01
-7.785020030871125929e-01
-7.675572518621893714e-01
-7.588376570255006559e-01
-7.761618021314425908e-01
-7.686620088381008742e-01
-7.750342905658322845e-01
-7.613261765767989075e-01
-7.786163900850362474e-01
-7.786296151613955052e-01
-7.780610771139341297e-01
-7.784673642169885888e-01
-7.785426553173783182e-01
-7.679603005658198756e-01
-7.758891471948586860e-01
-7.712102017033640733e-01
-7.758650088962877334e-01
