-8.104052776821193405e-01
-8.095750574642592845e-01
-7.873725944732512527e-01
-7.980842732977712073e-01
-7.893802808105240265e-01
-8.054384654072892502e-01
-7.602913367296221248e-01
-7.991041766489601628e-01
-7.720503555642453941e-01
-8.071120633003963096e-01
-8.026769233777166779e-01
-7.580159057848322446e-01
-8.107594380210987328e-01
-7.755622902229249993e-01
-8.107308039961212964e-01
-8.107577246444800378e-01
-8.100806983073185474e-01
-7.823334055696955502e-01
-8.045940711928207811e-01
-8.081278245699432539e-01
-8.098210754652629406e-01
-7.794530990896855194e-01
-7.618871358113655790e-01
-8.052572050841432238e-01
-7.996826995793797632e-01
-7.990860684735280328e-01
-8.103443829391261399e-01
-8.099070695380686802e-01
-8.039650645510520999e-01
-7.470193143646226552e-01
-8.092922408658624889e-01
-7.973691521822819928e-01
-8.101045746360988620e-01
-8.103444994200367235e-01
-7.515066987572909252e-01
-8.033045235576320442e-01
-8.044959627037936434e-01
-8.032295357469637631e-01
-8.038468039952041400e-01
-7.836007906287132396e-01
-7.835977397371882702e-01
-8.107840551432905496e-01
-8.033973421399431825e-01
-7.544367337312611888e-01
-8.107353217105108811e-01
-7.853567566395568411e-01
-8.024903016108958509e-01
-7.831550799764137594e-01
-7.874832517182023262e-01
-7.551045385608150529e-01
-8.029814264246597499e-01
-7.573429837613818716e-01
-8.102333477914724913e-01
-8.095873925423339168e-01
-8.103445399690010209e-01
-8.099879693759595156e-01
-8.085543066517335564e-01
-8.103847962865942112e-01
-7.488688922381423474e-01
-8.103176079976699420e-01
-7.991735123841712252e-01
-7.704037204844049747e-01
-8.051447771286419641e-01
-8.061499384926992251e-01
-7.572281335028139271e-01
-8.016949201790007917e-01
-8.033858807481510933e-01
-8.060172020895396416e-01
-8.096334337952580951e-01
-7.930958839843025299e-01
-7.721328750648372985e-01
-7.931155603284505418e-01
-7.706897125002514226e-01
-8.107680207321733556e-01
-8.103532327289881820e-01
-8.107333084151246982e-01
-8.040707750609729088e-01
-8.034658387207942454e-01
-7.965167636722515487e-01
-7.946165798994826446e-01
-7.683350739242109650e-01
-7.831106648071615162e-01
-8.071187960679943041e-01
-8.013198381048620700e-01
-8.093957562455518229e-01
-7.856564201563944749e-01
-8.102364894629443537e-01
-7.975181807163406189e-01
-7.989542652146205404e-01
-7.662378529160105423e-01
-8.107527429434707722e-01
-7.857766875296158249e-01
-8.098737172779048032e-01
-8.097861864623272510e-01
-8.101169783551330772e-01
-8.091357612017862078e-01
-8.096866427994611204e-01
-7.811529964796538605e-01
-8.077992968503530102e-01
-7.851032884785393851e-01
-8.097855128958680870e-01
-8.067435059950290865e-01
-8.010364225579323927e-01
-8.044160287601231918e-01
-8.107082958882411150e-01
-8.101235970958057253e-01
-8.100819188723274999e-01
-8.095398954245547340e-01
-8.069551215857007076e-01
-7.755243072624755651e-01
-8.107509160439568818e-01
-8.065239469487127666e-01
-8.081833420242567900e-01
-8.103453775173083962e-01
-8.098715739076289832e-01
-7.610911139209793896e-01
-8.107892618790852879e-01
-7.920987737727375189e-01
-7.968013795451925896e-01
-7.571378199914999829e-01
-8.070101738804035252e-01
-8.097735631305128523e-01
-8.107699573556261807e-01
-8.050027717139248695e-01
-8.045967562196768563e-01
-8.107809489567776584e-01
-8.107487947036429166e-01
-7.916261018111333536e-01
-8.014796966782172793e-01
-8.032175982635856304e-01
-7.883235476389570673e-01
-8.056614414798337620e-01
-7.796552924919670780e-01
-7.791341846563275553e-01
-7.964046295604958470e-01
-7.690182667293954388e-01
-7.710351476062448084e-01
-7.794126386192600231e-01
-8.107551029865878167e-01
-8.097420975068194693e-01
-8.095077331864323211e-01
-8.107363862446388403e-01
-8.107742480471618052e-01
-8.100877221556762597e-01
-7.965140602414439996e-01
-7.868536583158873832e-01
-8.107226714806680112e-01
-8.101813809683070522e-01
-7.881991468920722665e-01
-8.101133888630129842e-01
-7.935535540219876838e-01
-8.100101887900753583e-01
-8.093251539853610899e-01
-8.098865562085617587e-01
-7.894783910125831028e-01
-8.074629654130116574e-01
-8.095575288073570963e-01
-7.545800378669307307e-01
-8.101171353829902388e-01
-8.057395032940023460e-01
-8.107723257767175395e-01
-7.940005906602202179e-01
-7.900890025741581502e-01
-7.594219164823130530e-01
-8.095505256300067343e-01
-8.107504818592946583e-01
-8.102949175499195578e-01
-7.840278746870259496e-01
-8.107253861784858850e-01
-8.102018886727926361e-01
-7.899770416352555058e-01
-8.104057656597117854e-01
-7.995298739223785089e-01
-7.913176759283477857e-01
-8.107342469833714871e-01
-8.047243505419732212e-01
-8.039578558858458956e-01
-7.691065978402934489e-01
-8.094512492708856310e-01
-7.806820551186652857e-01
-7.915700007002912653e-01
-8.107492213873103148e-01
-8.102292589867651218e-01
-8.096058966464403372e-01
-7.799220847922511135e-01
-7.948187608527813586e-01
-8.102529542256896589e-01
-7.603479481670519791e-01
-7.912986544066703543e-01
-7.990235765228416165e-01
-7.588941785930041206e-01
-7.814803878911773527e-01
-7.836200060662715794e-01
-7.957267934780019036e-01
-7.756875100471473106e-01
-7.635333192635580524e-01
-8.100348679211966108e-01
-7.742771705671592786e-01
-8.102518519595844904e-01
-7.875153202283952103e-01
-7.917599269384307803e-01
-8.078710028456237424e-01
-8.036730104480719339e-01
-7.682558616309512756e-01
-8.107586572247320600e-01
-7.427161707746818831e-01
-8.101554840461333562e-01
-7.783850720881986263e-01
-7.655097699559606506e-01
-8.101891571500481337e-01
-8.056552343848288888e-01
-8.103330940191946219e-01
-7.845899916806279295e-01
-7.795806775370204278e-01
-7.955923415082190031e-01
-8.010651213028419093e-01
-8.107431253252050940e-01
-8.101180042483011601e-01
-8.068262216514436869e-01
-8.097125580796000754e-01
-7.570573216302816100e-01
-7.975667516652373834e-01
-7.516080110787467516e-01
-8.103160940468737694e-01
-7.672443121980221381e-01
-8.094746990420205179e-01
-8.065690111674509444e-01
-8.104185195134607778e-01
-7.991369214866086423e-01
-7.773835873411794051e-01
-7.923770960547560360e-01
-8.095644417137930482e-01
-8.107413942455987677e-01
-8.101783929786925409e-01
-8.107548572177840640e-01
-8.057470475109549390e-01
-7.855847747950687188e-01
-7.933056612794723295e-01
-7.965487026945478055e-01
-7.991770451143179743e-01
-8.097060774318022291e-01
-7.836317167938459116e-01
-8.106973350610685580e-01
-7.932309737205882616e-01
-8.095637731663194447e-01
-8.015942454600262224e-01
-7.860863017074558590e-01
-8.071148245791983644e-01
-8.079118805497332856e-01
-8.100437873510403231e-01
-7.793120743161786601e-01
-8.103015881915477392e-01
-8.104897374761430573e-01
-8.107562420416674076e-01
-8.095003116444138280e-01
-8.099603421851925278e-01
-8.107641154583182797e-01
-8.092595525881660645e-01
-8.073903721794295496e-01
-8.091330690449521912e-01
-8.038994767978298039e-01
-8.095542978109582233e-01
-7.854038199086752492e-01
-7.410505640621199985e-01
-8.107883485278377655e-01
-8.107897620646732362e-01
-7.967800624363495787e-01
-8.073228225637850697e-01
-7.823091129892288942e-01
-8.096985737728520371e-01
-8.036349084937515208e-01
-7.666155792720164008e-01
-8.035973661819649783e-01
-7.891982764239947601e-01
-8.091218736729557381e-01
-7.614229160199444957e-01
-7.986913361762206787e-01
-7.966689121328043299e-01
-7.526345070186494235e-01
-7.962419210744564602e-01
-7.924430618956775918e-01
-8.017929058501328532e-01
-8.096907872161153152e-01
-8.044311440129594537e-01
-8.096221864693280423e-01
-8.056701940057958700e-01
-7.647753782049565574e-01
-7.796053961881272976e-01
-7.863788122070443087e-01
-8.100551227708973068e-01
-8.102275261511534543e-01
-7.863204212450159991e-01
-7.828238720869777900e-01
-8.098962712217514515e-01
-8.090417843954175181e-01
-7.787562827354710393e-01
-8.080624728515518607e-01
-8.050766068144847853e-01
-7.938476885852616682e-01
-7.527686558787053395e-01
-8.022903375818335459e-01
-8.063025642378670588e-01
-8.094785535169140012e-01
-8.101941620760091389e-01
-7.811943343053743272e-01
-8.074799418663584083e-01
-8.101533208198703484e-01
-7.831598502025954867e-01
-7.864772626108080811e-01
-8.088093455994737058e-01
-7.958029354887286022e-01
-8.056289780339637163e-01
-8.107350276337358386e-01
-8.045987316510668785e-01
-8.046698555038322986e-01
-7.878105603278031666e-01
-7.940664162782321567e-01
-8.094300980489109731e-01
-8.103934694386016879e-01
-7.454340994843637880e-01
-7.707916270912289480e-01
-7.980105412460897218e-01
-8.107384634939640566e-01
-7.963188610465147255e-01
-8.048411315779941955e-01
-7.798347754505345897e-01
-8.107496600329548997e-01
-8.101817395430120916e-01
-7.933145510963059976e-01
-8.102595439053869031e-01
-7.645642399958746394e-01
-8.107553611703822716e-01
-7.642444443942534305e-01
-7.839878320512324583e-01
-8.103455624491795461e-01
-8.107394637741619503e-01
-8.093455709059493852e-01
-7.989872932300376984e-01
-7.990356891890829649e-01
-8.053247317038011444e-01
-7.676249069017287985e-01
-7.970725252569953456e-01
-8.067024126360863301e-01
-7.381127077164384431e-01
-7.922999140988666866e-01
-8.093096201958772662e-01
-8.102325335821163321e-01
-8.102680722195417795e-01
-7.845848195968092575e-01
-8.104720824183372363e-01
-8.101453777242716425e-01
-8.103083743860901578e-01
-8.101744953128399152e-01
-8.107344920811676570e-01
-8.107843176630690207e-01
-7.861268576968034605e-01
-8.107442525723244087e-01
-7.833311558077139525e-01
-8.065403388685228325e-01
-7.395383418961460897e-01
