-7.983660388249952389e-01
-8.103782549558523618e-01
-7.764317463511924977e-01
-8.072335242616712758e-01
-7.819541223599315583e-01
-8.099280784361458929e-01
-7.993868651464671737e-01
-8.107605814071601191e-01
-8.051215057843646994e-01
-7.860571307389243589e-01
-7.938476885852616682e-01
-8.107252381876166591e-01
-8.107343120723020657e-01
-8.107640164903963109e-01
-8.101880262569380875e-01
-8.096572616910973075e-01
-8.094214278278898389e-01
-7.671673893359327590e-01
-7.839015521326858638e-01
-7.957036584886133523e-01
-7.423898041993525210e-01
-8.022676936820414273e-01
-8.101870812227008889e-01
-8.095569110398592727e-01
-7.869275459174416287e-01
-8.101180042483011601e-01
-7.796749987370936719e-01
-8.101864887861732756e-01
-8.107230776863397770e-01
-8.107381440902262648e-01
-8.058371429914397144e-01
-8.096152018659478200e-01
-7.935535540219876838e-01
-8.095303967671906298e-01
-8.107451081806238413e-01
-8.102611849570841018e-01
-8.075473533771058143e-01
-7.742123273713458209e-01
-7.982522884025351484e-01
-8.107291152364914932e-01
-8.070495662067205256e-01
-7.779809525334361320e-01
-8.107460795708311130e-01
-8.096703939925344873e-01
-7.469353927381613412e-01
-7.968029229909633360e-01
-7.693605855709153563e-01
-8.089874670991431538e-01
-7.893511285179962700e-01
-8.107563442515660634e-01
-8.107342226333756896e-01
-8.040238413587348365e-01
-7.970193160098152374e-01
-8.083845908093042487e-01
-7.864244863342860770e-01
-8.107589509684901552e-01
-8.103449517996657026e-01
-8.062630462756730232e-01
-8.097149410266742953e-01
-7.441754484062998998e-01
-8.097862619152829122e-01
-8.080849877474117759e-01
-7.980821432774740654e-01
-8.035114786530810349e-01
-8.030705956428912939e-01
-7.587666994696014022e-01
-7.884616710578058463e-01
-8.100885008240544805e-01
-7.456339311035528050e-01
-8.076382676949352968e-01
-8.065466553234417191e-01
-8.097045614430292693e-01
-8.107424280237669478e-01
-7.495892301644311306e-01
-7.710351476062448084e-01
-8.107362564247485581e-01
-8.101211953367299934e-01
-7.903673717781357633e-01
-7.907700713280545468e-01
-8.107344920811676570e-01
-7.986338872124535415e-01
-8.107108829461687760e-01
-8.040883398848407415e-01
-8.030825208482998967e-01
-7.940664162782321567e-01
-7.791341846563275553e-01
-7.477429432972568790e-01
-8.103621435038314003e-01
-7.372244853772819129e-01
-8.107791666602122138e-01
-8.107548396207809871e-01
-8.003229990471006916e-01
-8.074246083068938873e-01
-7.863204212450159991e-01
-8.096271440303208777e-01
-7.403588671917941122e-01
-7.702870655342899386e-01
-8.104588889749743119e-01
-8.093645143186930513e-01
-7.895193503876025698e-01
-8.098352959328068978e-01
-8.060278280779807902e-01
-8.021220053652849957e-01
-7.956776485625528528e-01
-8.104940637586504071e-01
-8.107128290476005583e-01
-7.751154356595305606e-01
-7.801854203493309159e-01
-8.107557229050672554e-01
-8.102460649322468234e-01
-7.949033832166636504e-01
-8.052016535578548906e-01
-7.729471773474885232e-01
-8.095542978109582233e-01
-8.100012366412713272e-01
-8.030534322057129026e-01
-8.095575288073570963e-01
-8.031936288188796791e-01
-7.858830253440448610e-01
-8.073877835825242766e-01
-8.071332118154043167e-01
-7.625885396848824938e-01
-8.099233547259478971e-01
-7.765648400920884820e-01
-8.074467561460511034e-01
-7.960268571735221732e-01
-7.868643432683003480e-01
-8.078008869280681736e-01
-7.845848195968092575e-01
-7.983781401612722872e-01
-7.717014367870342895e-01
-8.058547340372693712e-01
-7.619129395035861840e-01
-8.102286635922506530e-01
-8.107164780016689054e-01
-8.024410983765047911e-01
-7.896148783507160873e-01
-8.078598721085784584e-01
-8.107622633968294412e-01
-7.889844104871159836e-01
-7.967904735599664612e-01
-7.445312701869503114e-01
-8.106890285027461562e-01
-8.079259171564489028e-01
-8.065779342412675579e-01
-8.012576197209237971e-01
-7.435194644622300508e-01
-8.034204870693050227e-01
-8.100868232843969619e-01
-7.926067498779314491e-01
-7.855650507969326179e-01
-8.066836088842135322e-01
-8.095115611323530080e-01
-8.107473939677930508e-01
-7.635333192635580524e-01
-8.048770768080808491e-01
-8.074289293974127313e-01
-7.927538223805895568e-01
-7.897353952617409689e-01
-8.100678833896328701e-01
-7.967851855932294169e-01
-8.097161936536764193e-01
-8.102348624812608646e-01
-7.809116975488371581e-01
-8.107544894690700277e-01
-8.057962066123783851e-01
-8.095426694393135225e-01
-7.545442273367662933e-01
-8.056184946804103575e-01
-7.472997477299379021e-01
-8.090417843954175181e-01
-7.789491579342525673e-01
-8.098604905495351280e-01
-8.096257247364739840e-01
-8.107623894847247881e-01
-8.098603769216218273e-01
-7.588941785930041206e-01
-7.827894766126457515e-01
-8.012570820253602788e-01
-8.057167047363522627e-01
-8.103219564361607841e-01
-8.100294401325798255e-01
-8.015995191827802735e-01
-8.095797653914683645e-01
-7.769824117840354871e-01
-7.831540489292569962e-01
-8.097610974025207797e-01
-7.856607440829145306e-01
-8.107072172571271329e-01
-7.276631966139768259e-01
-8.094541978045202146e-01
-7.868935517318009776e-01
-7.864356089613169232e-01
-8.053955088718466326e-01
-8.098890828295353117e-01
-8.026361913104786971e-01
-8.038919372108835892e-01
-7.896727391651565675e-01
-8.078846685586237308e-01
-8.047243739769611715e-01
-7.946252405994944645e-01
-8.071789934935482691e-01
-7.787491260792226422e-01
-8.061777430563341618e-01
-8.097508087738150007e-01
-7.957801716760504185e-01
-8.063024643459558716e-01
-8.107290929885068165e-01
-8.054589914087757485e-01
-8.103888300843389292e-01
-7.826862579537157139e-01
-7.788460573442094192e-01
-7.698384578203144590e-01
-8.107579387223073919e-01
-8.054845046632204131e-01
-8.048864660015075945e-01
-8.053412448885171049e-01
-8.064427923290180544e-01
-7.909910050722610553e-01
-7.855053880839439895e-01
-8.068876805709974676e-01
-7.813043604728380220e-01
-8.093889577860284845e-01
-8.010261827751918862e-01
-8.072193186681054788e-01
-8.102580130586370943e-01
-7.755472189910467273e-01
-8.102344553625709933e-01
-8.098457804413891070e-01
-7.890180241880574430e-01
-8.053732699437419207e-01
-8.094939722124939729e-01
-8.100804188775458936e-01
-7.885796809398353258e-01
-8.107447907418762201e-01
-8.062851944548672378e-01
-8.072186343426452915e-01
-7.766681357689574350e-01
-8.013368469771783298e-01
-8.099916602149821454e-01
-8.107735891516929527e-01
-7.776437231218323864e-01
-7.994361906697687870e-01
-7.813384508914102966e-01
-7.963188610465147255e-01
-8.062826673298920666e-01
-8.103521275168896754e-01
-7.875492848840740523e-01
-8.101990796150607688e-01
-8.058319174396358919e-01
-8.099006736171943110e-01
-8.064182480557868793e-01
-7.844006642140110008e-01
-7.950206909662504984e-01
-8.103011017929504511e-01
-8.107315338565339591e-01
-7.916126675139572022e-01
-8.093299211895218503e-01
-8.098261507421741223e-01
-7.716676813961976800e-01
-8.012490569078152269e-01
-7.779486816824070505e-01
-8.052810604229682090e-01
-8.104030723868718145e-01
-7.851083559134808265e-01
-8.096075848780803774e-01
-7.566236610792805850e-01
-8.094036224522177525e-01
-8.099282108860368368e-01
-8.100287451561209995e-01
-7.999761644382187287e-01
-8.090801356885614082e-01
-8.101030890043019461e-01
-7.881206530602529181e-01
-7.908320924811484964e-01
-8.056938056338028842e-01
-7.631501850308847201e-01
-8.107605446941854588e-01
-8.070933403424823682e-01
-8.100431192525725521e-01
-8.107375604066971997e-01
-8.094752936045471747e-01
-7.914221073093226089e-01
-8.074039216475326075e-01
-8.018984748001877216e-01
-8.094785535169140012e-01
-8.099603783471558405e-01
-8.061918670129538667e-01
-8.107454750713155578e-01
-7.764682733537910941e-01
-8.107044874763181808e-01
-7.927589542404458456e-01
-8.052300023850492705e-01
-7.828733279001792722e-01
-8.048386222580118377e-01
-8.068470160867214913e-01
-8.076313217785293652e-01
-7.936840572049387310e-01
-8.101373858946888662e-01
-8.097173644217307009e-01
-7.829743599228695672e-01
-8.103148957588395263e-01
-8.068860860722606443e-01
-8.095091180133283659e-01
-7.797574054357918616e-01
-8.009232842159896837e-01
-8.081583794803480769e-01
-7.784753903235096528e-01
-8.107990318292349619e-01
-8.034973421454444376e-01
-8.093337227874590756e-01
-8.102534405273121854e-01
-7.988332676119878073e-01
-7.746986422359547486e-01
-8.058644212044822064e-01
-8.107541435833405252e-01
-8.059160296359498821e-01
-8.099112687806678812e-01
-8.031513635978752008e-01
-8.098821804700745419e-01
-8.070400190713952204e-01
-7.878105603278031666e-01
-7.815346764484939479e-01
-8.107695777879244670e-01
-8.072124966405808122e-01
-7.604790881305293349e-01
-8.107220939121499992e-01
-8.032425020565429064e-01
-7.392612830340946628e-01
-7.966631432064430474e-01
-8.027791809514042143e-01
-8.042132639743089229e-01
-8.097420975068194693e-01
-7.859633667973739968e-01
-8.068493734718139576e-01
-8.071822167689400862e-01
-7.890187655074689665e-01
-8.099022541179379253e-01
-8.099622444796533705e-01
-7.925593346270864981e-01
-7.949026765062262578e-01
-8.102328850498367041e-01
-7.968655657185548247e-01
-8.103502443503943775e-01
-7.806630185429583868e-01
-8.098204576817638056e-01
-8.055521560837829442e-01
-8.054771260831674606e-01
-7.696649663479335768e-01
-8.096467679095419312e-01
-8.107847743766926074e-01
-8.091040919072638449e-01
-7.801768203052623640e-01
-8.095423675565508459e-01
-7.592571470229113606e-01
-8.107452493425008067e-01
-8.095362456344907809e-01
-8.041906152715361245e-01
-8.051151754184513454e-01
-8.103453775173083962e-01
