-1.071599776144962268e+00
-1.076498259078602748e+00
-1.058169605430107074e+00
-1.027193574454526859e+00
-1.075707614641528087e+00
-1.074099857579808193e+00
-1.076122155632715183e+00
-1.076494903523366409e+00
-1.044037519242505985e+00
-1.075963638942580181e+00
-1.076483326252441364e+00
-1.066712901215891796e+00
-1.071419477682452159e+00
-1.052169921096305805e+00
-1.076496392708163219e+00
-1.072693362120430427e+00
-1.075624041478972392e+00
-1.062977731447558361e+00
-1.068397223237793403e+00
-1.074269551072161155e+00
-1.055852412465851264e+00
-1.040583467330675083e+00
-1.076419308069984870e+00
-1.073884961414973693e+00
-1.076101625557880359e+00
-1.049584925394396739e+00
-1.067357663284878688e+00
-1.076494308408241229e+00
-1.062383380006890254e+00
-1.069651385988931613e+00
-1.057279984686415153e+00
-1.075599357705454784e+00
-1.075913788970451312e+00
-1.075577203404049831e+00
-1.076086515780429798e+00
-1.076035712133984523e+00
-1.073732441510896640e+00
-1.047173703309040027e+00
-1.075919276323060947e+00
-1.075965771671276050e+00
-1.046999657746295886e+00
-1.075918060947101074e+00
-1.075961999814848857e+00
-1.070310698110501724e+00
-1.076092807795743900e+00
-1.044292690452079730e+00
-1.076489263433854537e+00
-1.075668717022876697e+00
-1.070913156714181858e+00
-1.071361539173762756e+00
-1.064887955073158698e+00
-1.055977712605040031e+00
-1.054882476325969654e+00
-1.070039086263518291e+00
-1.049816979315023380e+00
-1.072832529652755218e+00
-1.076524810153882461e+00
-1.075244199704270320e+00
-1.044790240224342304e+00
-1.059220667216818290e+00
-1.058158324319760757e+00
-1.075204530950527149e+00
-1.055594302933554607e+00
-1.069192721728126960e+00
-1.076515795882682758e+00
-1.057966216687004524e+00
-1.057603077251355606e+00
-1.075979965958635765e+00
-1.076520494405071693e+00
-1.052051086198430019e+00
-1.075899047996740299e+00
-1.063053321313004451e+00
-1.068288212861757236e+00
-1.075551456060152011e+00
-1.076455513235073047e+00
-1.064521944370012241e+00
-1.053595202263336139e+00
-1.059540184434394794e+00
-1.053009476732354122e+00
-1.076620221357684093e+00
-1.058402328971664863e+00
-1.073712997358183818e+00
-1.050006550025086360e+00
-1.076524881865720706e+00
-1.075345445644001918e+00
-1.070165075581412273e+00
-1.076475624214749294e+00
-1.076217415962259727e+00
-1.071587785366814094e+00
-1.047395067509155231e+00
-1.071290534209351497e+00
-1.075928639840226131e+00
-1.075574210133295017e+00
-1.076476316187422233e+00
-1.060347872074584918e+00
-1.075943181510906177e+00
-1.052484049681465583e+00
-1.070559492554407077e+00
-1.073940267074744659e+00
-1.058031941052417713e+00
-1.075378622148077445e+00
-1.075905455496053653e+00
-1.074312685277204471e+00
-1.036000946756343799e+00
-1.076522525619606929e+00
-1.076493545655052619e+00
-1.066142918761711078e+00
-1.062409692663590866e+00
-1.057271648418049770e+00
-1.076049822602312522e+00
-1.073879155550043540e+00
-1.069086334887783485e+00
-1.074422456543784099e+00
-1.076077534105520206e+00
-1.072831324521343666e+00
-1.072557690773050743e+00
-1.071752423640232044e+00
-1.073933025110404449e+00
-1.047338815625648456e+00
-1.070096277851502853e+00
-1.076422738131027179e+00
-1.076494029942791419e+00
-1.071988051976900058e+00
-1.075363230179886775e+00
-1.076495282571654277e+00
-1.076108159717063861e+00
-1.076483606580536323e+00
-1.055730440873544174e+00
-1.076609497178237396e+00
-1.064815461855273204e+00
-1.073898381773273902e+00
-1.072963607717196899e+00
-1.070959407124559837e+00
-1.072475644048194843e+00
-1.076509606312851863e+00
-1.075343452613692241e+00
-1.069503774154822784e+00
-1.075586304288248973e+00
-1.071696263026337581e+00
-1.047970436733107524e+00
-1.057928665760796028e+00
-1.075204123031239467e+00
-1.043438613634448009e+00
-1.076112131807844596e+00
-1.072668334688882785e+00
-1.075108635458986717e+00
-1.076502955738346534e+00
-1.073221754502396541e+00
-1.056119976784925418e+00
-1.059469130109887081e+00
-1.071014055270593124e+00
-1.073352670516710239e+00
-1.059008914265673118e+00
-1.073260731283466773e+00
-1.075214156169335800e+00
-1.076035144027214008e+00
-1.072746957871954399e+00
-1.050003295984010654e+00
-1.071980890106301265e+00
-1.042606294374804454e+00
-1.075934625450413185e+00
-1.071842960301678138e+00
-1.075133686173598724e+00
-1.061199244331459957e+00
-1.075823756154518085e+00
-1.054955904591720062e+00
-1.076515476439039665e+00
-1.048157623257379489e+00
-1.072387592155377822e+00
-1.076477964628379302e+00
-1.075568861547749000e+00
-1.075967530939619499e+00
-1.070792477797608333e+00
-1.073665635879974323e+00
-1.076477814685444789e+00
-1.046444302644472080e+00
-1.076080829124789195e+00
-1.069781199317316966e+00
-1.070327851209680992e+00
-1.072782487828175979e+00
-1.075399077717106300e+00
-1.051408902030329662e+00
-1.064635053496699291e+00
-1.054250410977642494e+00
-1.071858442608158546e+00
-1.056923137266080337e+00
-1.059957244653146224e+00
-1.069340689327459293e+00
-1.073758466388921695e+00
-1.055026632022004085e+00
-1.063019608367125945e+00
-1.075643711943070846e+00
-1.067981908317546802e+00
-1.076522061820964771e+00
-1.053893207792084175e+00
-1.073254788514118152e+00
-1.075636803392212348e+00
-1.067915727604072051e+00
-1.059728825684528308e+00
-1.070553964223604160e+00
-1.050109140794615703e+00
-1.075877665761749702e+00
-1.042464366402368503e+00
-1.076474647257368522e+00
-1.045474564876298862e+00
-1.076362460140030342e+00
-1.070944823544363933e+00
-1.075281672399382549e+00
-1.053091326016824203e+00
-1.076099843937795120e+00
-1.076455772142748790e+00
-1.029089281555156665e+00
-1.076466272804777580e+00
-1.075880530509989219e+00
-1.075962241027395683e+00
-1.076506260070841270e+00
-1.076535549234490352e+00
-1.076139192316572624e+00
-1.049287041868905979e+00
-1.062528666328530269e+00
-1.072432961534600215e+00
-1.066551352139453845e+00
-1.076480289209525543e+00
-1.053502966869513946e+00
-1.071984060328345256e+00
-1.060464290190379577e+00
-1.070151441018919902e+00
-1.075897509451847034e+00
-1.064562048982720333e+00
-1.073171980898718791e+00
-1.049575919505100208e+00
-1.067979157190661388e+00
-1.075960673611502605e+00
-1.052810193259160476e+00
-1.065572889741401630e+00
-1.072250811602811771e+00
-1.074986297856907802e+00
-1.076529907282333332e+00
-1.061904767747859912e+00
-1.076499143835048633e+00
-1.076449844274561363e+00
-1.051852287944297748e+00
-1.076115899007658916e+00
-1.049078855883221584e+00
-1.076113214935998874e+00
-1.072695579599480586e+00
-1.073444108698408561e+00
-1.059139290112893539e+00
-1.072689577225487190e+00
-1.076502264696996169e+00
-1.076026896234493213e+00
-1.072947029244046169e+00
-1.075346435639898734e+00
-1.075818804312388854e+00
-1.066078528981547313e+00
-1.076543571647148090e+00
-1.044656679253916698e+00
-1.064793182756643253e+00
-1.070153994705419498e+00
-1.076300811242203670e+00
-1.075260771658163028e+00
-1.071966267410557228e+00
-1.064588822644095378e+00
-1.070958566140274959e+00
-1.059919756125550228e+00
-1.056662992793958145e+00
-1.075196764651577430e+00
-1.062693645931671815e+00
-1.076018115725259738e+00
-1.071284364197294670e+00
-1.067042521420757728e+00
-1.076495905626456695e+00
-1.053459251519184070e+00
-1.075775969061891990e+00
-1.076504330370466667e+00
-1.075983695905547100e+00
-1.074712868068258720e+00
-1.073713003877441841e+00
-1.076485709506909805e+00
-1.074107971262078243e+00
-1.075857758741717296e+00
-1.069570551846067863e+00
-1.075589638423066097e+00
-1.063809358734528976e+00
-1.060033090632300334e+00
-1.052731949124376731e+00
-1.074960990097265201e+00
-1.063062986578683811e+00
-1.058329832028489070e+00
-1.076484243605177360e+00
-1.054367049816887336e+00
-1.059257972273867088e+00
-1.071448361720781284e+00
-1.076491494882743316e+00
-1.071419628556709247e+00
-1.070910951342325168e+00
-1.053296477753560501e+00
-1.076009646277766185e+00
-1.071106611970703559e+00
-1.048369605313878017e+00
-1.050492713447551685e+00
-1.046393268030028301e+00
-1.068044924396913009e+00
-1.076307839933674293e+00
-1.075921247001628833e+00
-1.076117472011487441e+00
-1.071132669445018726e+00
-1.076008429039161163e+00
-1.044562135111432033e+00
-1.073564796928207832e+00
-1.040179303135614353e+00
-1.076501837219934421e+00
-1.058861084502081829e+00
-1.069654674488942581e+00
-1.055715030278902011e+00
-1.076454824987690406e+00
-1.071676059845726448e+00
-1.076087485287229972e+00
-1.070659751292209583e+00
-1.075998750734965759e+00
-1.064915536191205936e+00
-1.075914868373315292e+00
-1.076508194427828746e+00
-1.076483048718314128e+00
-1.070836631800870853e+00
-1.053969674963395553e+00
-1.076055875267724948e+00
-1.073769424330334621e+00
-1.076006760109107452e+00
-1.073308171924095111e+00
-1.062242294881384330e+00
-1.061752449940781551e+00
-1.076164545711021381e+00
-1.076468903791050868e+00
-1.071888737600188213e+00
-1.075901448015015083e+00
-1.071793589960675197e+00
-1.075477158870439487e+00
-1.076069015297930198e+00
-1.075695913504700618e+00
-1.076155981268625217e+00
-1.070623813416700321e+00
-1.065958090346198039e+00
-1.075975684668760257e+00
-1.043915184434394794e+00
-1.073081786032657581e+00
-1.062813097830753284e+00
-1.076513365130763011e+00
-1.072972297888140636e+00
-1.076495356146137672e+00
-1.076521878350417571e+00
-1.076442286591868358e+00
-1.073111962746720272e+00
-1.066067502122263866e+00
-1.076535130139331775e+00
-1.076448832858245330e+00
-1.075475405190031486e+00
-1.076075771111886459e+00
-1.076082102242748695e+00
-1.076505637016038852e+00
-1.060183024253587680e+00
-1.067240714315216499e+00
-1.072247406687478977e+00
-1.076022440787296253e+00
-1.053546728785972553e+00
-1.058846248533468204e+00
-1.071579974364380794e+00
-1.054877066273133712e+00
-1.076026191223304229e+00
-1.075888164561133342e+00
-1.053189758431057887e+00
-1.068576318431537109e+00
-1.076592113111059623e+00
-1.068983283113579708e+00
-1.058746484327952819e+00
-1.076518796604018169e+00
-1.075619886848967033e+00
-1.075536066885929065e+00
-1.067527223598103481e+00
-1.068041601437966781e+00
-1.075424704920391994e+00
-1.070617126520614582e+00
-1.056949230130653339e+00
-1.076487235944609600e+00
-1.053559627603630977e+00
-1.076477855663638072e+00
-1.071885587867240863e+00
-1.060040491852800804e+00
-1.076497517745833354e+00
-1.076323268223445373e+00
-1.075624153237681346e+00
-1.075462199967246013e+00
-1.054073866676430660e+00
-1.069979792680482822e+00
-1.071512553129236656e+00
-1.075456440668444591e+00
-1.052802502397339302e+00
-1.076152108829359966e+00
-1.057569588754217582e+00
-1.075573290917913871e+00
-1.059540288742523151e+00
-1.075035213712494331e+00
-1.076492380570511775e+00
-1.051662953790168720e+00
-1.070467150058488803e+00
-1.073468249510865169e+00
-1.076486743274967628e+00
-1.055300926078002410e+00
-1.072454851340393978e+00
-1.056219152394573646e+00
-1.071303799968104320e+00
-1.075228108312826114e+00
-1.074787843260805564e+00
-1.075445424053709464e+00
-1.055832690779011207e+00
-1.056462796624641376e+00
-1.075340280529003101e+00
-1.076466966640095668e+00
-1.064569157767932372e+00
-1.075373890098075824e+00
-1.070074157077710586e+00
-1.070161516066532092e+00
-1.071318363059203582e+00
-1.075863512452583270e+00
-1.076486458290259796e+00
-1.067744558896760898e+00
-1.060534464415054279e+00
-1.061251295950155216e+00
-1.071211018819253402e+00
-1.069901834461729484e+00
-1.072834601845483737e+00
-1.073188290219645458e+00
-1.075832936201136070e+00
-1.076024313676993804e+00
-1.076126360554139572e+00
-1.053238581154386955e+00
-1.075240124236683803e+00
-1.075933583300452190e+00
-1.051506614532213169e+00
-1.072844200055937725e+00
-1.060715791989009338e+00
-1.059236266869943099e+00
-1.075852809693555789e+00
-1.069720092449228721e+00
-1.059860734488706546e+00
-1.049366880427937465e+00
-1.073555810596685367e+00
-1.075907538864653068e+00
-1.076168863322477298e+00
-1.058099325965981441e+00
-1.076021707836430030e+00
-1.076505368795137363e+00
-1.073557332377772289e+00
-1.059765843894224124e+00
-1.062935326468090969e+00
-1.076468025553863006e+00
-1.076513447087149578e+00
-1.075241791304092365e+00
-1.075940218973796325e+00
-1.047852339442710834e+00
-1.075564605403583007e+00
-1.072048982825021701e+00
-1.064677532050650077e+00
-1.070815042812268691e+00
-1.068909319337348895e+00
-1.061054829727749782e+00
-1.070664968561272579e+00
-1.046155447360019641e+00
-1.062337181750576454e+00
-1.073136276785175758e+00
-1.047858325984220462e+00
-1.071256177719573932e+00
-1.057411545175950485e+00
-1.075717210989336925e+00
-1.076513811234276252e+00
-1.076017411645393329e+00
-1.072540069218616443e+00
-1.069649268161396938e+00
-1.063350621830563503e+00
-1.043645818006138759e+00
-1.076474859598915534e+00
-1.073042791556458431e+00
-1.048988396521549182e+00
-1.048452412929277378e+00
-1.066451721113066631e+00
-1.070218711379806953e+00
-1.076022490147392707e+00
-1.059415457989911991e+00
-1.051909595947604137e+00
-1.043626692365746456e+00
-1.076482307385544734e+00
-1.076478929478566604e+00
-1.074604800190668064e+00
-1.076451004702489334e+00
-1.046591541018228488e+00
-1.075544622946422058e+00
-1.076465695384781318e+00
-1.040005853619317966e+00
-1.076486735824387031e+00
-1.076610673438649135e+00
-1.075924780439476924e+00
-1.064277933198850112e+00
-1.073778156410794216e+00
-1.076167318258326011e+00
