-1.071603135432299680e+00
-1.076502591499328476e+00
-1.058222561352673452e+00
-1.027166331671975241e+00
-1.075709555367539538e+00
-1.074111635439507717e+00
-1.076128490436393692e+00
-1.076500291548183164e+00
-1.044018707249597222e+00
-1.075967820442702561e+00
-1.076488733423493827e+00
-1.066703976093021700e+00
-1.071431018020821746e+00
-1.052179809116726705e+00
-1.076501681482058492e+00
-1.072695933431841775e+00
-1.075631191226604555e+00
-1.062993916715805121e+00
-1.068398516916305940e+00
-1.074272138123342213e+00
-1.055875766612305311e+00
-1.040598949712730592e+00
-1.076423179191234869e+00
-1.073885529013490325e+00
-1.076106965990721864e+00
-1.049558719924127415e+00
-1.067373267231405576e+00
-1.076498481069639634e+00
-1.062393048580352328e+00
-1.069644172774819602e+00
-1.057272046672626864e+00
-1.075606632785389927e+00
-1.075918126061701008e+00
-1.075584301599353809e+00
-1.076089503176777651e+00
-1.076041792206185344e+00
-1.073741619719291718e+00
-1.047174683382735560e+00
-1.075922416365252099e+00
-1.075972202077183359e+00
-1.046990323380107890e+00
-1.075922923979842682e+00
-1.075967109719293546e+00
-1.070323872936827403e+00
-1.076097487313348644e+00
-1.044311969519592154e+00
-1.076494068660185155e+00
-1.075674743363556951e+00
-1.070915598784609735e+00
-1.071366599669650421e+00
-1.064897503046827731e+00
-1.055978539962609597e+00
-1.054848418352094530e+00
-1.070045392232924719e+00
-1.049734354486773880e+00
-1.072834450895376435e+00
-1.076529768462471504e+00
-1.075252908635057514e+00
-1.044855853301866810e+00
-1.059244620181151619e+00
-1.058152166805330419e+00
-1.075208999633390672e+00
-1.055541652039202249e+00
-1.069202378749360971e+00
-1.076520113274231916e+00
-1.057971732984516855e+00
-1.057647961925096247e+00
-1.075985643872369835e+00
-1.076525737258717363e+00
-1.052055709917598225e+00
-1.075902909317949740e+00
-1.063065904175869658e+00
-1.068288571736779158e+00
-1.075556198842972266e+00
-1.076460200461457628e+00
-1.064527944677250426e+00
-1.053608866204672534e+00
-1.059524595223834798e+00
-1.052991101349816772e+00
-1.076625459096454351e+00
-1.058349196230766953e+00
-1.073719444414155566e+00
-1.050017735613705261e+00
-1.076530235463097007e+00
-1.075349568742261619e+00
-1.070173036834207725e+00
-1.076480305738281240e+00
-1.076222856055470301e+00
-1.071585222588716801e+00
-1.047401086932531644e+00
-1.071293053522856420e+00
-1.075933483715342698e+00
-1.075580319470558432e+00
-1.076480765961897790e+00
-1.060363152865968939e+00
-1.075945684626515408e+00
-1.052511987045401609e+00
-1.070566351976684372e+00
-1.073941370093554726e+00
-1.058064271618047059e+00
-1.075385928743008979e+00
-1.075909351541758818e+00
-1.074309661109148939e+00
-1.035911202507310724e+00
-1.076527754543087134e+00
-1.076497991618041716e+00
-1.066133789317904590e+00
-1.062436532458361338e+00
-1.057275299761998300e+00
-1.076052127580863216e+00
-1.073891288708857417e+00
-1.069117373165789031e+00
-1.074424887439409115e+00
-1.076081371677314324e+00
-1.072837486864919088e+00
-1.072575549158717445e+00
-1.071754265066679812e+00
-1.073941074631791004e+00
-1.047440667782681079e+00
-1.070100366454703966e+00
-1.076428023149353708e+00
-1.076499223607034095e+00
-1.071996100675051800e+00
-1.075366234025860512e+00
-1.076500172227292440e+00
-1.076110759576671017e+00
-1.076488879070369720e+00
-1.055703914515623065e+00
-1.076614455015311611e+00
-1.064812941966894577e+00
-1.073900111634740417e+00
-1.072978718371265350e+00
-1.070963318356201288e+00
-1.072479722884850384e+00
-1.076513961805185549e+00
-1.075346633027632004e+00
-1.069495317455620986e+00
-1.075589400165250620e+00
-1.071706266794303586e+00
-1.047961916605204991e+00
-1.057931189108151093e+00
-1.075207090804926047e+00
-1.043446051424446352e+00
-1.076115454583892905e+00
-1.072674549283061385e+00
-1.075110457380683560e+00
-1.076508304104735636e+00
-1.073223830465002360e+00
-1.056134423773160913e+00
-1.059501485169416890e+00
-1.071016211573638799e+00
-1.073364107028117687e+00
-1.058965658254638731e+00
-1.073261111701002468e+00
-1.075218604713656934e+00
-1.076041450948444389e+00
-1.072755137234210565e+00
-1.049976925660558447e+00
-1.071981449177852097e+00
-1.042623443843462949e+00
-1.075940821297425520e+00
-1.071844222424276571e+00
-1.075136712691570740e+00
-1.061191411654411221e+00
-1.075827761865424836e+00
-1.054958453772550930e+00
-1.076520309520065721e+00
-1.048206585545276903e+00
-1.072393653960122428e+00
-1.076481906365984287e+00
-1.075575680954280688e+00
-1.075970790838326696e+00
-1.070788115547224750e+00
-1.073665677465415191e+00
-1.076482512013508419e+00
-1.046498880107598728e+00
-1.076085924542651284e+00
-1.069785071392446163e+00
-1.070334778759054917e+00
-1.072789026523932598e+00
-1.075401160535730760e+00
-1.051351050695697342e+00
-1.064623069326684046e+00
-1.054271440947429861e+00
-1.071867709385387224e+00
-1.056926908079374394e+00
-1.059944502043880021e+00
-1.069339755823815574e+00
-1.073761696597137494e+00
-1.055067752229588596e+00
-1.063006968740302538e+00
-1.075650805939831756e+00
-1.068006530514761909e+00
-1.076527664400155571e+00
-1.053881147366548143e+00
-1.073259281225471762e+00
-1.075644487122928705e+00
-1.067930369231062215e+00
-1.059733396464798583e+00
-1.070563191579214868e+00
-1.050077666028484735e+00
-1.075884220093991317e+00
-1.042480748560317805e+00
-1.076479754695723212e+00
-1.045462869686359264e+00
-1.076366265564059566e+00
-1.070954571317244808e+00
-1.075289164647873941e+00
-1.053109909140199862e+00
-1.076105876517615467e+00
-1.076460732042010093e+00
-1.029098766520816444e+00
-1.076471206992606344e+00
-1.075884278986937614e+00
-1.075966773815544508e+00
-1.076511086556500629e+00
-1.076540384709919307e+00
-1.076145253385917266e+00
-1.049312830471996083e+00
-1.062541924939557125e+00
-1.072435248786641759e+00
-1.066546094581097170e+00
-1.076485361222216053e+00
-1.053501945149723174e+00
-1.071994933236996239e+00
-1.060512092841121801e+00
-1.070148290233129185e+00
-1.075900773908673447e+00
-1.064569518277800331e+00
-1.073172287829483373e+00
-1.049590860531243175e+00
-1.067988753013061842e+00
-1.075965762469362819e+00
-1.052794333535176374e+00
-1.065569770665805160e+00
-1.072255284981454615e+00
-1.074995577501147492e+00
-1.076534293988817614e+00
-1.061896560728911698e+00
-1.076503714743423767e+00
-1.076454648076913490e+00
-1.051863113920590509e+00
-1.076122797887971716e+00
-1.049094174116975697e+00
-1.076118218357664302e+00
-1.072712549336483745e+00
-1.073446447099845713e+00
-1.059152355634401133e+00
-1.072692691198446235e+00
-1.076506794926963995e+00
-1.076030650680154022e+00
-1.072957067208697657e+00
-1.075351073424063442e+00
-1.075823271090047717e+00
-1.066067261711434178e+00
-1.076548942311030821e+00
-1.044644784416745908e+00
-1.064803552730437364e+00
-1.070156263813715203e+00
-1.076305679486806666e+00
-1.075270909129558472e+00
-1.071971090668176974e+00
-1.064600353357964657e+00
-1.070973088531337103e+00
-1.059924938862638166e+00
-1.056692249471238076e+00
-1.075203603202733449e+00
-1.062694129350047367e+00
-1.076022333007843779e+00
-1.071299973989290555e+00
-1.067036817427175599e+00
-1.076500668023889773e+00
-1.053431420060465307e+00
-1.075779716108084427e+00
-1.076508482973607350e+00
-1.075987254274063609e+00
-1.074719345199437015e+00
-1.073710047119695421e+00
-1.076490020333444653e+00
-1.074110866800148223e+00
-1.075863543089619068e+00
-1.069587875151121636e+00
-1.075594453089187219e+00
-1.063805760286441693e+00
-1.060035664202539252e+00
-1.052751523354622298e+00
-1.074963096264296425e+00
-1.063042237594901129e+00
-1.058337210689414665e+00
-1.076489357862982610e+00
-1.054408824559867286e+00
-1.059275275162467223e+00
-1.071451771601118930e+00
-1.076496525765209045e+00
-1.071441871165073501e+00
-1.070931059062168789e+00
-1.053322330010247443e+00
-1.076012630458643482e+00
-1.071112368058249054e+00
-1.048341191604967193e+00
-1.050495154518502394e+00
-1.046386267946230131e+00
-1.068058310962092472e+00
-1.076313635829412529e+00
-1.075924255498767579e+00
-1.076121583509965784e+00
-1.071132693560908677e+00
-1.076012323255881142e+00
-1.044596361873703527e+00
-1.073575385164069029e+00
-1.040167192415195174e+00
-1.076506942085845298e+00
-1.058900160451364814e+00
-1.069654258854699336e+00
-1.055721315903623614e+00
-1.076458845283553512e+00
-1.071681365798352825e+00
-1.076090667483843522e+00
-1.070662605736221851e+00
-1.076003354305113957e+00
-1.064911842303293721e+00
-1.075919402785660672e+00
-1.076513729712385681e+00
-1.076487396053566803e+00
-1.070838167660938867e+00
-1.053958938760931607e+00
-1.076059208240165210e+00
-1.073771394704340576e+00
-1.076012360955855618e+00
-1.073315364749343859e+00
-1.062228148873058498e+00
-1.061780387110404122e+00
-1.076167225501233116e+00
-1.076474222934153735e+00
-1.071882987118070396e+00
-1.075906935180700463e+00
-1.071798429531134023e+00
-1.075483653263349826e+00
-1.076071719787099035e+00
-1.075702233039432798e+00
-1.076159955498076526e+00
-1.070638180672866646e+00
-1.065965647927231252e+00
-1.075978843120836581e+00
-1.043864116504992001e+00
-1.073086104929841689e+00
-1.062874455545948837e+00
-1.076518389041608792e+00
-1.072975438439913054e+00
-1.076499155221102511e+00
-1.076527103317608258e+00
-1.076447110324985079e+00
-1.073112522273588221e+00
-1.066049104579049889e+00
-1.076540758121625974e+00
-1.076454470559066845e+00
-1.075477071159652187e+00
-1.076079551983778027e+00
-1.076085889890675329e+00
-1.076509957476409873e+00
-1.060168927409276263e+00
-1.067244329468167940e+00
-1.072254816055856486e+00
-1.076025627579178412e+00
-1.053579101420621500e+00
-1.058808436477162829e+00
-1.071587367752003139e+00
-1.054889107651344915e+00
-1.076032756797443257e+00
-1.075892092681638657e+00
-1.053228208351019601e+00
-1.068579678882510819e+00
-1.076597070701298398e+00
-1.068979535242724710e+00
-1.058727092192647490e+00
-1.076524119689017400e+00
-1.075621643106297265e+00
-1.075542516570985985e+00
-1.067551905125636136e+00
-1.068043968459642556e+00
-1.075429137139216618e+00
-1.070619904852570858e+00
-1.056973594283803664e+00
-1.076492623712355545e+00
-1.053530621021626645e+00
-1.076482551672476307e+00
-1.071884953870500645e+00
-1.060073125638370417e+00
-1.076503101383930572e+00
-1.076328713472257226e+00
-1.075631420155445328e+00
-1.075465219706189579e+00
-1.054138904953085598e+00
-1.069988504953704567e+00
-1.071521527087976544e+00
-1.075458499102590393e+00
-1.052801348013529426e+00
-1.076157285012238507e+00
-1.057619678511863226e+00
-1.075576007946040136e+00
-1.059580013093219808e+00
-1.075041061646553109e+00
-1.076498115525937216e+00
-1.051639677089419633e+00
-1.070473528393378615e+00
-1.073480217950658400e+00
-1.076490533974029606e+00
-1.055330245496344910e+00
-1.072452682734611473e+00
-1.056222487263269949e+00
-1.071310167855062723e+00
-1.075233557261631168e+00
-1.074792561723532769e+00
-1.075448685280497862e+00
-1.055839364927601887e+00
-1.056467439851148216e+00
-1.075346011912116317e+00
-1.076472543917506686e+00
-1.064565941268655447e+00
-1.075377380687889461e+00
-1.070076087469239434e+00
-1.070193809348492398e+00
-1.071330631886614260e+00
-1.075867342294563933e+00
-1.076491635989142992e+00
-1.067753924869053739e+00
-1.060531824774223697e+00
-1.061249521939637175e+00
-1.071219796357795406e+00
-1.069902302380088210e+00
-1.072836232424925873e+00
-1.073184342857794737e+00
-1.075839514690973830e+00
-1.076030492701278929e+00
-1.076133002775759406e+00
-1.053154786527105813e+00
-1.075248419452658810e+00
-1.075937245553301613e+00
-1.051554072944304696e+00
-1.072847349573989195e+00
-1.060758396609877474e+00
-1.059262256766935861e+00
-1.075857764791291693e+00
-1.069716908427284396e+00
-1.059869693313086003e+00
-1.049381971206356789e+00
-1.073558648008561489e+00
-1.075911147105311993e+00
-1.076173710919014148e+00
-1.058072946658078717e+00
-1.076025903408974749e+00
-1.076510906268647760e+00
-1.073561996636864135e+00
-1.059760633280858677e+00
-1.062952847971833759e+00
-1.076472396523634911e+00
-1.076518573660471878e+00
-1.075247986132016109e+00
-1.075946156132149056e+00
-1.047922235925132339e+00
-1.075568459061109872e+00
-1.072057342432769289e+00
-1.064676920598361942e+00
-1.070827838861248660e+00
-1.068928809477542208e+00
-1.061090562679575244e+00
-1.070679910712291072e+00
-1.046248858399827730e+00
-1.062332969267711036e+00
-1.073143186884910394e+00
-1.047851995450643781e+00
-1.071256722511092496e+00
-1.057383984369524743e+00
-1.075719242078754911e+00
-1.076519238783927968e+00
-1.076022190729960970e+00
-1.072542747688129960e+00
-1.069646721329774897e+00
-1.063395077745942885e+00
-1.043655201218145478e+00
-1.076480379064214565e+00
-1.073054026816671280e+00
-1.048981836298380710e+00
-1.048435953976691204e+00
-1.066457372507475965e+00
-1.070227131683690214e+00
-1.076026547846445247e+00
-1.059442076178245484e+00
-1.051938306914093069e+00
-1.043636223617409930e+00
-1.076486483678291695e+00
-1.076483466854734061e+00
-1.074610298652220131e+00
-1.076456610408350389e+00
-1.046614363820673299e+00
-1.075547615126878354e+00
-1.076471218557589760e+00
-1.039986618649521244e+00
-1.076490901065747963e+00
-1.076615635650352454e+00
-1.075929831048293650e+00
-1.064282581088705992e+00
-1.073785631835888932e+00
-1.076173301953340822e+00
