-1.497949511136189127e+00
-1.497401317904964113e+00
-1.489595463822856569e+00
-1.494574927117005014e+00
-1.497551013107672357e+00
-1.497990975479856157e+00
-1.497081374141648435e+00
-1.474210741321817064e+00
-1.497496296975091123e+00
-1.477843970849439525e+00
-1.492849719102755213e+00
-1.497929808075800562e+00
-1.458491381581202173e+00
-1.496509327876642370e+00
-1.494518963943496370e+00
-1.494366576287224913e+00
-1.496598310160711431e+00
-1.497974990259185457e+00
-1.440032922054901743e+00
-1.497932855363264704e+00
-1.496590547587052011e+00
-1.493502362954691076e+00
-1.461483998547568941e+00
-1.489868453095927858e+00
-1.488199440620169067e+00
-1.472601323711946630e+00
-1.440254263903275156e+00
-1.497222357752993727e+00
-1.497151256862357283e+00
-1.496498701486066008e+00
-1.497166763383224630e+00
-1.496731039460077906e+00
-1.493937748807743215e+00
-1.402403407122269297e+00
-1.474623678575530672e+00
-1.476830026923939609e+00
-1.442813542063608789e+00
-1.497190556812360906e+00
-1.461169597084894800e+00
-1.496335069041028643e+00
-1.496780693854466104e+00
-1.497093485991731310e+00
-1.497972015614882135e+00
-1.495340206052437448e+00
-1.450675890173092508e+00
-1.489452028970494890e+00
-1.492009820739999437e+00
-1.497956864859238291e+00
-1.450116820956841135e+00
-1.462082326735630655e+00
-1.492197152550593042e+00
-1.494101052495911741e+00
-1.497346755440607691e+00
-1.489686258460655832e+00
-1.497939840282574320e+00
-1.494546074743643427e+00
-1.464042935843840265e+00
-1.496807442370131636e+00
-1.481821763186976337e+00
-1.490929383176639700e+00
-1.488380730475559854e+00
-1.456335274826064730e+00
-1.488118862591013336e+00
-1.472081467832699442e+00
-1.497972697343006754e+00
-1.495070425185635710e+00
-1.497266325491741323e+00
-1.471433618429377699e+00
-1.496850670638754988e+00
-1.442844119246378565e+00
-1.497407920050695562e+00
-1.497994397158995294e+00
-1.491943231175914431e+00
-1.427762694980278635e+00
-1.456445107559934282e+00
-1.493511860582307005e+00
-1.472316370669081831e+00
-1.407238111223354959e+00
-1.497924063678160334e+00
-1.496845199118629122e+00
-1.477228520295843506e+00
-1.493523719112649584e+00
-1.497048426742926264e+00
-1.497028552319183969e+00
-1.444762792761698389e+00
-1.412263840760365152e+00
-1.497191133301034593e+00
-1.435091335649862909e+00
-1.495014800082221651e+00
-1.492868993754759455e+00
-1.472180357526317263e+00
-1.472329228508546972e+00
-1.497961934979334497e+00
-1.497422889198437357e+00
-1.497247233378961706e+00
-1.493154528874233389e+00
-1.485568458537831926e+00
-1.497434262509718561e+00
-1.494125879693105841e+00
-1.446589101429358148e+00
-1.497513806770816469e+00
-1.497963385979905748e+00
-1.475177683259621286e+00
-1.495788344505503797e+00
-1.470266690801158571e+00
-1.470184204492047453e+00
-1.489108078970834637e+00
-1.478450345664545917e+00
-1.497544369983747625e+00
-1.493281988750472689e+00
-1.497121205876842165e+00
-1.493306724678054476e+00
-1.492335722173824930e+00
-1.465213280494585657e+00
-1.497946720893755579e+00
-1.496776155519560003e+00
-1.497978344883099222e+00
-1.496484489503577375e+00
-1.497971169973984384e+00
-1.404403403724804544e+00
-1.431348383750095987e+00
-1.484907031848356151e+00
-1.497438261608853960e+00
-1.469049688752070093e+00
-1.492139431040063524e+00
-1.493195798571482324e+00
-1.486088763780221367e+00
-1.497691899861469889e+00
-1.490944613094702387e+00
-1.493155275794938230e+00
-1.480190444129779959e+00
-1.497919474120512628e+00
-1.484747538666501665e+00
-1.481991511161699915e+00
-1.497471133570447588e+00
-1.497205499883070612e+00
-1.496260897579863691e+00
-1.493551515366211557e+00
-1.458511302571073198e+00
-1.447908033008947992e+00
-1.472597226823940897e+00
-1.455334907721057558e+00
-1.496604982155635977e+00
-1.489133035156205320e+00
-1.496596148561015749e+00
-1.472281735713854456e+00
-1.496553148466423178e+00
-1.488271344310864830e+00
-1.493743039059713507e+00
-1.491841238315477991e+00
-1.496638004060164118e+00
-1.496791929330006266e+00
-1.485706487993970537e+00
-1.486860696549788141e+00
-1.496705530534759188e+00
-1.491965204800739908e+00
-1.497945111568346643e+00
-1.493791493910625601e+00
-1.493914224530831003e+00
-1.490945411238148832e+00
-1.489576573341414356e+00
-1.497986119563952112e+00
-1.497989327038899088e+00
-1.497477712433114672e+00
-1.475839871770963097e+00
-1.497946314837113047e+00
-1.496672733078971529e+00
-1.488197901609614515e+00
-1.471544918927624845e+00
-1.497955005939379358e+00
-1.461438199828639650e+00
-1.496787511135712290e+00
-1.497556628051474714e+00
-1.496273708853200102e+00
-1.494692970390692377e+00
-1.496764967541471147e+00
-1.489563030514195585e+00
-1.496222069810405397e+00
-1.491262177328839922e+00
-1.493826638299301290e+00
-1.494864549811258936e+00
-1.497175743195489073e+00
-1.497454021449461603e+00
-1.451008277337327623e+00
-1.495419787566438341e+00
-1.497379388052299642e+00
-1.461708139951601648e+00
-1.461933069254532480e+00
-1.497941632147207880e+00
-1.451326031561270380e+00
-1.497943360681906366e+00
-1.494182184661999369e+00
-1.398914054359570169e+00
-1.497425336714163446e+00
-1.437769294108524942e+00
-1.496762538652196550e+00
-1.489915791291072988e+00
-1.497988554041162157e+00
-1.497341296027675295e+00
-1.487442621819004440e+00
-1.484421144563034201e+00
-1.466675758685246134e+00
-1.420644820059910440e+00
-1.496342595990076685e+00
-1.485971490710303211e+00
-1.497401345844641352e+00
-1.471360820669010305e+00
-1.497964144076481485e+00
-1.491269629772081995e+00
-1.420509916122332239e+00
-1.497033368188217306e+00
-1.446264606292620325e+00
-1.497955901871696138e+00
-1.492742857287898683e+00
-1.496381159263923788e+00
-1.488725870239809179e+00
-1.492437961834743643e+00
-1.477131412222310924e+00
-1.496722923915162706e+00
-1.478884172949269438e+00
-1.461180880989208841e+00
-1.476495448357686424e+00
-1.491554670359268808e+00
-1.493700851078406000e+00
-1.457744025017395639e+00
-1.489503003980293894e+00
-1.496297986570075178e+00
-1.497514250080361986e+00
-1.488977384145632410e+00
-1.497436349603608274e+00
-1.472247454661205435e+00
-1.468491023729816103e+00
-1.488448766849264526e+00
-1.497975480134859705e+00
-1.496853376130834246e+00
-1.497907597895041132e+00
-1.496708549882546091e+00
-1.425553687240257883e+00
-1.497995803456082964e+00
-1.497519372354522371e+00
-1.464219194229021692e+00
-1.481756907279863977e+00
-1.493183802205398703e+00
-1.470701909947469854e+00
-1.491139080698862696e+00
-1.496471283349469328e+00
-1.479756904623731995e+00
-1.497946966762915277e+00
-1.491080564770177030e+00
-1.491421546179130697e+00
-1.496729762616828108e+00
-1.497983321870937967e+00
-1.463818976979032183e+00
-1.497501157547608042e+00
-1.479670251111760759e+00
-1.493192084457054758e+00
-1.491709029625430727e+00
-1.467529206860139990e+00
-1.497477941538468027e+00
-1.497374335627332353e+00
-1.449580446209087992e+00
-1.486566208626404428e+00
-1.433972418631687784e+00
-1.489271045054569864e+00
-1.491670936669483805e+00
-1.497982725824490213e+00
-1.496089873227551603e+00
-1.450271137382164621e+00
-1.468978575754240179e+00
-1.497908581371679926e+00
-1.466304194505587244e+00
-1.492791468601003313e+00
-1.492597901585772657e+00
-1.496831497500911379e+00
-1.497453789550140524e+00
-1.492624373498633528e+00
-1.433932390387430811e+00
-1.493849327179864073e+00
-1.497962989236488962e+00
-1.496580489303246164e+00
-1.497930392946377420e+00
-1.497346003863289976e+00
-1.497196885149255419e+00
-1.486421604032889032e+00
-1.487793794225230837e+00
-1.476075673333629990e+00
-1.497481901522055292e+00
-1.473782997901812220e+00
-1.472973257626667642e+00
-1.489156468163505220e+00
-1.497249962154105329e+00
-1.465156348745599413e+00
-1.477578693392947340e+00
-1.495505375179722929e+00
-1.467818157139495039e+00
-1.497510400924161100e+00
-1.492309506374672079e+00
-1.487436822007671022e+00
-1.445445321823731089e+00
-1.497937187875881815e+00
-1.462411387215629244e+00
-1.497375908631160879e+00
-1.477434674135670090e+00
-1.489470642383471155e+00
-1.469448468971326971e+00
-1.495779759574010992e+00
-1.477553374457433844e+00
-1.497978218223229074e+00
-1.473942617277875566e+00
-1.439485662008896494e+00
-1.497953335146680498e+00
-1.455456272091045999e+00
-1.490107998575344705e+00
-1.497956402923241281e+00
-1.473966114546433115e+00
-1.477285753327682638e+00
-1.451981664027348184e+00
-1.497480603258386278e+00
-1.489160493805333996e+00
-1.433441408301964426e+00
-1.497930132176056528e+00
-1.478696787354797149e+00
-1.497438324938789034e+00
-1.487872871893718862e+00
-1.456234768356457376e+00
-1.460241100142970705e+00
-1.475546042292639637e+00
-1.497979786570444727e+00
-1.489632265965715074e+00
-1.497956114213243151e+00
-1.496572437088266039e+00
-1.471125491286888742e+00
-1.491458936917856359e+00
-1.497595782715156698e+00
-1.497535177829936170e+00
-1.497308597292080545e+00
-1.436396342094317102e+00
-1.497542506407275820e+00
-1.480148330188617134e+00
-1.444062911297455454e+00
-1.461544676075950289e+00
-1.458028689350262308e+00
-1.444156423534527445e+00
-1.497220770779326582e+00
-1.463994743625894213e+00
-1.497349875371232653e+00
-1.494662842105403566e+00
-1.445666488583460474e+00
-1.497917525793686533e+00
-1.497426369550898695e+00
-1.497944958831444406e+00
-1.485660096022561216e+00
-1.486009489137008810e+00
-1.496856323766782904e+00
-1.470754560406580591e+00
-1.490438762444332266e+00
-1.497943591649904871e+00
-1.497952265988364839e+00
-1.488810829676017189e+00
-1.487401806141510630e+00
-1.493410376223996305e+00
-1.468323598939254904e+00
-1.489954313586726808e+00
-1.491508236478343630e+00
-1.497963993202224398e+00
-1.479585073280409002e+00
-1.496358028936460638e+00
-1.497977696682587290e+00
-1.468289200539961481e+00
-1.497336644071415090e+00
-1.497439944508746290e+00
-1.497918906013742113e+00
-1.478352588924840116e+00
-1.496881617556586885e+00
-1.435787119294777536e+00
-1.496351762066856050e+00
-1.496623230490162992e+00
-1.477491581204608107e+00
-1.496311420898214006e+00
-1.466817415642812872e+00
-1.497941339711919451e+00
-1.496781957659199858e+00
-1.497424333679750585e+00
-1.488115482821390057e+00
-1.494524847108200216e+00
-1.464450016941204691e+00
-1.497975146721377993e+00
-1.462022703464403772e+00
-1.497966535712853098e+00
-1.478929335574880266e+00
-1.486261159505024576e+00
-1.497563527289107466e+00
-1.496294590967968130e+00
-1.492910517703071260e+00
-1.483427928851246858e+00
-1.497986678357496881e+00
-1.497935043971315050e+00
-1.433364767904654169e+00
-1.484885656132623577e+00
-1.458601476948037767e+00
-1.497995585526600504e+00
-1.426998712445870066e+00
-1.489121368012651825e+00
-1.430613413776531839e+00
-1.489776379752233648e+00
-1.493138167399242544e+00
-1.497251952390447283e+00
-1.493033060196116590e+00
-1.496137357640340948e+00
-1.490265354837551737e+00
-1.496908874574378157e+00
-1.497991221349015856e+00
-1.493473589743748331e+00
-1.487463670174852037e+00
-1.489202393076643371e+00
-1.497080645847395086e+00
-1.497525246206000471e+00
-1.497942831690683985e+00
-1.480533816243782663e+00
-1.497941095705404901e+00
-1.450388986940756464e+00
-1.496867648649290228e+00
-1.474968063968494558e+00
-1.469068765963688517e+00
-1.497135524030104303e+00
-1.497972935761585855e+00
-1.486698246884420538e+00
-1.497402329321280146e+00
-1.497942220743075037e+00
-1.497933030451908731e+00
-1.475483347985222959e+00
-1.497932136382237100e+00
-1.472364407356157923e+00
-1.493675571258440637e+00
-1.409270659412518167e+00
-1.492984263549819612e+00
-1.456053452889695787e+00
-1.493580628509894037e+00
-1.459142489682212496e+00
-1.493036743576899195e+00
-1.493181419882252836e+00
-1.496481599609628343e+00
-1.491772826153114462e+00
-1.497017145480290079e+00
-1.497944334845319414e+00
-1.494342952358797216e+00
-1.497049419532790804e+00
-1.497983694399967813e+00
-1.497448772515431070e+00
-1.497630331988707209e+00
-1.493184682305231714e+00
-1.497418084505274916e+00
-1.496452944676652574e+00
-1.448140994037762308e+00
-1.497424289907589579e+00
-1.497964639540091181e+00
-1.493449068020358705e+00
-1.496795621092692041e+00
-1.470707876931205416e+00
-1.495788679781630659e+00
-1.498002529467716837e+00
-1.496539869669154310e+00
-1.487472193173393631e+00
-1.455280870522633219e+00
-1.479125264424160147e+00
-1.484888510636314773e+00
-1.467764756965711737e+00
-1.497429934653714323e+00
-1.437735256131067896e+00
-1.437507272090092325e+00
-1.497939024443998957e+00
-1.494207542713060999e+00
-1.471769988860264444e+00
-1.490074280041530752e+00
-1.497219741667881632e+00
-1.497452382321730280e+00
-1.489729824333712482e+00
-1.424790088410750055e+00
-1.498006295736208582e+00
-1.492244880969896936e+00
-1.471295370112434053e+00
-1.492831911283805990e+00
-1.496850068073049211e+00
-1.496783581885769987e+00
-1.496834950845018053e+00
-1.494433859686628008e+00
-1.477481431651189947e+00
-1.494106416913941526e+00
-1.453823576073423052e+00
-1.449582793141976023e+00
-1.463901477257981920e+00
-1.498002566720619821e+00
-1.447353937055245066e+00
-1.458383275519385958e+00
-1.497022023747935915e+00
-1.496152093026116514e+00
-1.456071308206096315e+00
-1.493730984951630258e+00
-1.477337833351716423e+00
-1.493292686852887297e+00
-1.497778930093422556e+00
-1.497908795575872087e+00
-1.471490216764882231e+00
-1.433359917576685572e+00
-1.491184803049340868e+00
-1.443136781777516031e+00
-1.464140775005593920e+00
-1.487334193053916120e+00
-1.497386503356769705e+00
-1.490132876063957834e+00
-1.497527154485955858e+00
-1.457250798444524431e+00
-1.448971201057806635e+00
-1.492987192559316778e+00
-1.433720089818611765e+00
-1.473716445590630197e+00
-1.497962490047588968e+00
-1.455752872254028940e+00
-1.443590708400383615e+00
-1.497978177245035791e+00
-1.497294340606108332e+00
-1.437415913070812845e+00
-1.496607820826843405e+00
-1.464523341830149317e+00
-1.485815628755167150e+00
-1.476454665742144012e+00
-1.457658645089045191e+00
-1.497966088678017282e+00
-1.462464046056643152e+00
-1.493022009122446203e+00
-1.488282842885032320e+00
-1.496515258538797521e+00
-1.479598314824774885e+00
-1.484231481186375046e+00
-1.474145383897498274e+00
-1.460237868453636789e+00
-1.496083960260525370e+00
-1.497889865513220453e+00
-1.463405773367062235e+00
-1.496333884398713732e+00
-1.467302656124606752e+00
-1.490463892321363115e+00
-1.463664762999191904e+00
-1.492810835453942442e+00
-1.496572717416360998e+00
-1.463815287078991556e+00
-1.497296437013223791e+00
-1.497568319875076437e+00
-1.447577707792893076e+00
-1.492513865555897379e+00
-1.478483167800381803e+00
-1.497976633112207079e+00
-1.497973291526809358e+00
-1.488138877644464397e+00
-1.419101260925903940e+00
-1.492762253011837625e+00
-1.497980688090696955e+00
-1.490630041199997091e+00
-1.487557509306147718e+00
-1.493334523725584173e+00
-1.440641183729544306e+00
-1.497306584703996801e+00
-1.469698451782837534e+00
-1.429893575932160044e+00
-1.497296883116737032e+00
-1.497015712174847746e+00
-1.498038839872255945e+00
-1.461407002385035181e+00
-1.471088771100416803e+00
-1.466173393975272798e+00
-1.490152517657056475e+00
-1.444032907809391642e+00
-1.496690922740176344e+00
-1.463276032681837702e+00
-1.493397508139982843e+00
-1.497958399678841257e+00
-1.468925676632002020e+00
-1.492226443576887274e+00
-1.492327314193621302e+00
-1.497996427442207956e+00
-1.432002537275925302e+00
-1.492262070390656614e+00
-1.497321078877225542e+00
-1.497462078321054602e+00
-1.489232063616886759e+00
-1.497975591893568659e+00
-1.496848108570352220e+00
-1.465314537610188150e+00
-1.496496633018627787e+00
-1.493586843225434446e+00
-1.488761650721803331e+00
-1.496886612239554548e+00
-1.470926985468044901e+00
-1.483003893724903488e+00
-1.497390599313452864e+00
-1.491432682003155374e+00
-1.487535694006159925e+00
-1.492107181201949739e+00
-1.496102924782112265e+00
-1.458996214295998239e+00
-1.491409276935532713e+00
-1.447392635370865488e+00
-1.480951156790629053e+00
-1.495829933646395826e+00
-1.496811183492913866e+00
-1.497510587188676023e+00
-1.496623553659096384e+00
-1.490011386896744394e+00
-1.488266256495639706e+00
-1.469458552400842333e+00
-1.497952718611136103e+00
-1.497371472741737986e+00
-1.472153960119262361e+00
-1.456256542678251886e+00
-1.497450037251487398e+00
-1.496393848534002924e+00
-1.456576818923726702e+00
-1.498007873396649980e+00
-1.464027021403685236e+00
-1.475124607186093950e+00
-1.466578567724004412e+00
-1.497489512290135050e+00
-1.431534912760630274e+00
-1.470336126487031603e+00
-1.497272835436537886e+00
-1.493799045074060583e+00
-1.470247753287926340e+00
-1.491366502221003199e+00
-1.492868990029469156e+00
-1.494443781066015386e+00
