-5.978075060637245697e-01
-5.876853083678477141e-01
-5.881847727938724901e-01
-5.948085733712159540e-01
-5.919176552477585229e-01
-5.810313100608346382e-01
-5.847180959387846544e-01
-5.971705408673469995e-01
-5.978408320369263951e-01
-5.978543991440112837e-01
-5.974174753356382706e-01
-5.831700357776337107e-01
-5.834001312954470997e-01
-5.956946313411315419e-01
-5.973030808196954089e-01
-5.978344661380501357e-01
-5.978182462860861524e-01
-5.969027689008585824e-01
-5.960926352388264959e-01
-5.887839659056691710e-01
-5.970732548766335412e-01
-5.976406120210376871e-01
-5.877943192381174242e-01
-5.963256357963115928e-01
-5.963280485793639452e-01
-5.975415976207364421e-01
-5.976297375467932715e-01
-5.901269295558930761e-01
-5.929026033780864235e-01
-5.884277183553644486e-01
-5.833184484061846309e-01
-5.923081606904856411e-01
-5.975982167511779686e-01
-5.975497243971974459e-01
-5.868158365905712381e-01
-5.961112888558116607e-01
-5.909451016884332830e-01
-5.868276249630952623e-01
-5.956459352913109351e-01
-5.978094234321953415e-01
-5.978444611790045826e-01
-5.942581096801936580e-01
-5.872173654934268461e-01
-5.837895623320578098e-01
-5.975576754387893486e-01
-5.956403201028259708e-01
-5.944795303919995222e-01
-5.902191487166776884e-01
-5.975367548016449204e-01
-5.933348536152144304e-01
-5.968488313272694024e-01
-5.961084760000897598e-01
-5.885197725342841135e-01
-5.978307625610242981e-01
-5.924109169277795850e-01
-5.975702025827205333e-01
-5.970823228063505406e-01
-5.963783710068786270e-01
-5.971070584814507365e-01
-5.857582861046641831e-01
-5.857110538776857389e-01
-5.892174706927822969e-01
-5.920961870490627499e-01
-5.960197847364578916e-01
-5.964580787337340206e-01
-5.893452447509538450e-01
-5.976733166897196803e-01
-5.941825300160403778e-01
-5.799802316687071579e-01
-5.952983571420331632e-01
-5.978443725610669279e-01
-5.900818808581240749e-01
-5.887042545078120526e-01
-5.942847437257715582e-01
-5.962213470482350397e-01
-5.974033698969695161e-01
-5.978326771224841130e-01
-5.960496861683965975e-01
-5.916453661998881675e-01
-5.965783260039552172e-01
-5.973227757378419822e-01
-5.954537425779982129e-01
-5.899540632079918190e-01
-5.977775149728753457e-01
-5.970631658547681520e-01
-5.955256658130944070e-01
-5.972570917246872169e-01
-5.976350463265324153e-01
-5.916383510905167675e-01
-5.848308642980404315e-01
-5.962535562203105099e-01
-5.978600390134624076e-01
-5.935046873705526194e-01
-5.765771091524541925e-01
-5.857118932929851196e-01
-5.978340873003593625e-01
-5.978422743157606467e-01
-5.952907888871264985e-01
-5.970359372916836938e-01
-5.900422417260380303e-01
-5.978273954937264323e-01
-5.974293201540864517e-01
-5.944112675919406286e-01
-5.777406187380802471e-01
-5.975049287892323369e-01
-5.905648754584209570e-01
-5.883873359938728287e-01
-5.971476544507605677e-01
-5.956085316484216463e-01
-5.975190492768714945e-01
-5.855079468461357184e-01
-5.875527432805250916e-01
-5.861458752767479963e-01
-5.951917189218595139e-01
-5.866760009840964463e-01
-5.848217966753345154e-01
-5.893955917284392498e-01
-5.971994714130804960e-01
-5.834239448682910778e-01
-5.929711970848787761e-01
-5.978516654181869061e-01
-5.873048142350463241e-01
-5.830357415747001726e-01
-5.880626080921979026e-01
-5.955134786639295630e-01
-5.971993234611773227e-01
-5.947051844154233047e-01
-5.834109096777881920e-01
-5.953988602061570656e-01
-5.971862313457310112e-01
-5.903925570181089988e-01
-5.961827136133213134e-01
-5.855832201855577512e-01
-5.872156623018046639e-01
-5.959272451659214376e-01
-5.847442853277016184e-01
-5.976405025501371204e-01
-5.978173702678039048e-01
-5.933971922170604429e-01
-5.974263902454390873e-01
-5.955712023084611673e-01
-5.836959879593482947e-01
-5.877575322747153885e-01
-5.896401652446312536e-01
-5.971670102861924567e-01
-5.937449396031855287e-01
-5.960397160124193405e-01
-5.856734219349559734e-01
-5.975422371772085572e-01
-5.844280802201785585e-01
-5.960495702414815300e-01
-5.975472909751405881e-01
-5.921456064422885301e-01
-5.902167685805934649e-01
-5.890018596733016532e-01
-5.966858485234104448e-01
-5.926558408636705133e-01
-5.932186604057235746e-01
-5.935527382018747078e-01
-5.899465254520558366e-01
-5.977129633918368823e-01
-5.837490581736346495e-01
-5.912308094074925080e-01
-5.902769798821263514e-01
-5.978582769368805394e-01
-5.976891428669914852e-01
-5.855569663536781544e-01
-5.972981906546216413e-01
-5.830810715512144693e-01
-5.891973849059598534e-01
-5.975481322004750906e-01
-5.896837793245178760e-01
-5.881708731570625126e-01
-5.972965120449729159e-01
-5.933774704649196208e-01
-5.935500993469865483e-01
-5.972625129433468683e-01
-5.978111154388323634e-01
-5.944043067565650817e-01
-5.872438628101150915e-01
