-5.709320414074660066e-01
-5.822475940189854038e-01
-5.826692147016745427e-01
-5.826985974940234181e-01
-5.711613397159429617e-01
-5.768116403217127264e-01
-5.717275978412206250e-01
-5.773329718191571036e-01
-5.774607507963268604e-01
-5.794257652229162225e-01
-5.804425690046299824e-01
-5.805030437359610662e-01
-5.823300842105942898e-01
-5.752305174231658880e-01
-5.754015421325212598e-01
-5.793244506454605647e-01
-5.749470818102555558e-01
-5.708531713989364320e-01
-5.732122961303806052e-01
-5.764923163606995304e-01
-5.818832719131750153e-01
-5.823200270576960325e-01
-5.774262096861180193e-01
-5.708015157185181154e-01
-5.791860672608202254e-01
-5.755525094040236933e-01
-5.714229820463705423e-01
-5.821776779162459725e-01
-5.776381072045868592e-01
-5.685593561589457057e-01
-5.826300505751962344e-01
-5.822790227526938311e-01
-5.826775641069542599e-01
-5.801929852314784419e-01
-5.808956022520294082e-01
-5.823862117564329033e-01
-5.823860887735213820e-01
-5.825222464479435924e-01
-5.733762257574513965e-01
-5.724962593566271796e-01
-5.676263547528049846e-01
-5.824232216816421781e-01
-5.820149187782278632e-01
-5.819958105756075639e-01
-5.824443687046253482e-01
-5.823704320561219339e-01
-5.826908851252354804e-01
-5.821617118850916928e-01
-5.824389379759983276e-01
-5.693116605625103688e-01
-5.669996182601957369e-01
-5.826933703902390516e-01
-5.821985320444694745e-01
-5.811158751787648402e-01
-5.775187167866679960e-01
-5.824006384238100686e-01
-5.824945102562710808e-01
-5.762740241213625270e-01
-5.699559743959836666e-01
-5.787806763990727132e-01
-5.699405485094042323e-01
-5.826018870978565412e-01
-5.826593544136061675e-01
-5.826836083820891021e-01
-5.771375483794232153e-01
-5.811617113058684669e-01
-5.723274217915066409e-01
-5.823253258684291112e-01
-5.757426034320484165e-01
-5.727324866165199868e-01
-5.718141638265576976e-01
-5.755835544260490266e-01
-5.822822158031141226e-01
-5.822883459211927182e-01
-5.826655864435961174e-01
-5.699309230741514964e-01
-5.773295906798701083e-01
-5.744975658330262469e-01
-5.794378584391884912e-01
-5.643127790624972162e-01
-5.819932021747127315e-01
-5.721693551157048807e-01
-5.762787312625841096e-01
-5.827013309578281675e-01
-5.808884448577977810e-01
-5.718177354466806861e-01
-5.763451459261322851e-01
-5.790463112462943540e-01
-5.827019834123032815e-01
-5.827049275579277987e-01
-5.785862111595813095e-01
-5.822928345765679969e-01
-5.728237840300351991e-01
-5.738959370942040561e-01
-5.826247892454201605e-01
-5.717083153017371577e-01
-5.818164618349447315e-01
-5.746057209519784825e-01
-5.726274079790838467e-01
-5.820287694900887487e-01
-5.742181274089092069e-01
-5.819403763882238234e-01
-5.827017388864935699e-01
-5.745165641247356181e-01
-5.820618669134529632e-01
-5.824936385439739572e-01
-5.646719428624416004e-01
-5.798572149787037944e-01
-5.820280372386732459e-01
-5.804634746468050333e-01
-5.636210875811504817e-01
-5.826360883763256338e-01
-5.721083024128503780e-01
-5.678970701649487252e-01
-5.730685716830435927e-01
-5.821832436057773341e-01
-5.748707363907051837e-01
-5.793346818882233462e-01
-5.706327566703246479e-01
-5.826200176632680972e-01
-5.826327200430405640e-01
-5.801610414831955831e-01
-5.813858529814934784e-01
-5.826194398607258407e-01
-5.802228858654214783e-01
-5.823723192326045739e-01
-5.826032880397351565e-01
-5.682001109760598245e-01
-5.826524617991601929e-01
-5.724635825419227553e-01
-5.763708350014643544e-01
-5.807040604431867870e-01
-5.818759933720444311e-01
-5.789217857785118326e-01
-5.735882945207738670e-01
-5.803412197291835106e-01
-5.788233282917510936e-01
-5.722721802099630661e-01
-5.785650379436123592e-01
-5.738748331511791534e-01
-5.826609980462910121e-01
-5.818908109301100806e-01
-5.744842344427478764e-01
-5.734593424155552954e-01
-5.796770139737233984e-01
-5.809897922772370160e-01
-5.787467375163924954e-01
-5.826035344405234850e-01
-5.809202552771920436e-01
-5.803995619442393616e-01
-5.807281697347833616e-01
-5.824101459551636051e-01
-5.753103065559417306e-01
-5.783360756688851190e-01
-5.811843648036497667e-01
-5.762255708633587936e-01
-5.671882897093523113e-01
-5.826546715963744072e-01
-5.826340994519387806e-01
-5.825425097016385667e-01
-5.824267161658336356e-01
-5.824157034796987320e-01
-5.711007795856718472e-01
-5.783728204643098225e-01
-5.823909879025819247e-01
-5.771492313000293750e-01
-5.738602645648992473e-01
-5.794823857133496459e-01
-5.819041420113878482e-01
-5.802581111550741966e-01
-5.824545758354098268e-01
-5.787845128659856453e-01
-5.824069487987333371e-01
-5.684414417458444335e-01
-5.678128657817149705e-01
-5.826641309617658360e-01
-5.804491736453039064e-01
-5.710071262450399088e-01
-5.768170511313559512e-01
-5.823238014046502320e-01
