-7.697379646163439171e-01
-7.757030554387723820e-01
-7.675645133752381222e-01
-7.563205916706478016e-01
-7.641252126816665546e-01
-7.582257908109580891e-01
-7.786667646180843727e-01
-7.634479241717612163e-01
-7.750351253237580673e-01
-7.677693358894442932e-01
-7.762411675687884705e-01
-7.757404941406106369e-01
-7.602330200646078007e-01
-7.739638920214032547e-01
-7.786741630446171181e-01
-7.784299139205371754e-01
-7.784429733913397209e-01
-7.667031196217989342e-01
-7.764862264778470413e-01
-7.643269604343926327e-01
-7.747354066271340267e-01
-7.784208749692892448e-01
-7.762398837406193630e-01
-7.780126218024646656e-01
-7.757676640797411816e-01
-7.558965325627481358e-01
-7.767062421228742020e-01
-7.699636534128343479e-01
-7.784284093689178841e-01
-7.709723558548843281e-01
-7.636542726580058948e-01
-7.778481539610778706e-01
-7.599901655960833446e-01
-7.632222842697059528e-01
-7.442410454425966160e-01
-7.754820018347358124e-01
-7.775274404596542732e-01
-7.713806318391119854e-01
-7.464160133425151722e-01
-7.718637326072906868e-01
-7.637221157822763340e-01
-7.713387083534156696e-01
-7.704721033845102207e-01
-7.718339363384997265e-01
-7.718459648352121727e-01
-7.682673177953814880e-01
-7.780677058074628727e-01
-7.469215743515645878e-01
-7.785298667188739197e-01
-7.631789377231156246e-01
-7.703651759114121811e-01
-7.757606647249316589e-01
-7.785579861413692848e-01
-7.750107307258998768e-01
-7.536438495192682163e-01
-7.786059585671877281e-01
-7.587283334035431759e-01
-7.760723118010913746e-01
-7.746218257855629341e-01
-7.782910364951943771e-01
-7.785988735307013409e-01
-7.483073506776248829e-01
-7.754367977652704136e-01
-7.604427436638628857e-01
-7.560007363829767124e-01
-7.776896097969269173e-01
-7.785851034607743637e-01
-7.783712573621427433e-01
-7.760208860311662571e-01
-7.762052492510532753e-01
-7.770719399016355888e-01
-7.783841636303817646e-01
-7.756733937460934536e-01
-7.730942155506467239e-01
-7.731762296792125122e-01
-7.550848681751644031e-01
-7.780392431925987617e-01
-7.781145885858690159e-01
-7.776920372892176525e-01
-7.591392254728829281e-01
-7.777596368726348297e-01
-7.782067159462725536e-01
-7.706978820536291019e-01
-7.629014212910091297e-01
-7.783124881137167828e-01
-7.749398263443266766e-01
-7.774085645835852043e-01
-7.773971190948044674e-01
-7.687538169596349613e-01
-7.786624479379510300e-01
-7.779158550586556808e-01
-7.666672171365475075e-01
-7.786200084995483772e-01
-7.759951941009616272e-01
-7.755056998033081905e-01
-7.746446888234471695e-01
-7.785678237017249481e-01
-7.762091640654956715e-01
-7.746577431719755547e-01
-7.773350511018192188e-01
-7.675206085007643120e-01
-7.785893623989080803e-01
-7.779255906391894237e-01
-7.743587178450083153e-01
-7.750196630407130138e-01
-7.782308646749710457e-01
-7.771205549400305168e-01
-7.785444679941987411e-01
-7.681102805111562626e-01
-7.619753308866178410e-01
-7.780982136067008392e-01
-7.786485912550246136e-01
-7.554761801186954395e-01
-7.684774581614887135e-01
-7.781788349423562900e-01
-7.736609081078326122e-01
-7.746630354125058071e-01
-7.786612665552651302e-01
-7.781487476352607624e-01
-7.730656518872832672e-01
-7.603277616474782841e-01
-7.604020821202551739e-01
-7.431052230570470707e-01
-7.700715555150067226e-01
-7.774873283963655846e-01
-7.765279897760605232e-01
-7.574718283761298077e-01
-7.735357052918528931e-01
-7.759126710046088116e-01
-7.769299323011195080e-01
-7.748004259813582317e-01
-7.723734105277811901e-01
-7.746285694923257248e-01
-7.722464363362645523e-01
-7.648545593295251743e-01
-7.718363833885645287e-01
-7.777178791623567955e-01
-7.785869004476820843e-01
-7.772765794109558479e-01
-7.642380009677266495e-01
-7.778734053757047073e-01
-7.730089706640695946e-01
-7.292802740160381214e-01
-7.559843879465019123e-01
-7.701200569320475475e-01
-7.737362348746513740e-01
-7.786335233870899097e-01
-7.778889132935559170e-01
-7.779422189380978958e-01
-7.728713435392832176e-01
-7.783556414108728783e-01
-7.736653072100138084e-01
-7.652858515542005913e-01
-7.763921889748429672e-01
-7.752748295936738865e-01
-7.694353653389965908e-01
-7.517094645921146290e-01
-7.774580750886356251e-01
-7.755550128679727928e-01
-7.733973824691032783e-01
-7.784051868405198471e-01
-7.782715727847074882e-01
-7.658934338290249721e-01
-7.541728314284240620e-01
-7.653098596531903164e-01
-7.689021314766263382e-01
-7.786074151556944267e-01
-7.740475876528775112e-01
-7.781974516149615662e-01
-7.572548814389860050e-01
-7.760670023310934917e-01
-7.781413366358732597e-01
-7.775706668656324760e-01
-7.785163611445581333e-01
-7.755447357233619110e-01
-7.725009565513586418e-01
-7.635219913247978107e-01
-7.749713381093000786e-01
-7.786189453948294537e-01
-7.760863510232424156e-01
-7.786809766005730049e-01
-7.766966895472263710e-01
-7.763796040128921883e-01
-7.444809709016239063e-01
-7.590182680908595936e-01
-7.668308607574557678e-01
-7.638891550052916424e-01
-7.634051662210380451e-01
-7.566276226464664356e-01
-7.783837836507713215e-01
-7.782893824663018600e-01
-7.704156661678110973e-01
-7.780055591177200691e-01
-7.781939861636614220e-01
-7.786272187989210503e-01
-7.715546089496468918e-01
-7.755892869357025043e-01
-7.679876621153211014e-01
-7.678713734533643143e-01
-7.597594499859964268e-01
-7.760349350322043316e-01
-7.651854424078022854e-01
-7.747211662393068687e-01
-7.782293815437709705e-01
-7.783115940440451519e-01
-7.742976715128874199e-01
-7.737083133582031147e-01
-7.584818169746553318e-01
-7.777515595119451897e-01
-7.600195860762154476e-01
-7.779747770439838783e-01
-7.574355338040744678e-01
-7.597421283174311535e-01
-7.564088810507213489e-01
-7.782265116732572929e-01
-7.699946031246339695e-01
-7.733426165107643024e-01
-7.757700333643710033e-01
-7.717365884494041817e-01
-7.687225566517567055e-01
-7.780666403744375126e-01
-7.741904567267751114e-01
-7.702371097441768066e-01
-7.658384555291389839e-01
-7.548417259279643909e-01
-7.685628818620001690e-01
-7.778221523661171810e-01
-7.726892276007687466e-01
-7.690594807539140598e-01
-7.730737315762793438e-01
-7.785576601784681694e-01
-7.785977475617086307e-01
-7.784731580216442959e-01
-7.744721394304191486e-01
-7.785980153169488327e-01
-7.785512820158159153e-01
-7.712184084851300137e-01
-7.742463905636226551e-01
-7.786440221864735500e-01
-7.747395999070262329e-01
-7.740603975292300598e-01
-7.725740728240465538e-01
-7.784072744000708477e-01
-7.672711677189921753e-01
-7.782529561121022121e-01
-7.654192821394657509e-01
-7.748144689287995712e-01
-7.726019650038337128e-01
-7.783543706212198154e-01
-7.744779634561395065e-01
-7.473139889810239689e-01
-7.769260798852896110e-01
-7.786108019102370159e-01
-7.777274540897464172e-01
-7.698503296162938492e-01
-7.775653159517800228e-01
-7.778973412971948997e-01
-7.776623537104582207e-01
-7.611739054594194309e-01
-7.698413977671419994e-01
-7.715596944365655796e-01
-7.781247632849966900e-01
-7.782237987305974380e-01
-7.781893449176108257e-01
-7.641141746465122120e-01
-7.768759980138396637e-01
-7.733749292131518738e-01
-7.743448118019854443e-01
-7.761621476423000709e-01
-7.686015811089431660e-01
