-1.076204578472278461e+00
-1.075652853665850506e+00
-1.072327055117092476e+00
-1.050228799773357258e+00
-1.072696211362234697e+00
-1.072233487466327295e+00
-1.073126246767095671e+00
-1.072416695846221790e+00
-1.060649822080484972e+00
-1.049588185815117702e+00
-1.047376365480921612e+00
-1.031903800634644375e+00
-1.072158150920621500e+00
-1.067197891963622913e+00
-1.063690591217927084e+00
-1.076091346411011562e+00
-1.076165653845272407e+00
-1.075981740919850216e+00
-1.045148805795214519e+00
-1.034819857297442303e+00
-1.076067218637070999e+00
-1.075556129297218666e+00
-1.076210722407303200e+00
-1.061446955041936979e+00
-1.075392791150114880e+00
-1.067263422148279295e+00
-1.071691435376159296e+00
-1.061209845902375326e+00
-1.075623444361589298e+00
-1.073475942095718727e+00
-1.063539681104920254e+00
-1.065358275627694473e+00
-1.073330895123980389e+00
-1.049060045821569309e+00
-1.073527679393045053e+00
-1.055640543891094074e+00
-1.055895404038927898e+00
-1.074177617287240372e+00
-1.052755494682095394e+00
-1.076021808279655323e+00
-1.068696110589406834e+00
-1.069865356279514179e+00
-1.052880440918705807e+00
-1.075170329852006779e+00
-1.075495707416884050e+00
-1.075543215578399048e+00
-1.052446727720997677e+00
-1.076104992149374828e+00
-1.066647773222974882e+00
-1.075354128224752293e+00
-1.074756418434880123e+00
-1.051586597306630955e+00
-1.072037448720983610e+00
-1.065211935514561281e+00
-1.076512378720543728e+00
-1.076055718665919647e+00
-1.076507055280707226e+00
-1.051390689877770290e+00
-1.052915821863315449e+00
-1.064323993945471392e+00
-1.060336371498159513e+00
-1.076526386743388519e+00
-1.047861442981264934e+00
-1.069908129131398544e+00
-1.075687663709721908e+00
-1.075481060041091785e+00
-1.070996600748948202e+00
-1.060472315723053560e+00
-1.075529757501534567e+00
-1.071293117092899427e+00
-1.057689002795122013e+00
-1.071540681725345001e+00
-1.075432401230535850e+00
-1.076025679787597999e+00
-1.057831687001488552e+00
-1.059339710591338024e+00
-1.076003615824482784e+00
-1.061210298059485302e+00
-1.053971148176095829e+00
-1.075386254196963653e+00
-1.064994006497762546e+00
-1.060146299270890102e+00
-1.075547830747417555e+00
-1.066244524518004999e+00
-1.052697104481957302e+00
-1.075531118163816080e+00
-1.075615380505076990e+00
-1.067426168439886913e+00
-1.073703056747070894e+00
-1.076068771151802883e+00
-1.074856265062443361e+00
-1.073608723083488092e+00
-1.073235464362404690e+00
-1.075779857194028244e+00
-1.062586392821721182e+00
-1.044278486711881504e+00
-1.049934293223522053e+00
-1.076507055280707226e+00
-1.065251224288694010e+00
-1.076511716550193176e+00
-1.053008011622331486e+00
-1.071306949561438904e+00
-1.076494504777691708e+00
-1.076506688339612827e+00
-1.070291404226771936e+00
-1.076163542536995754e+00
-1.045061375094554768e+00
-1.073451628522924528e+00
-1.076536079948745117e+00
-1.072889213995985136e+00
-1.072957778895250902e+00
-1.071827421976230488e+00
-1.072050960814557419e+00
-1.071680101646087513e+00
-1.064852196803293571e+00
-1.076531021935842380e+00
-1.046327306969068394e+00
-1.076504969118140087e+00
-1.076039492232702122e+00
-1.073448855975619898e+00
-1.069785763123981104e+00
-1.071596172252647028e+00
-1.036462449548743114e+00
-1.074353862168244467e+00
-1.034759012130997524e+00
-1.070417894130549774e+00
-1.071231484027556524e+00
-1.076479597097239838e+00
-1.075994982464216099e+00
-1.076522481707833157e+00
-1.076062375759682999e+00
-1.063145147716603622e+00
-1.059984541578195438e+00
-1.073294039895735130e+00
-1.027227372942469463e+00
-1.076085081404052124e+00
-1.060972566330782518e+00
-1.069210029287240848e+00
-1.076540166592202530e+00
-1.073052487881831274e+00
-1.067607940720371351e+00
-1.071940616784594402e+00
-1.074277647851012096e+00
-1.068183448245725975e+00
-1.070985584134213076e+00
-1.075872011562786446e+00
-1.073277067473135338e+00
-1.075410296289227352e+00
-1.076058923346898899e+00
-1.069813177069626198e+00
-1.071662625377974853e+00
-1.059850561512611256e+00
-1.076500427057943687e+00
-1.057494990607700691e+00
-1.059750442473194942e+00
-1.075427870346210346e+00
-1.071404622016451702e+00
-1.062521670559398279e+00
-1.076489255843661175e+00
-1.066716542547545776e+00
-1.057060371233127460e+00
-1.072886318048439369e+00
-1.062464695038251028e+00
-1.043303850186965809e+00
-1.052578643044433937e+00
-1.063477823125175581e+00
-1.076556093139551029e+00
-1.067198196040443525e+00
-1.072884685905627355e+00
-1.053961279882095203e+00
-1.076595730228326664e+00
-1.076491350388131485e+00
-1.060380626084260092e+00
-1.059485682366392956e+00
-1.063715869175247297e+00
-1.076613121746085033e+00
-1.060126791788242206e+00
-1.034876925019524441e+00
-1.073455875353864775e+00
-1.066066459832690105e+00
-1.076084146356187210e+00
-1.076017835257552013e+00
-1.075511633498571262e+00
-1.073188497764966831e+00
-1.070601271079830275e+00
-1.056525955988071308e+00
-1.076525499192974911e+00
-1.076096803961298809e+00
-1.072125250553689346e+00
-1.073381802612892733e+00
-1.075617535119853363e+00
-1.060282995538763151e+00
-1.057014090089104519e+00
-1.076499660579464779e+00
-1.020881981668970928e+00
-1.049058624623320446e+00
-1.072482355019054756e+00
-1.060165040275059090e+00
-1.060828102366975889e+00
-1.072379342826060400e+00
-1.070334772659442768e+00
-1.070466929195425854e+00
-1.073341079136333809e+00
-1.074718264011643276e+00
-1.057321106163761959e+00
-1.073615180408559189e+00
-1.075771044554165945e+00
-1.048385319380066738e+00
-1.062153000464640007e+00
-1.075472786171338901e+00
-1.076153122900030956e+00
-1.075730074277124748e+00
-1.076501592142484531e+00
-1.076478437600634441e+00
-1.075754852114222393e+00
-1.053828339172504291e+00
-1.071293225591979370e+00
-1.076479778705141888e+00
-1.075913916422031269e+00
-1.076079945160053120e+00
-1.047137876121304378e+00
-1.075435728846094952e+00
-1.068997833026550159e+00
-1.057987803673348770e+00
-1.070509784003696785e+00
-1.053128263993165836e+00
-1.076536727217934475e+00
-1.070454552849731789e+00
-1.076515768734715328e+00
-1.076322679487965450e+00
-1.076089238828025207e+00
-1.047515560952923641e+00
-1.055215141816041813e+00
-1.073257117612264500e+00
-1.071117134379200087e+00
-1.076005529692373619e+00
-1.072274348312965975e+00
-1.062230182891688690e+00
-1.072258713269583330e+00
-1.076126952735684261e+00
-1.075953241517744408e+00
-1.074177158145211086e+00
-1.056724912567041264e+00
-1.041918088762066708e+00
-1.075969269579253540e+00
-1.075978291301033840e+00
-1.074968932276568756e+00
-1.050577743990323887e+00
-1.064052159046731338e+00
-1.054660849353275642e+00
-1.051227261392376766e+00
-1.070835079146526203e+00
-1.075298642819724426e+00
-1.075427745083324060e+00
-1.075820384161523924e+00
-1.057670923961303577e+00
-1.052353494880698070e+00
-1.059479558920464859e+00
-1.073798760386160955e+00
-1.071631801394722805e+00
-1.074489108832530126e+00
-1.076497059395513878e+00
-1.069994351906679020e+00
-1.075768120201281652e+00
-1.076463308265409813e+00
-1.072357867924473629e+00
-1.076087997375033245e+00
-1.065728659821651325e+00
-1.067504270547978029e+00
-1.057155269278190479e+00
-1.054074632083974228e+00
-1.028241806743643627e+00
-1.076525802804134235e+00
-1.074762568889162884e+00
-1.075348156584403858e+00
-1.074788408899656877e+00
-1.073142710687569723e+00
-1.059053943572543011e+00
-1.057418936012289867e+00
-1.070258377665630922e+00
-1.065001552538923368e+00
-1.073575406415365086e+00
-1.076477934686444149e+00
-1.076492551794252739e+00
-1.068057391872606621e+00
-1.070582315405807838e+00
-1.064897657452128277e+00
-1.073790800837777004e+00
-1.076522202311060772e+00
-1.043462404130003796e+00
-1.051677688105008945e+00
-1.076494424683950291e+00
-1.051153968168399677e+00
-1.051091400055191860e+00
-1.076507777987025127e+00
-1.070513216858706818e+00
-1.073552885638527021e+00
-1.046623784197471485e+00
-1.058530427595577583e+00
-1.043395678592822895e+00
-1.053428906096122608e+00
-1.075882334342203484e+00
-1.075210025148443327e+00
-1.075259133322141514e+00
-1.042880381537578449e+00
-1.058243732048175678e+00
-1.072440148876957045e+00
-1.076447916297219143e+00
-1.070493789469800339e+00
-1.053802067493996963e+00
-1.072869203133485660e+00
-1.075542258178792343e+00
-1.069554640060267792e+00
-1.075512050731084690e+00
-1.029393744735024319e+00
-1.057365556327603207e+00
-1.065312481565378055e+00
-1.074008033690951214e+00
-1.076494450760982380e+00
-1.068246342321834907e+00
-1.071714955462119923e+00
-1.076028583651385651e+00
-1.072824291964969978e+00
-1.075385138006857977e+00
-1.059589474542043552e+00
-1.069145707493625030e+00
-1.072424872392765627e+00
-1.029880930749676571e+00
-1.058211625633738384e+00
-1.072614350436232433e+00
-1.076518115667603359e+00
-1.072569342875830278e+00
-1.055011152369878635e+00
-1.060529927337519274e+00
-1.076514830892882690e+00
-1.075233636504016266e+00
-1.075609875922999725e+00
-1.073246838139347181e+00
-1.076144793150923595e+00
-1.076045661313436375e+00
-1.062814587341598616e+00
-1.075930906539759979e+00
-1.076519404618046627e+00
-1.070905990978680000e+00
-1.061009004326514349e+00
-1.066554738288722382e+00
-1.071922331197164402e+00
-1.068480399517319546e+00
-1.076509299768112049e+00
-1.055373606352112636e+00
-1.052228900684020862e+00
-1.044432777060172901e+00
-1.044861811293266163e+00
-1.076536928383610592e+00
-1.073364438569150314e+00
-1.076512017367384777e+00
-1.076472233129642353e+00
-1.074061368672154293e+00
-1.056357885790965900e+00
-1.076507187528512821e+00
-1.062559414269379721e+00
-1.076502799136541233e+00
-1.073443770488701210e+00
-1.076142218044004784e+00
-1.073216946409992323e+00
-1.043872327623865948e+00
-1.075885451478860722e+00
-1.073782621497265444e+00
-1.071128752628318415e+00
-1.058457887811563358e+00
-1.076038072897098408e+00
-1.042463527141116009e+00
-1.065817665388784752e+00
-1.074429339343659029e+00
-1.062482759902230844e+00
-1.069656260391674385e+00
-1.069460407910845623e+00
-1.062098689923040018e+00
-1.054119373751781330e+00
-1.050280128685734615e+00
-1.076480616895459042e+00
-1.076036866834364281e+00
-1.075560434335819826e+00
-1.076476157722971783e+00
-1.058690819038055286e+00
-1.049489420918724880e+00
-1.075622704891465053e+00
-1.044190646229288921e+00
-1.076151211826107845e+00
-1.069728511000029192e+00
-1.050209493456385479e+00
-1.060448583761207209e+00
-1.058338954193494663e+00
-1.071705862028501377e+00
-1.075833224771521435e+00
-1.075999938962958202e+00
-1.054703944442770824e+00
-1.076514859763882503e+00
-1.072138947049132929e+00
-1.047103445125720844e+00
-1.070760571012250528e+00
-1.069878512142203197e+00
-1.076119091441831932e+00
-1.059394135219953403e+00
-1.071248595682881222e+00
-1.060867863321653948e+00
-1.070647133128694639e+00
-1.070953121256060347e+00
-1.066194354170910463e+00
-1.067334056911967144e+00
-1.062532029194734440e+00
-1.073434429788939104e+00
-1.042934422461293087e+00
-1.059292637823126659e+00
-1.075076283501438246e+00
-1.073092481667152986e+00
-1.075555464332900391e+00
-1.076529244972370014e+00
-1.043336891649268017e+00
-1.075984689487121448e+00
-1.075531907925359354e+00
-1.059593166304729328e+00
-1.072777640620223627e+00
-1.076042433349392757e+00
-1.073758095582924232e+00
-1.074751832136861429e+00
-1.075334034008882389e+00
-1.054098698390624866e+00
-1.065782416691980705e+00
-1.070913397321454630e+00
-1.071489803573093758e+00
-1.064384010700486050e+00
-1.075564089311263904e+00
-1.071789249392203436e+00
-1.076493111519120083e+00
-1.073475471777818546e+00
-1.075889959080121860e+00
-1.076058032071194992e+00
-1.060488495590142355e+00
-1.069608077486954079e+00
-1.049145841119788036e+00
-1.072374626608542547e+00
-1.075917990026972637e+00
-1.069971652315906629e+00
-1.062791324300668583e+00
-1.066275364333740816e+00
-1.070074052164308176e+00
-1.075461534397653685e+00
-1.076541043898067818e+00
-1.071014407636574850e+00
-1.075273477086774454e+00
-1.076503594486019955e+00
-1.037388174874685154e+00
-1.064225641159317837e+00
-1.061509044921002731e+00
-1.045751405028603420e+00
-1.067260962059698448e+00
-1.053332395000360355e+00
-1.071928276760480747e+00
-1.075195853212825403e+00
-1.071916750246636019e+00
-1.076511912127933845e+00
-1.076500325543783054e+00
-1.075770631046942816e+00
-1.072752760337642775e+00
-1.058575952505669937e+00
-1.064574124837271318e+00
-1.075442348221294031e+00
-1.076194358138344631e+00
-1.049311227245233402e+00
-1.076098843557737217e+00
-1.062705959739140615e+00
-1.072768517849943981e+00
-1.069906369863055096e+00
-1.076504496006272182e+00
-1.061161934478185520e+00
-1.075395731335482941e+00
-1.074029376344732389e+00
-1.076494309199951038e+00
-1.072300987398228989e+00
-1.076062583444617138e+00
-1.076043801462254867e+00
-1.072106142608425960e+00
-1.049987989557884083e+00
-1.064838937098137484e+00
-1.072659467892698393e+00
-1.049697321919701443e+00
-1.075499519785843239e+00
-1.075114363418869123e+00
-1.074269321361533747e+00
-1.061526762867323503e+00
-1.075321812262735710e+00
-1.074856860177568540e+00
-1.069197891825787172e+00
-1.076065654946468220e+00
-1.071049075188092337e+00
-1.075315101617924318e+00
-1.056869219137332783e+00
-1.068037285549543247e+00
-1.076458492396376476e+00
-1.043108674777648792e+00
-1.076046263879142151e+00
-1.055900181723735676e+00
-1.075634901957563505e+00
