-1.076205562618378631e+00
-1.075650805939831756e+00
-1.072330717502756325e+00
-1.050271519118479491e+00
-1.072691598981339700e+00
-1.072226491956637773e+00
-1.073125802448882782e+00
-1.072409883620040860e+00
-1.060654880172190673e+00
-1.049579944969045497e+00
-1.047345712256095185e+00
-1.031921266326316644e+00
-1.072159327900697123e+00
-1.067205589145344913e+00
-1.063701230573565359e+00
-1.076091758079975813e+00
-1.076165260554802217e+00
-1.075982961365522739e+00
-1.044966283262995788e+00
-1.034867028406636358e+00
-1.076068983203303464e+00
-1.075553225242376509e+00
-1.076213083463325670e+00
-1.061439729082577887e+00
-1.075397992587301399e+00
-1.067260761782953704e+00
-1.071696221701395002e+00
-1.061221968129827831e+00
-1.075622572303544411e+00
-1.073469533214278737e+00
-1.063529510528756772e+00
-1.065359416602102538e+00
-1.073335015006533277e+00
-1.049043817338499052e+00
-1.073533980195410686e+00
-1.055549040896252899e+00
-1.055896682194482183e+00
-1.074169558220898990e+00
-1.052812284380742591e+00
-1.076020209842544872e+00
-1.068703564415812712e+00
-1.069874494946459809e+00
-1.052860812400671309e+00
-1.075171330487696419e+00
-1.075498540428371452e+00
-1.075543623594085840e+00
-1.052516887330471773e+00
-1.076107126910587741e+00
-1.066626792917131583e+00
-1.075354966051916383e+00
-1.074759637303031479e+00
-1.051584585452764786e+00
-1.072046570769428664e+00
-1.065234819941377475e+00
-1.076512649943239142e+00
-1.076056196252585861e+00
-1.076507882030071084e+00
-1.051335047414568846e+00
-1.052901901171614751e+00
-1.064329309882094732e+00
-1.060321477090507392e+00
-1.076527402317360549e+00
-1.047860311332956318e+00
-1.069906880037406527e+00
-1.075688872001199892e+00
-1.075482137848581266e+00
-1.070993684122783174e+00
-1.060488088136414930e+00
-1.075530578443600893e+00
-1.071297661500145715e+00
-1.057743219210441010e+00
-1.071535406168801829e+00
-1.075434538933870421e+00
-1.076027467701711648e+00
-1.057829400240077655e+00
-1.059372866511944178e+00
-1.076005275612574641e+00
-1.061203441956736659e+00
-1.053962323550202695e+00
-1.075387476100740702e+00
-1.065008555038451821e+00
-1.060151259344513042e+00
-1.075551576008700883e+00
-1.066238355746739863e+00
-1.052703133365580745e+00
-1.075531669564710358e+00
-1.075616556534409129e+00
-1.067423475968990898e+00
-1.073701046802953973e+00
-1.076069931682533287e+00
-1.074859869394369394e+00
-1.073599984017283848e+00
-1.073231671074699412e+00
-1.075779716108084427e+00
-1.062583376165192162e+00
-1.044340015738020044e+00
-1.049940064027218289e+00
-1.076507393524460454e+00
-1.065248728393173749e+00
-1.076512949877013181e+00
-1.053017579763525502e+00
-1.071308048429773674e+00
-1.076495027593422860e+00
-1.076508329601717051e+00
-1.070289455272519064e+00
-1.076164929271083759e+00
-1.045081045654640661e+00
-1.073446447099845713e+00
-1.076537418555322478e+00
-1.072894147016323796e+00
-1.072957316772478631e+00
-1.071821035302949365e+00
-1.072054701329896220e+00
-1.071692618803276931e+00
-1.064843865870002126e+00
-1.076532024740654014e+00
-1.046335088862422991e+00
-1.076505875302680826e+00
-1.076039123726321600e+00
-1.073449171484655240e+00
-1.069790980740669140e+00
-1.071593828953796734e+00
-1.036448963781555488e+00
-1.074353319974024945e+00
-1.034789344093174135e+00
-1.070414109176197837e+00
-1.071224620933915794e+00
-1.076480725786934434e+00
-1.075993183109303031e+00
-1.076524020630089007e+00
-1.076063869681403773e+00
-1.063123638707385021e+00
-1.059983732611322838e+00
-1.073291485405562407e+00
-1.027183769415945580e+00
-1.076085871697697982e+00
-1.060981578784271573e+00
-1.069210518626826811e+00
-1.076541324457154669e+00
-1.073057454036905778e+00
-1.067604802173066414e+00
-1.071939714888419104e+00
-1.074272138123342213e+00
-1.068178778309135213e+00
-1.070986962551169430e+00
-1.075871909764895884e+00
-1.073274449625270188e+00
-1.075411219547648844e+00
-1.076059888006616339e+00
-1.069800633545920698e+00
-1.071659959198571599e+00
-1.059860334046615060e+00
-1.076501696772044880e+00
-1.057469540075673065e+00
-1.059749633722715023e+00
-1.075426355500453957e+00
-1.071401390280657839e+00
-1.062520095389126285e+00
-1.076490959077706977e+00
-1.066715312679901384e+00
-1.057060903750547176e+00
-1.072885005104672551e+00
-1.062473260263813390e+00
-1.043314650603205829e+00
-1.052617260015679124e+00
-1.063466362411595201e+00
-1.076556466027989156e+00
-1.067196790250424243e+00
-1.072890626614168896e+00
-1.053912447174341960e+00
-1.076597070701298398e+00
-1.076492428136506030e+00
-1.060394793686509018e+00
-1.059495887451913365e+00
-1.063707809340272759e+00
-1.076614455015311611e+00
-1.060140640449044991e+00
-1.034873143499732473e+00
-1.073460616665456113e+00
-1.066071105732348201e+00
-1.076084439208855770e+00
-1.076019565378073528e+00
-1.075513622097233002e+00
-1.073178494641493508e+00
-1.070603476597794534e+00
-1.056517064864220146e+00
-1.076526947382735688e+00
-1.076097158104612372e+00
-1.072134118692985583e+00
-1.073386796683840849e+00
-1.075619015431420467e+00
-1.060246768660641159e+00
-1.057016502828290516e+00
-1.076500363847127550e+00
-1.020880548886645034e+00
-1.049099339513825058e+00
-1.072484800738755739e+00
-1.060171198068462717e+00
-1.060817578127256411e+00
-1.072374573371472906e+00
-1.070334778759054917e+00
-1.070473528393378615e+00
-1.073348620730589786e+00
-1.074719345199437015e+00
-1.057324863687117311e+00
-1.073611606293926268e+00
-1.075771504828691327e+00
-1.048403458349854711e+00
-1.062133634715142438e+00
-1.075471866857834025e+00
-1.076155013674057859e+00
-1.075730457703732323e+00
-1.076503017821983654e+00
-1.076480260480298101e+00
-1.075755622398478550e+00
-1.053800110531751155e+00
-1.071296084842412233e+00
-1.076480305738281240e+00
-1.075914166222897483e+00
-1.076077720349267963e+00
-1.047113321127128405e+00
-1.075433067236061024e+00
-1.068994013628064454e+00
-1.057971732984516855e+00
-1.070512961302652499e+00
-1.053184661543048017e+00
-1.076538135163725762e+00
-1.070450951939556195e+00
-1.076517056946689976e+00
-1.076322037680647714e+00
-1.076089137739087764e+00
-1.047494300320519045e+00
-1.055271842490342671e+00
-1.073257406749987153e+00
-1.071108462820404394e+00
-1.076005739219196178e+00
-1.072274318621144307e+00
-1.062228148873058498e+00
-1.072259270850259627e+00
-1.076126666885863781e+00
-1.075954943705063283e+00
-1.074179776090689931e+00
-1.056720777529282618e+00
-1.041919514394975987e+00
-1.075969554744304668e+00
-1.075978843120836581e+00
-1.074968359390052974e+00
-1.050559130822009912e+00
-1.064052645610766401e+00
-1.054640269339610859e+00
-1.051237622593977905e+00
-1.070829063228255107e+00
-1.075300240416951159e+00
-1.075429296445100436e+00
-1.075819728630901917e+00
-1.057668174929832006e+00
-1.052349498311181630e+00
-1.059481927288165926e+00
-1.073796931251778553e+00
-1.071628511966892683e+00
-1.074485155178908302e+00
-1.076498637452523610e+00
-1.069985514959110651e+00
-1.075768960946744457e+00
-1.076464661664865874e+00
-1.072356240763226332e+00
-1.076089371978890430e+00
-1.065722710308719456e+00
-1.067501936617837321e+00
-1.057151755991434072e+00
-1.054066370114473239e+00
-1.028246964064314373e+00
-1.076527169014564134e+00
-1.074766800875271100e+00
-1.075349726742140355e+00
-1.074784675860882999e+00
-1.073143186884910394e+00
-1.059046139833874411e+00
-1.057415623968074314e+00
-1.070263445718441675e+00
-1.064987767302193911e+00
-1.073575385164069029e+00
-1.076479538001878566e+00
-1.076493780924430599e+00
-1.068058310962092472e+00
-1.070575238856534606e+00
-1.064911842303293721e+00
-1.073792603475256957e+00
-1.076523405877592099e+00
-1.043482280967293452e+00
-1.051686792438493390e+00
-1.076495920788692384e+00
-1.051120027639610433e+00
-1.051059052264690097e+00
-1.076509625717679608e+00
-1.070504531595435793e+00
-1.073556177231541175e+00
-1.046603152984693086e+00
-1.058515037590288088e+00
-1.043365545890248214e+00
-1.053407864645409919e+00
-1.075881702616018565e+00
-1.075209154879264828e+00
-1.075259286802922265e+00
-1.042890606450469715e+00
-1.058235593058194368e+00
-1.072441460440627159e+00
-1.076449420423126968e+00
-1.070485763674527524e+00
-1.053803739575831289e+00
-1.072863864271705436e+00
-1.075540687221465896e+00
-1.069547180460874269e+00
-1.075512915940791236e+00
-1.029392369489526393e+00
-1.057348580302020835e+00
-1.065321460828644762e+00
-1.074004372090846982e+00
-1.076495962303681608e+00
-1.068245744990247159e+00
-1.071697581255300902e+00
-1.076029980956676235e+00
-1.072825090986888164e+00
-1.075383786855719892e+00
-1.059601605251854428e+00
-1.069135000117587886e+00
-1.072416705426558758e+00
-1.029887664071918341e+00
-1.058250206165426421e+00
-1.072610274625769744e+00
-1.076518711091377201e+00
-1.072568080455741590e+00
-1.055023047782563062e+00
-1.060531824774223697e+00
-1.076516267087329615e+00
-1.075232940186116259e+00
-1.075610797209035630e+00
-1.073251272504909259e+00
-1.076144505362512049e+00
-1.076049287265131049e+00
-1.062816954440210404e+00
-1.075931139328226482e+00
-1.076520795195700764e+00
-1.070913813920059798e+00
-1.060998983789272598e+00
-1.066548573443092840e+00
-1.071920726131716739e+00
-1.068468545475942832e+00
-1.076510410106035875e+00
-1.055364568999719088e+00
-1.052218454428637040e+00
-1.044421175171694749e+00
-1.044829216358328594e+00
-1.076538251638639476e+00
-1.073364107028117687e+00
-1.076513377210656097e+00
-1.076472767583333212e+00
-1.074061733406680208e+00
-1.056342831819417905e+00
-1.076507979113010105e+00
-1.062560560230551454e+00
-1.076503825566343941e+00
-1.073440076452984338e+00
-1.076143321828459509e+00
-1.073210841643458036e+00
-1.043820344516232845e+00
-1.075883460523593849e+00
-1.073782511248391636e+00
-1.071136798401586487e+00
-1.058473817112453252e+00
-1.076039852476725178e+00
-1.042490131680768872e+00
-1.065827204753636792e+00
-1.074424887439409115e+00
-1.062483827449291152e+00
-1.069646721329774897e+00
-1.069447493005107219e+00
-1.062066752665968616e+00
-1.054138904953085598e+00
-1.050290996331793458e+00
-1.076482002569897345e+00
-1.076036719258260943e+00
-1.075558922028784670e+00
-1.076477248710741685e+00
-1.058675329578305124e+00
-1.049493449788652333e+00
-1.075622566336553509e+00
-1.044245209305320943e+00
-1.076152117678394138e+00
-1.069736299840699623e+00
-1.050318883076365450e+00
-1.060455298630817556e+00
-1.058337210689414665e+00
-1.071706266794303586e+00
-1.075835750687993198e+00
-1.075999659974089306e+00
-1.054711810148039275e+00
-1.076516318403281547e+00
-1.072133761445260625e+00
-1.047083744384934567e+00
-1.070768729754823623e+00
-1.069872494876082269e+00
-1.076119723007463280e+00
-1.059403093093604697e+00
-1.071240360653241241e+00
-1.060848200246622408e+00
-1.070643140986869302e+00
-1.070946413085821058e+00
-1.066190988782862670e+00
-1.067340574069698178e+00
-1.062538305041462072e+00
-1.073428840766019077e+00
-1.042971574001294810e+00
-1.059298233823996682e+00
-1.075079881939305038e+00
-1.073091328386626131e+00
-1.075553818635890613e+00
-1.076530345569989722e+00
-1.043232683923175363e+00
-1.075985643872369835e+00
-1.075533647451108799e+00
-1.059600136040033114e+00
-1.072774046730986308e+00
-1.076042026374990357e+00
-1.073750003740551406e+00
-1.074754468545175534e+00
-1.075336258837968240e+00
-1.054118265863697834e+00
-1.065784364715106181e+00
-1.070918509544259489e+00
-1.071489660982625436e+00
-1.064365812598731642e+00
-1.075568459061109872e+00
-1.071796342814800518e+00
-1.076495147809312769e+00
-1.073483980393629800e+00
-1.075891056792477984e+00
-1.076060642893006181e+00
-1.060512509152777838e+00
-1.069612904452996505e+00
-1.049134612961425184e+00
-1.072377169148378329e+00
-1.075921018161376752e+00
-1.069971147352694496e+00
-1.062825839092056190e+00
-1.066290985631396682e+00
-1.070059799164353898e+00
-1.075461269169377898e+00
-1.076542322908360161e+00
-1.071015816080953531e+00
-1.075273841138199016e+00
-1.076504863457499628e+00
-1.037372044017675021e+00
-1.064233969910844735e+00
-1.061517372902071932e+00
-1.045714484108866360e+00
-1.067253614068679468e+00
-1.053329279139668229e+00
-1.071920760478671131e+00
-1.075190277119451698e+00
-1.071909615584641706e+00
-1.076512108988674443e+00
-1.076502244904619987e+00
-1.075773290994272546e+00
-1.072750813186670982e+00
-1.058587673687837905e+00
-1.064559882771550336e+00
-1.075442825968199401e+00
-1.076195221829710391e+00
-1.049312830471996083e+00
-1.076098733158339593e+00
-1.062709409774747371e+00
-1.072768334274565527e+00
-1.069902647363827120e+00
-1.076506335729313424e+00
-1.061127325193989002e+00
-1.075395195116551017e+00
-1.074029101004939424e+00
-1.076494752501652385e+00
-1.072300127511378820e+00
-1.076064175230166065e+00
-1.076046498605387702e+00
-1.072099597984772945e+00
-1.049975287077881569e+00
-1.064840971567332817e+00
-1.072652111849115464e+00
-1.049702017080794914e+00
-1.075502479658211996e+00
-1.075118306669369028e+00
-1.074275135660937908e+00
-1.061529770875093703e+00
-1.075321572745806309e+00
-1.074857600996184992e+00
-1.069195081802246650e+00
-1.076066429675348823e+00
-1.071042788400251133e+00
-1.075315461701720654e+00
-1.056867926182847750e+00
-1.068032218497095176e+00
-1.076460862079923197e+00
-1.043138874440675767e+00
-1.076045900573880720e+00
-1.055887093171189894e+00
-1.075638405995822833e+00
