-1.044425688545055575e+00
-1.086194925470154615e+00
-1.086350646106829743e+00
-1.072895301676372926e+00
-1.082732249528834956e+00
-1.084870437387072117e+00
-1.083488447195249949e+00
-1.083942350602965954e+00
-1.073262035575251350e+00
-1.086924670644860091e+00
-1.086459529839221450e+00
-1.086901030428899517e+00
-1.086899636033046956e+00
-1.072706628998205902e+00
-1.086130724387855739e+00
-1.075998192112283869e+00
-1.086879841735972407e+00
-1.086212477964069612e+00
-1.086909987356696528e+00
-1.078136481591408735e+00
-1.065162132691855001e+00
-1.074428546718493749e+00
-1.086479832008870439e+00
-1.081339947016329628e+00
-1.060486917730353529e+00
-1.068070409151364197e+00
-1.086005712291430836e+00
-1.086904867560823051e+00
-1.086935488157156016e+00
-1.078742678699583513e+00
-1.054025524138330949e+00
-1.084457386830491199e+00
-1.083390651150967221e+00
-1.051846587060907945e+00
-1.066864953171482666e+00
-1.086927946772253906e+00
-1.071492815625087136e+00
-1.070024066522073491e+00
-1.086934371193059690e+00
-1.084435109680419229e+00
-1.059610038339049209e+00
-1.061395670861017049e+00
-1.079979170961437918e+00
-1.086148736595331510e+00
-1.048359375886300571e+00
-1.086046616177512858e+00
-1.086205292671806655e+00
-1.073971760328068292e+00
-1.066602308896866802e+00
-1.086569120901046848e+00
-1.075695669438722080e+00
-1.079538963754721692e+00
-1.084423611125680420e+00
-1.082336993268953496e+00
-1.080520782011590519e+00
-1.083145465499290472e+00
-1.086893367266051902e+00
-1.065367438807661271e+00
-1.085132024239547244e+00
-1.086908552467841904e+00
-1.049178522783071887e+00
-1.063788882834000527e+00
-1.085932859788090177e+00
-1.061719093438728168e+00
-1.085986834608640539e+00
-1.074298808805852490e+00
-1.077414625279347282e+00
-1.078443800873071234e+00
-1.086176163413265394e+00
-1.064046566741635669e+00
-1.061781314479667726e+00
-1.063167319190264859e+00
-1.086573167567761677e+00
-1.071583577950018018e+00
-1.082820680948675340e+00
-1.073153482356606236e+00
-1.085089465007819776e+00
-1.075664207891011248e+00
-1.086911986909088856e+00
-1.081293589853631110e+00
-1.070744724443100537e+00
-1.085826210282887061e+00
-1.073021274122998747e+00
-1.086598579621334437e+00
-1.084337183477260824e+00
-1.083518003669484031e+00
-1.083492030609392032e+00
-1.086490377060419732e+00
-1.086893693862835297e+00
-1.083125995283964249e+00
-1.086531523695273949e+00
-1.077585698566679628e+00
-1.086584967737246776e+00
-1.086161981035669966e+00
-1.083474826666251278e+00
-1.084715839762514511e+00
-1.086932108115926443e+00
-1.075413774252559795e+00
-1.075972412223993091e+00
-1.084371298951795071e+00
-1.066526804401594308e+00
-1.082994484664802970e+00
-1.076366235021049444e+00
-1.082501376749630317e+00
-1.057292190194396575e+00
-1.080031289765536640e+00
-1.086896358931698892e+00
-1.085970852737483616e+00
-1.060155260041267367e+00
-1.086932803731361696e+00
-1.086542137354728377e+00
-1.081324270366972096e+00
-1.086557153958675803e+00
-1.086605185368976212e+00
-1.086652083373234934e+00
-1.084342174895218225e+00
-1.073989672618650193e+00
-1.060685241341777996e+00
-1.086577989634872399e+00
-1.086425673204454156e+00
-1.081631392170777195e+00
-1.086273348414081186e+00
-1.073971171052543916e+00
-1.083169648625853076e+00
-1.051923784280777596e+00
-1.081458716383775887e+00
-1.076214060924504778e+00
-1.044199803242857438e+00
-1.086666994002262854e+00
-1.083467826541844925e+00
-1.083155875427946224e+00
-1.080315094816105326e+00
-1.081447611903679329e+00
-1.086092156546869081e+00
-1.086593615226318699e+00
-1.067862267585845570e+00
-1.082753515812739042e+00
-1.082169602397649477e+00
-1.070683711332195420e+00
-1.083674922121199646e+00
-1.084505505732747288e+00
-1.086256322288777998e+00
-1.086914992601690777e+00
-1.086603340984497512e+00
-1.083946929092300726e+00
-1.084394097610427377e+00
-1.078170320500195345e+00
-1.086432438577041637e+00
-1.083340597905274372e+00
-1.086441933481378852e+00
-1.056765734555104252e+00
-1.084790788544181650e+00
-1.076064007111299903e+00
-1.077604278162707763e+00
-1.073306608161396891e+00
-1.086344090106120541e+00
-1.086510821091914769e+00
-1.071219111651356526e+00
-1.082310083031600589e+00
-1.072460028207677052e+00
-1.064285178520592012e+00
-1.082293822921681858e+00
-1.074427088496628047e+00
-1.086071255387675016e+00
-1.086935196151440852e+00
-1.086075798154019445e+00
-1.086906796960250610e+00
-1.086910710203120134e+00
-1.080504095755032257e+00
-1.071050784797809685e+00
-1.086635462987629808e+00
-1.084290032985198104e+00
-1.086479084601505107e+00
-1.086065117598611796e+00
-1.086160403638944283e+00
-1.069053726902991830e+00
-1.066802834857488946e+00
-1.083334439896227464e+00
-1.086195303314876792e+00
-1.074464514160526241e+00
-1.079614014781303144e+00
-1.086898695638792267e+00
-1.084748970498824017e+00
-1.085961084286350520e+00
-1.086551928158835834e+00
-1.086319818145644156e+00
-1.078912883323597915e+00
-1.086533188958951124e+00
-1.086139217766016740e+00
-1.079182362184713417e+00
-1.075261893778810540e+00
-1.084644120514239862e+00
-1.086527129259835966e+00
-1.086550248020214049e+00
-1.084483663236323503e+00
-1.086546791244978438e+00
-1.086345917410643569e+00
-1.079687638619089896e+00
-1.083744357481300380e+00
-1.082006684278763897e+00
-1.086771182066401220e+00
-1.049102980796866147e+00
-1.085923119358920941e+00
-1.086895233246578663e+00
-1.086151817204884518e+00
-1.072621818893508827e+00
-1.086599247307801441e+00
-1.084414103518327233e+00
-1.081329911401399890e+00
-1.081345338580995463e+00
-1.063697312241721926e+00
-1.078793619946539550e+00
-1.070689277154768693e+00
-1.086408771415048546e+00
-1.066431260846514073e+00
-1.086571624123014113e+00
-1.086902638781616970e+00
-1.085889590732869614e+00
-1.065941825897386508e+00
-1.086907275204864964e+00
-1.086666127413955296e+00
-1.078322599605606502e+00
-1.047999214649151245e+00
-1.086544721189636853e+00
-1.084476568117034079e+00
-1.086946143583586322e+00
-1.086893307090122329e+00
-1.086613142342600424e+00
-1.083747517686809658e+00
-1.086191244750104978e+00
-1.086403648484206119e+00
-1.083067492993052827e+00
-1.083129204355391062e+00
-1.085021344286634992e+00
-1.086899850930840072e+00
-1.083734263982422341e+00
-1.080699847989455398e+00
-1.081365807958552416e+00
-1.076869170814316323e+00
-1.083473618158233398e+00
-1.082290166186636871e+00
-1.082312617957561507e+00
-1.086155284721073366e+00
-1.084225175898370530e+00
-1.073683651017933727e+00
-1.086127973096064681e+00
-1.063720590893982187e+00
-1.082879058855713561e+00
-1.055001543326872460e+00
-1.083856164853339799e+00
-1.086897924538426929e+00
-1.084807601466647453e+00
-1.083874085613925509e+00
-1.086614711616351370e+00
-1.086060511929334060e+00
-1.086907399388763240e+00
-1.083537966690423016e+00
-1.081986925397668609e+00
-1.068552448869394711e+00
-1.084936838331671094e+00
-1.084018914945374723e+00
-1.086450114937782541e+00
-1.085858124451242634e+00
-1.086153279003676309e+00
-1.086638425448231748e+00
-1.086484345521227413e+00
-1.084681572112074610e+00
-1.086604228172786790e+00
-1.076962116062506247e+00
-1.074040744450579954e+00
-1.083611756745054056e+00
-1.086652102327259728e+00
-1.086879056861605131e+00
-1.081283876160458179e+00
-1.078615068039279645e+00
-1.084174415874227249e+00
-1.068806728436793252e+00
-1.080165597086442775e+00
-1.072241193991788633e+00
-1.083443532633403095e+00
-1.079355207826591778e+00
-1.057151556512562207e+00
-1.056297596645840775e+00
-1.072576837761705759e+00
-1.084826663445316752e+00
-1.086615675365558698e+00
-1.083868866519102747e+00
-1.073148465368623627e+00
-1.083587290104721879e+00
-1.070857113310682340e+00
-1.086229581700301816e+00
-1.058147863145760814e+00
-1.084837377911661793e+00
-1.076103126674804900e+00
-1.079956935201356494e+00
-1.084535418623684855e+00
-1.086654996475939994e+00
-1.086474533725146463e+00
-1.071778493457151260e+00
-1.080059041441187473e+00
-1.086953006077055583e+00
-1.062175819147147537e+00
-1.070649959423384923e+00
-1.086602047890527611e+00
-1.083214620563638375e+00
-1.078355133257419274e+00
-1.083908505280200441e+00
-1.061873504729458073e+00
-1.056404407892893582e+00
-1.076492140227762739e+00
-1.074990334562334393e+00
-1.065349651242922135e+00
-1.070595710004038192e+00
-1.086903218228126411e+00
-1.078429805455376478e+00
-1.083494064381779198e+00
-1.076534367684730098e+00
-1.060261787938543421e+00
-1.086925105581531659e+00
-1.086900032668710381e+00
-1.052373853467576392e+00
-1.071330621889613033e+00
-1.079883289725628082e+00
-1.086201705484685309e+00
-1.078042742782843177e+00
-1.085892825628297587e+00
-1.086495103964618458e+00
-1.086537400010562093e+00
-1.086537787059249638e+00
-1.083941648631532306e+00
-1.076137069258514600e+00
-1.078870305035868782e+00
-1.053252498908473278e+00
-1.086890898609061740e+00
-1.080701772175947761e+00
-1.079935431737682139e+00
-1.056288631936015410e+00
-1.086028522266100804e+00
-1.069436496643934253e+00
-1.086394865871274096e+00
-1.075175403113429740e+00
-1.086879904226905058e+00
-1.086528197596984491e+00
-1.076333856137143163e+00
-1.044867932571134306e+00
-1.086914402656153467e+00
-1.086026269669919220e+00
-1.081619029974718815e+00
-1.086253458418061424e+00
-1.059120646316900061e+00
-1.086191699307744729e+00
-1.074898303096434971e+00
-1.084172159545027547e+00
-1.069800281490198346e+00
-1.086919128640342125e+00
-1.086209972915042510e+00
-1.081073171240016340e+00
-1.082693312787203377e+00
-1.086924186721251795e+00
-1.086924241300212257e+00
-1.083376524488347314e+00
-1.086891279373771280e+00
-1.081451979800196916e+00
-1.086624509646445524e+00
-1.085966966795633537e+00
-1.078873617322184897e+00
-1.078252418328119244e+00
-1.072093474290663373e+00
-1.071376249885871212e+00
-1.085995545829649966e+00
-1.081830434583594291e+00
-1.081592283186278980e+00
-1.080235848597896231e+00
-1.086914949052732116e+00
-1.086576625501010529e+00
-1.085145213832965361e+00
-1.063766354206174380e+00
-1.072267481233616371e+00
-1.086548764849394111e+00
-1.086570617759807789e+00
-1.062376258787867567e+00
-1.082746988345982153e+00
-1.086921307196609066e+00
-1.068666916979287507e+00
-1.086531962379913230e+00
-1.084258029383913025e+00
-1.077609714313325640e+00
-1.051501482667641207e+00
-1.086223598367074938e+00
-1.084225573469050685e+00
-1.083868813228155981e+00
-1.086523475830744712e+00
-1.086352766523126068e+00
-1.086893202862227126e+00
-1.071606012076986802e+00
-1.085955542988793487e+00
-1.086168619776342492e+00
-1.086945469887126370e+00
-1.079946419012825620e+00
-1.085697282630635918e+00
-1.083225446527918523e+00
-1.058294458206774369e+00
-1.081878840848655488e+00
-1.079072256384316919e+00
-1.086567465248333475e+00
-1.081076066323713336e+00
-1.064947769286387791e+00
-1.074334594535082621e+00
-1.086902908131382572e+00
-1.060923213493236261e+00
-1.059262241008943839e+00
-1.081512970877075874e+00
-1.075008150831044063e+00
-1.063183919189903515e+00
-1.067585605608488475e+00
-1.045101267891379804e+00
-1.086004695806239040e+00
-1.084022275257690460e+00
-1.059449723546096234e+00
-1.086606447065963987e+00
-1.078005556019761890e+00
-1.086590950884481988e+00
-1.086917745760445309e+00
-1.077174223590792401e+00
-1.086616268663092910e+00
-1.086260455162447291e+00
-1.083805198090359800e+00
-1.078596955424806270e+00
-1.086341863024939736e+00
-1.048330067238884444e+00
-1.086722550390535336e+00
-1.073440972606255039e+00
-1.075738414931290077e+00
-1.086362633779183184e+00
-1.083818659452513655e+00
-1.084300747936530751e+00
-1.086890477260400667e+00
-1.083756082628901440e+00
-1.083945175956726681e+00
-1.084948176413531806e+00
-1.086530510293095997e+00
-1.074234612240555053e+00
-1.074995791427984848e+00
-1.080102770997988904e+00
-1.086906843492235986e+00
-1.084032643798344964e+00
-1.077108232798926757e+00
-1.051914297350428740e+00
-1.075062759938089307e+00
-1.084227472434536432e+00
