-1.086912309308370794e+00
-1.050252433423718657e+00
-1.084537749201825108e+00
-1.075418380577882971e+00
-1.083959678211083855e+00
-1.086905980971476282e+00
-1.078835219400769319e+00
-1.056850561429580893e+00
-1.082951847486963715e+00
-1.080053618666550364e+00
-1.047689584572633947e+00
-1.086607210361233200e+00
-1.070966499415060724e+00
-1.084721102868041243e+00
-1.086593089648356880e+00
-1.077260139887055601e+00
-1.086902101081630434e+00
-1.084951626160016502e+00
-1.075557825178673710e+00
-1.064380947057923521e+00
-1.082709416304549421e+00
-1.083628806308677639e+00
-1.085938893747350420e+00
-1.084619172406217302e+00
-1.086373355728408541e+00
-1.086510486458262648e+00
-1.086939234309664215e+00
-1.073464367096146788e+00
-1.072734350827357019e+00
-1.086535387229940142e+00
-1.086606469494125093e+00
-1.086592572298666681e+00
-1.072114991512915338e+00
-1.086929383245131220e+00
-1.083495636959394659e+00
-1.082253896421587314e+00
-1.085923121799549307e+00
-1.086720675718805040e+00
-1.083633363735696520e+00
-1.086429642536511864e+00
-1.086649050959220375e+00
-1.079933824739253367e+00
-1.086201143474152531e+00
-1.061501062963923658e+00
-1.084361544367691721e+00
-1.083178097870966639e+00
-1.083499535475691999e+00
-1.084916958608499016e+00
-1.086547757056376184e+00
-1.078961642016491140e+00
-1.079266881360506858e+00
-1.086635143053552355e+00
-1.086496246536096777e+00
-1.080865464662036146e+00
-1.081427453341728295e+00
-1.069450357486328329e+00
-1.077634497103115763e+00
-1.083300437335690702e+00
-1.082466451939961161e+00
-1.086082440358421053e+00
-1.056611235742291655e+00
-1.086899026320150341e+00
-1.086241119098684038e+00
-1.077237987448295797e+00
-1.086506097134968485e+00
-1.082796237920245375e+00
-1.086574219190350021e+00
-1.084689262811860289e+00
-1.071988568198701586e+00
-1.085924773965796675e+00
-1.081846381095072473e+00
-1.069413464073857511e+00
-1.054074910958131994e+00
-1.086065109376630033e+00
-1.084248711378148045e+00
-1.085939512145539965e+00
-1.074463331163695301e+00
-1.086913002212366308e+00
-1.081882373452952351e+00
-1.067911723186096395e+00
-1.086346023273488726e+00
-1.086521516577175106e+00
-1.085802728799006189e+00
-1.056085582380017485e+00
-1.083047447283586706e+00
-1.086899513867518152e+00
-1.082085724943151916e+00
-1.086362574272623505e+00
-1.079490674915557946e+00
-1.086587728489956106e+00
-1.086489954986443962e+00
-1.073674040403982843e+00
-1.084303655684760059e+00
-1.086499109887352432e+00
-1.086638873000463690e+00
-1.086475436598828281e+00
-1.082786723994484390e+00
-1.085795611166229691e+00
-1.082435761834329213e+00
-1.069395798747262205e+00
-1.084960587811490740e+00
-1.086910791252574171e+00
-1.086208012443801607e+00
-1.076901344139894690e+00
-1.086926706624051775e+00
-1.083944987528791870e+00
-1.083799670007845606e+00
-1.064336925302466597e+00
-1.084273725771179642e+00
-1.077838856982832993e+00
-1.086690503195693935e+00
-1.086895892885348047e+00
-1.074427157663574661e+00
-1.083347881701609339e+00
-1.086463970620950903e+00
-1.086631887149831499e+00
-1.086539706238379921e+00
-1.086341070500036921e+00
-1.067861516517421450e+00
-1.073434993182143415e+00
-1.076277054636573638e+00
-1.083613408752551521e+00
-1.060351565037688459e+00
-1.083041647472253288e+00
-1.078554425178861464e+00
-1.060281207342466558e+00
-1.086910953302702154e+00
-1.084865588252267088e+00
-1.086590945743790115e+00
-1.086930533428510870e+00
-1.081465075048452462e+00
-1.086725828260949100e+00
-1.066465307515880312e+00
-1.078038405882960404e+00
-1.080965060530996169e+00
-1.084843816258779015e+00
-1.086583597608676399e+00
-1.068945522908887114e+00
-1.086405629780909265e+00
-1.086620614887049641e+00
-1.058216534112414564e+00
-1.075101165589710916e+00
-1.071811921917667831e+00
-1.086137610510757412e+00
-1.073373007145544733e+00
-1.080548928142359699e+00
-1.080342711205428685e+00
-1.081559229199609007e+00
-1.083591632568111862e+00
-1.086608143080791677e+00
-1.082672524521893109e+00
-1.084937101253142799e+00
-1.076604247814810122e+00
-1.086526267719289507e+00
-1.086608105827888693e+00
-1.074070618511012043e+00
-1.086946437158456291e+00
-1.086904761870226110e+00
-1.086445368849506821e+00
-1.070472550135871614e+00
-1.086931961146017755e+00
-1.086037789028903688e+00
-1.086898807925006594e+00
-1.086576956347396816e+00
-1.071733507816514219e+00
-1.086091348924508537e+00
-1.076004573632797445e+00
-1.072391357761642183e+00
-1.063378084008416380e+00
-1.086174543970098938e+00
-1.070173492212614264e+00
-1.082735102413987960e+00
-1.086521659535190309e+00
-1.064323487249037470e+00
-1.086898610018959488e+00
-1.086463736858984674e+00
-1.086902586300691809e+00
-1.086922669806352104e+00
-1.086915888846686329e+00
-1.082965557486584629e+00
-1.086487113986930098e+00
-1.066114063863476957e+00
-1.086511274822822060e+00
-1.084704719506969894e+00
-1.083771702856591190e+00
-1.077882183273157324e+00
-1.086588601139208521e+00
-1.064281244319698061e+00
-1.082965568429624881e+00
-1.083760480885228361e+00
-1.086608326551338877e+00
-1.086367803183218683e+00
-1.085832187463363852e+00
-1.084945053816607441e+00
-1.066366189648231710e+00
-1.080162707273682798e+00
-1.084838385251185144e+00
-1.086617332440635408e+00
-1.084193614334633793e+00
-1.083810098492374863e+00
-1.074240114097317900e+00
-1.072266853903254713e+00
-1.072367613692602362e+00
-1.083787305769345011e+00
-1.086906441976150717e+00
-1.086627820064148153e+00
-1.086088830628266777e+00
-1.070311260898431982e+00
-1.080323176248764838e+00
-1.086919738468548502e+00
-1.086910866224041428e+00
-1.067479906161150183e+00
-1.086940989387056078e+00
-1.086904580262324060e+00
-1.061837465991100515e+00
-1.065687648509463514e+00
-1.086093574785461868e+00
-1.062152424384674276e+00
-1.073148353514095987e+00
-1.083811148558577742e+00
-1.083143243822103585e+00
-1.071294867922386373e+00
-1.086573837813755716e+00
-1.084903465141376699e+00
-1.086919945687821354e+00
-1.086931252409538473e+00
-1.084762551844885792e+00
-1.084448607195934500e+00
-1.086167993512770380e+00
-1.076039265631532515e+00
-1.084887320664545740e+00
-1.086922332201918806e+00
-1.056327620078644003e+00
-1.062610908900222029e+00
-1.072993204486390795e+00
-1.078567467420196380e+00
-1.086928673577329363e+00
-1.080887403827926363e+00
-1.055335351754745687e+00
-1.076753597962504472e+00
-1.079157914523801054e+00
-1.086523545463403906e+00
-1.084341128845533575e+00
-1.076775901974013294e+00
-1.086039368551990236e+00
-1.072710197907706942e+00
-1.057121946965178694e+00
-1.082684517395517076e+00
-1.083917730976661886e+00
-1.086923975986263002e+00
-1.086082097631713594e+00
-1.086371481441727127e+00
-1.084028906677684034e+00
-1.081859041494151796e+00
-1.085953337629160131e+00
-1.086932162311693872e+00
-1.086622430500408854e+00
-1.086915655550381388e+00
-1.079211794095879640e+00
-1.055112000112256254e+00
-1.079199215653186883e+00
-1.086205856432041372e+00
-1.086932743456980432e+00
-1.083871966716667856e+00
-1.068160512973388876e+00
-1.085920423758050646e+00
-1.060846970905384268e+00
-1.066557826031765188e+00
-1.084644725569358314e+00
-1.084194803167900290e+00
-1.086880275537094320e+00
-1.082860393938442911e+00
-1.086223442596217836e+00
-1.070388825167736258e+00
-1.068817466054877485e+00
-1.086927983001640285e+00
-1.075632492336279000e+00
-1.081759407440966214e+00
-1.084761316911151852e+00
-1.086938104149719919e+00
-1.081825461261740173e+00
-1.086915725865235771e+00
-1.083092291164046372e+00
-1.052780320425352301e+00
-1.073002094891688074e+00
-1.082147560571154798e+00
-1.086109168850651230e+00
-1.086907568876466001e+00
-1.082332302140837754e+00
-1.062031847913583960e+00
-1.083216930529868449e+00
-1.086554675851783003e+00
-1.085856167157015051e+00
-1.072690318827351774e+00
-1.043142223288139547e+00
-1.086596210975965704e+00
-1.055974119831642355e+00
-1.082338167144751395e+00
-1.073718001157811130e+00
-1.086550801549872602e+00
-1.086196498502811636e+00
-1.086435249098411049e+00
-1.084170985058715786e+00
-1.085973345232030596e+00
-1.086121106543412651e+00
-1.062546923314055647e+00
-1.085981629346331800e+00
-1.086636373330673422e+00
-1.084291526139548267e+00
-1.086494800657799686e+00
-1.086241377075037207e+00
-1.086488882568499292e+00
-1.083840381842872347e+00
-1.084954533749094452e+00
-1.069546212930998053e+00
-1.086526454915127005e+00
-1.078666054899638738e+00
-1.083491259743293966e+00
-1.084368975390514578e+00
-1.074819857743403162e+00
-1.082649946701547350e+00
-1.086598812625577892e+00
-1.086925934557637419e+00
-1.084081830014309134e+00
-1.082328919577246751e+00
-1.082362563605254735e+00
-1.045856022764763082e+00
-1.081033070827668752e+00
-1.084413622063419069e+00
-1.085988713917156900e+00
-1.069640893046578611e+00
-1.081460436829200233e+00
-1.085696375486275400e+00
-1.046328587014993872e+00
-1.078336133179089273e+00
-1.083456058543941225e+00
-1.083488606870940174e+00
-1.068480850686153616e+00
-1.083888333779594149e+00
-1.073046908271333422e+00
-1.078340793982913937e+00
-1.082845371006822432e+00
-1.085774912522008862e+00
-1.086158636514863218e+00
-1.062418525595983709e+00
-1.077388430503031458e+00
-1.086911374260505880e+00
-1.072306811366996016e+00
-1.079013772099113311e+00
-1.086918005277237143e+00
-1.083151004765948500e+00
-1.083780566719195093e+00
-1.086331188236197676e+00
-1.086496938974431004e+00
-1.086596591886898722e+00
-1.084795300871899570e+00
-1.086906359088441576e+00
-1.083302166801711763e+00
-1.070833488856276716e+00
-1.086906132777055944e+00
-1.086242302809676374e+00
-1.068716069240888800e+00
-1.074463886697611059e+00
-1.083421668526550974e+00
-1.083720531337728943e+00
-1.086909633152952637e+00
-1.083130602049475755e+00
-1.071330016036352362e+00
-1.086923568998297895e+00
-1.086411908292046036e+00
-1.083392251771709169e+00
-1.086065234173855032e+00
-1.076298033376058783e+00
-1.083181710936894859e+00
-1.086894808360209908e+00
-1.084873851411810364e+00
-1.086568149761131252e+00
-1.086928375088444199e+00
-1.086270579625686850e+00
-1.086933990963569130e+00
-1.086176749807616915e+00
-1.085878777806481565e+00
-1.059015865926465239e+00
-1.074119890597483362e+00
-1.086883334931751932e+00
-1.073308141459545340e+00
-1.062406064499935354e+00
-1.068236507032832350e+00
-1.086592074506750549e+00
-1.071234009717425550e+00
-1.085866689239463057e+00
-1.083261509449055637e+00
-1.086905266647061552e+00
-1.057177768577655996e+00
-1.060868618567308630e+00
-1.083054095064124311e+00
-1.058632863242944921e+00
-1.079302424122413839e+00
-1.084378433902582373e+00
-1.085834528342655148e+00
-1.084020914067348684e+00
-1.079239659500142778e+00
-1.049266695533713545e+00
-1.085100209829231943e+00
-1.058514378522357191e+00
-1.086037750844678129e+00
-1.059800976444801535e+00
-1.084577338793149437e+00
-1.067755547840913977e+00
-1.085588530194780077e+00
-1.069607320730408873e+00
-1.086571985413154806e+00
-1.084957614098509993e+00
-1.079822025284936871e+00
-1.083821776811799253e+00
-1.084121139277538504e+00
-1.079871971183290924e+00
-1.086924511496743406e+00
-1.084519813326021875e+00
-1.042644677241167273e+00
-1.086904297140261377e+00
-1.084285748214295353e+00
-1.084821696881970610e+00
-1.086494592041542973e+00
-1.085815190826377119e+00
-1.086924197175374474e+00
-1.086894969013354029e+00
-1.085680300858637537e+00
-1.081954814749604310e+00
-1.063946982403120245e+00
-1.083402074430903639e+00
-1.079611824150031651e+00
-1.076139023084959234e+00
-1.086576271359643187e+00
-1.086879703705033506e+00
-1.086941543523987974e+00
-1.061784216691574301e+00
-1.083795048785230364e+00
-1.071677102264782633e+00
-1.081339868274351801e+00
-1.086023499746641363e+00
-1.086639668349942411e+00
-1.064916659635326113e+00
-1.086614145454785074e+00
-1.085884415102025713e+00
-1.082878473237922634e+00
-1.067406700481495108e+00
-1.084025788144042934e+00
-1.086900528543463196e+00
-1.064537513558587278e+00
