-5.910072859193883366e-01
-5.911166986213459706e-01
-5.745502829716002680e-01
-5.908782849602179921e-01
-5.893717282946564495e-01
-5.908542066055988418e-01
-5.904176831069039011e-01
-5.904734145620506025e-01
-5.777015786615278259e-01
-5.906401254828730352e-01
-5.886093205182357790e-01
-5.812233461422828817e-01
-5.908016182369258962e-01
-5.907216556932797236e-01
-5.811347984205312844e-01
-5.850269125132575576e-01
-5.826667285046742695e-01
-5.908183490774471247e-01
-5.805443439097187630e-01
-5.893133711226313798e-01
-5.910304370097761995e-01
-5.874577425009801512e-01
-5.895478525979209738e-01
-5.771886143973491423e-01
-5.909360225007658229e-01
-5.843996533680582139e-01
-5.878592027519055074e-01
-5.907826305601907579e-01
-5.905567472109889415e-01
-5.834786783392506004e-01
-5.783590230954287481e-01
-5.828327422710840588e-01
-5.837348452040944657e-01
-5.889847611040686104e-01
-5.887793108974168632e-01
-5.905439682292574766e-01
-5.909087850136697240e-01
-5.907626781092484292e-01
-5.879325572768749897e-01
-5.908860964499362822e-01
-5.810490017935799889e-01
-5.752144203231094322e-01
-5.887868461793586139e-01
-5.904077597788952581e-01
-5.865549217565615425e-01
-5.910455294376104618e-01
-5.911087362657627686e-01
-5.907299867555582118e-01
-5.890707716578714725e-01
-5.819777325341765062e-01
-5.884721189336550307e-01
-5.904787734467220606e-01
-5.873449829987460458e-01
-5.873600712945789004e-01
-5.910940452865771633e-01
-5.881460722810433195e-01
-5.817800782792488246e-01
-5.888151524905804735e-01
-5.886123549947870348e-01
-5.910084510504557409e-01
-5.857414125482467426e-01
-5.832947921022353377e-01
-5.905650999802736223e-01
-5.759356503736815514e-01
-5.853497216404690562e-01
-5.804824562305207492e-01
-5.883788515666888985e-01
-5.893711285701548341e-01
-5.911211001718120750e-01
-5.792390958991462391e-01
-5.818536377130392179e-01
-5.781211974288313904e-01
-5.894315214255275714e-01
-5.905928036759682254e-01
-5.906618767143906323e-01
-5.905989465970218344e-01
-5.907697454955657124e-01
-5.908179185058066718e-01
-5.910729641215587415e-01
-5.910826723057277521e-01
-5.910829891404860703e-01
-5.904522435990829932e-01
-5.910490356257958044e-01
-5.910667247935759150e-01
-5.911081782172021848e-01
-5.905783819085609343e-01
-5.837321758332391086e-01
-5.910694720523579360e-01
-5.908657116183415603e-01
-5.800871280636872296e-01
-5.834829848467726343e-01
-5.792436663224915794e-01
-5.778821079012191886e-01
-5.911014194866492932e-01
-5.897039174953155882e-01
-5.891010259005120542e-01
-5.885327924638124042e-01
-5.865771065757152680e-01
-5.910411434811575493e-01
-5.778228730218963882e-01
-5.904834677289636513e-01
-5.853828047038615034e-01
-5.908587303739499808e-01
-5.904619743442446334e-01
-5.909583891357506058e-01
-5.876161859354831485e-01
-5.909662054814559529e-01
-5.911341184933334159e-01
-5.910918727263196892e-01
-5.894023495020273007e-01
-5.886808636016497287e-01
-5.825774947014855654e-01
-5.911373731867112236e-01
-5.894572980647931892e-01
-5.904751368346573548e-01
-5.910454953586440352e-01
-5.883738968146966508e-01
-5.840258470868984197e-01
-5.808281297913380214e-01
-5.900391864494949345e-01
-5.907284931017686702e-01
-5.906386824440429395e-01
-5.909513135514534721e-01
-5.908880631633434133e-01
-5.910308379144337820e-01
-5.826189601121286588e-01
-5.827271696060305484e-01
-5.906802152826079455e-01
-5.846527333913827951e-01
-5.906742803413952414e-01
-5.907086989896905838e-01
-5.858025421300578905e-01
-5.888197916928440412e-01
-5.910977249776195874e-01
-5.906364959408165749e-01
-5.909982631176537993e-01
-5.853314630951587105e-01
-5.882782826446287805e-01
-5.897179002460616326e-01
-5.902717167333697557e-01
-5.852314603666609605e-01
-5.841293148426411896e-01
-5.904983366359789487e-01
-5.907600398203780578e-01
-5.888693064689941581e-01
-5.910295748114537950e-01
-5.906408543172914083e-01
-5.878957947014684660e-01
-5.903345862897804164e-01
-5.875650615826072398e-01
-5.784043475339489815e-01
-5.846840877411605408e-01
-5.876974986700507220e-01
-5.893699226641136990e-01
-5.887510930761212791e-01
-5.800982849587170698e-01
-5.904766031544868010e-01
-5.866278842048482378e-01
-5.839330692715745119e-01
-5.893389461790387029e-01
-5.909584364847171312e-01
-5.907542351680420412e-01
-5.904342669045612446e-01
-5.821777624151780461e-01
-5.788143063070194660e-01
-5.880509720645682448e-01
-5.867387539366091254e-01
-5.910416672097358326e-01
-5.874134477646456576e-01
-5.768429538855249783e-01
-5.887490656687709434e-01
-5.907167926501971644e-01
-5.883058659314504002e-01
-5.892969022228820020e-01
-5.884986207413108739e-01
-5.791201695188780141e-01
-5.909485488866622616e-01
-5.909162456056645807e-01
-5.830507720066155919e-01
-5.891420243685099312e-01
