-5.891560410652438851e-01
-5.904551238727575591e-01
-5.955498630826290274e-01
-5.849069365037974366e-01
-5.975374776110635722e-01
-5.978093198592779878e-01
-5.953015490474717897e-01
-5.959706344320010452e-01
-5.898248572299802372e-01
-5.864272977312505741e-01
-5.882642266789429586e-01
-5.978232302660881903e-01
-5.855157617348318855e-01
-5.895075274213524841e-01
-5.865041296924302650e-01
-5.955869787047510799e-01
-5.888489598973734029e-01
-5.946145643983317131e-01
-5.978415660263280973e-01
-5.818691937465071407e-01
-5.947020949178973837e-01
-5.966739641219940271e-01
-5.978025414817225158e-01
-5.869410984107628071e-01
-5.974808415876242673e-01
-5.927760426239504499e-01
-5.976816291340313336e-01
-5.847221482965160311e-01
-5.912573580911495430e-01
-5.971083324384169888e-01
-5.957534054048425620e-01
-5.973502341587301201e-01
-5.978064794015508499e-01
-5.851440649069850064e-01
-5.908254035467683796e-01
-5.943784055314048631e-01
-5.977756681463485267e-01
-5.868550898729670839e-01
-5.886432564958995473e-01
-5.866147993773545011e-01
-5.978205605302416847e-01
-5.960197847364578916e-01
-5.884177019624191596e-01
-5.948047199923196526e-01
-5.885343061485882599e-01
-5.876786134972148412e-01
-5.978321891718638703e-01
-5.916032818777458013e-01
-5.972527108442337029e-01
-5.908557911483107716e-01
-5.953148023718041193e-01
-5.978692813150296992e-01
-5.894814116983776442e-01
-5.974721650526118033e-01
-5.972084789658127502e-01
-5.946024179951221456e-01
-5.878051559843918694e-01
-5.958356889676069690e-01
-5.973112950010847078e-01
-5.978437231445999922e-01
-5.976936770363439067e-01
-5.954653075786894290e-01
-5.816040912988656997e-01
-5.978139768565300383e-01
-5.956530402495915366e-01
-5.867113432846531307e-01
-5.973069224815809042e-01
-5.973329604826401740e-01
-5.835912851476003915e-01
-5.841380135826147457e-01
-5.909451016884332830e-01
-5.926592625949097526e-01
-5.973951296726180971e-01
-5.899792932366919596e-01
-5.837045863984440253e-01
-5.961570405259979388e-01
-5.937761136520934846e-01
-5.950100852090337566e-01
-5.953961623453178920e-01
-5.905266222352161254e-01
-5.847286206243198503e-01
-5.823476576084607448e-01
-5.832571207165493377e-01
-5.901648345403655016e-01
-5.971580126364284258e-01
-5.877647258439417932e-01
-5.978054013184355142e-01
-5.975233069044644241e-01
-5.944261370369783304e-01
-5.969215666177273283e-01
-5.928991871038392647e-01
-5.883584656040885541e-01
-5.962148469724806166e-01
-5.958822777211215671e-01
-5.900886561896704352e-01
-5.978530224880942434e-01
-5.952892348893783492e-01
-5.960926352388264959e-01
-5.978578602412190079e-01
-5.963244290172700079e-01
-5.955256658130944070e-01
-5.956609405462515161e-01
-5.978550536784847935e-01
-5.924992939466647845e-01
-5.900910623577456660e-01
-5.905262115295387693e-01
-5.897208651456772310e-01
-5.978448973056351701e-01
-5.957943244918940673e-01
-5.898939944433486682e-01
-5.969962843945768594e-01
-5.974293201540864517e-01
-5.977057533686138679e-01
-5.932078654804260331e-01
-5.915191783104264411e-01
-5.975983805030375962e-01
-5.978345372459834550e-01
-5.850820980568485208e-01
-5.958655873635412270e-01
-5.960000646323200257e-01
-5.974630107869912665e-01
-5.974762594713128872e-01
-5.962783043954106299e-01
-5.818833943070754744e-01
-5.841314454069077566e-01
-5.973590267326674974e-01
-5.823460794927231010e-01
-5.973010465643100453e-01
-5.974978608799276225e-01
-5.971568719343405274e-01
-5.849390173220018196e-01
-5.897138602523106510e-01
-5.974618137449353439e-01
-5.848094590982546581e-01
-5.975043170077395382e-01
-5.852594835220907843e-01
-5.978429291122254741e-01
-5.954923025389583513e-01
-5.978359568168281069e-01
-5.896267441144265042e-01
-5.941336600253558364e-01
-5.976368755390601972e-01
-5.938648379137014821e-01
-5.972974151702397094e-01
-5.954927659935805861e-01
-5.973570482022619865e-01
-5.892331493081817140e-01
-5.901018638780680670e-01
-5.834765465939629747e-01
-5.978380040221853431e-01
-5.883837682837353977e-01
-5.978359715718329914e-01
-5.908541774106217392e-01
-5.976440627652768178e-01
-5.975160146183360332e-01
-5.838282243279242500e-01
-5.978253920823513035e-01
-5.887756084964019809e-01
-5.978353993832843383e-01
-5.950196740143316454e-01
-5.848217966753345154e-01
-5.970706337127672514e-01
-5.889710892420719768e-01
-5.969253577436657299e-01
-5.972938471361234347e-01
-5.957464951653840268e-01
-5.781213371767077724e-01
-5.906964571775291661e-01
-5.829978741261807595e-01
-5.954282384675206874e-01
-5.899053612711873118e-01
-5.792322568076455624e-01
-5.962279456669219435e-01
-5.887839659056691710e-01
-5.947602277041178498e-01
-5.898839858303851491e-01
-5.931732378882830226e-01
-5.848417692072499507e-01
-5.975191891087555662e-01
-5.978241250153701891e-01
