-5.858880825609045218e-01
-5.477271149203257750e-01
-5.230265021592455099e-01
-5.390739724308328817e-01
-5.856201485067682455e-01
-3.793537937372999380e-01
-5.409396797686891745e-01
-5.491358269274311255e-01
-5.493008442491369436e-01
-5.756893478602247427e-01
-5.861738086015062521e-01
-5.855343066424207876e-01
-5.229918010801153372e-01
-5.436889868497924994e-01
4.951707847148103525e-01
-5.726591781050043295e-01
-5.511759579449968527e-01
-5.457894256606774519e-01
-4.853456564515905569e-01
-5.852654598921613882e-01
-5.841177948087530325e-01
-5.856363609701471518e-01
-5.858545772999601553e-01
-5.487121124088840673e-01
-5.497957653634326647e-01
-5.859447218746023367e-01
-5.857307262986974905e-01
-5.109041318565683554e-01
-5.029270485311823080e-01
-4.810398243635969351e-01
-5.606325906038360785e-01
-5.495978625759558867e-01
-5.434843324393110464e-01
-4.972515128821211050e-01
-5.861910008162336538e-01
-5.708593413502054403e-01
-5.295883868157940100e-01
-5.855472706526594351e-01
-5.317898117274122427e-01
-5.374898132205085943e-01
-5.858712293475942801e-01
-5.813533537358122061e-01
-5.676611349254923056e-01
-5.864726998180227469e-01
-5.861757010489778708e-01
-5.762816112756805609e-01
-5.859909527272062491e-01
-5.862239323824720572e-01
-5.570033215254621695e-01
-4.750936426490621756e-01
-5.083249271184282492e-01
-5.766702428728418539e-01
-5.786456246197300146e-01
-5.033035971492605398e-01
-5.165480770438986013e-01
-5.851910025149660299e-01
-5.859057925909834097e-01
-5.683887586265878866e-01
-5.457894256606774519e-01
-5.690158516436891745e-01
-3.793537937372999380e-01
-5.461917439743952940e-01
-5.859463088482694815e-01
-5.420562610298471640e-01
-5.714422598749475668e-01
-5.762065727531986425e-01
-5.256604481756763647e-01
-5.630172290176229666e-01
-5.864400700002985189e-01
-5.867076240748243521e-01
-5.850228838890867422e-01
-5.867104031413870047e-01
-5.611229691922741125e-01
-5.805003367632703970e-01
-5.835348949104623983e-01
-5.643983394175844381e-01
-5.311610870331602285e-01
-5.633778156980948637e-01
-4.979385681718664358e-01
-5.653584771126585196e-01
-4.672610335320310782e-01
-5.156661406427698324e-01
-5.242848828703241537e-01
-5.864752851694898794e-01
-5.355914593011217306e-01
-5.218718540191726873e-01
-5.774139169871883581e-01
-5.532037964359002302e-01
-5.668772481650190542e-01
-5.753341079026537130e-01
-5.844132699340658377e-01
-5.560348335921840857e-01
-5.850620329648332785e-01
-5.472230552032666395e-01
-5.338687192916946600e-01
-5.390739724308328817e-01
4.951707847148103525e-01
-5.083612412482576559e-01
-5.691176861792879293e-01
-5.073487483233289908e-01
-5.350846782594995688e-01
-5.738248922199087332e-01
-4.882138170570211599e-01
-5.429385699600057791e-01
-5.294357821613626669e-01
-5.223468322575168798e-01
-5.852378666669206808e-01
-4.702165149420576284e-01
-4.730675764650182913e-01
-4.882138170570211599e-01
-5.854135774344282339e-01
-5.366721520468669127e-01
-5.496275484830217550e-01
-5.858694449335413168e-01
-5.054215885967092703e-01
-5.833324887126760672e-01
-5.287672005862074087e-01
-5.403360449045973013e-01
-5.748508148163633535e-01
-4.948610984057264517e-01
-5.633778156980948637e-01
-5.643983394175844381e-01
5.896998715697954196e-02
-5.293405059993343542e-01
-5.714422598749475668e-01
-5.495855048567133139e-01
-5.434937332093792151e-01
-5.801374636858778189e-01
-5.852819592028932760e-01
-5.558935752406792830e-01
-5.861079678207712362e-01
-5.567165561288671682e-01
-5.126944542199449728e-01
-5.864752851694898794e-01
-5.780965112418012808e-01
-5.619793519646005819e-01
-5.228052199155168722e-01
-5.258045591682272146e-01
-5.825640656322317312e-01
-5.783873483806925009e-01
-5.548024498194532583e-01
-5.847762584954576681e-01
-5.568667579710560034e-01
-5.512041099637823294e-01
-5.762816112756805609e-01
-5.240463786095457266e-01
-5.680183567375021170e-01
-5.541077595472412298e-01
-5.436215218424873541e-01
-5.496275484830217550e-01
-5.260352514952497671e-01
-5.849671907991247366e-01
-4.931920007139520834e-01
-5.787526726991014669e-01
-5.449642673403101156e-01
-5.762816112756805609e-01
-5.861606844037847708e-01
-5.166562743753271292e-01
-5.000248723000364492e-01
-5.524959549576120565e-01
-5.354275688797311972e-01
-5.619826153189020346e-01
-5.462290536880569647e-01
-5.311788976460771750e-01
-5.804778583616094778e-01
-5.852451794117765616e-01
-5.740408733755426596e-01
-5.270614404499607275e-01
-5.161810390919523428e-01
-5.331360496848898123e-01
-5.382354617387132834e-01
-5.462497979670839499e-01
-5.271590411931352804e-01
-4.524650670856313894e-01
-5.557262510329561422e-01
-5.812340475887136648e-01
-5.827479608625250052e-01
-5.819906093448476980e-01
-5.083249271184282492e-01
-5.619793519646005819e-01
-4.995849974721746634e-01
-5.655568991124706457e-01
-5.633778156980948637e-01
-4.979031630128698538e-01
-5.848504513770418356e-01
-5.243435357034282873e-01
-5.404757954448538015e-01
-5.131616018980817984e-01
-5.395170808106737326e-01
-5.857202135294752310e-01
-5.806000888615923117e-01
-5.517348055064754675e-01
-5.359019641101436804e-01
-5.202849902480917166e-01
-5.270388335257845114e-01
-5.862501919537859152e-01
-5.776849001914339254e-01
-5.846011922031717489e-01
-5.382010866224842260e-01
-5.194846283912735174e-01
-4.534369506210165213e-01
-5.364022314816789816e-01
-5.727102536976413916e-01
-5.034991227358656118e-01
-5.329506811022834967e-01
-5.661975503236131857e-01
-5.198534675210790823e-01
-5.776849001914339254e-01
-5.863240309327917288e-01
-5.806000888615923117e-01
-5.783055149287061880e-01
-5.416509643465357016e-01
-5.861060492962675283e-01
-5.813533537358122061e-01
-5.731437173008995245e-01
-5.061933420866804312e-01
-5.706366192817764471e-01
-5.104437232285814474e-01
-5.800414294272737692e-01
-5.606325906038360785e-01
-5.867440350622015188e-01
-5.511252907373087595e-01
-5.862328581780271719e-01
-5.824662357837038229e-01
-5.233749397367315481e-01
-5.865551330417471121e-01
-5.844424650341348837e-01
-5.857706539601164053e-01
-5.856708310812788199e-01
-5.829675965279417227e-01
-5.042938873440103720e-01
-5.153687805205660055e-01
-5.866246655851679037e-01
-5.457894256606774519e-01
-5.162122570246534536e-01
-5.277301170200185965e-01
-5.556467049092130850e-01
-5.703855738312082480e-01
-5.303420931369142721e-01
-5.842706434696989248e-01
-5.846011922031717489e-01
-5.246784411639051626e-01
-5.693928621977644156e-01
-5.496854301810341070e-01
-5.420628063649015616e-01
-5.348214362084942053e-01
-5.860350825160818289e-01
-5.846796319156961630e-01
-5.850138575106935690e-01
-5.239851907163934897e-01
-5.862239323824720572e-01
-5.311254397302942465e-01
-5.849671907991247366e-01
-5.108809121221380423e-01
-5.048785008758382986e-01
-5.799016006559210012e-01
-5.385299645632581900e-01
-5.856195226579981039e-01
-5.511759579449968527e-01
-5.144383669167833517e-01
-5.700353518396692465e-01
-5.855472706526594351e-01
-5.330762643635349463e-01
-5.804016910761671255e-01
-5.862399548560457418e-01
-5.053624682396726797e-01
-5.211848303943948935e-01
-5.703855738312082480e-01
-5.863792695373373220e-01
-5.861728921800928305e-01
-5.865255430609064291e-01
-4.986850492924528311e-01
-5.518945217400865744e-01
-4.965810016065912436e-01
-5.782595560222940634e-01
-5.712038748234586905e-01
-5.413895905286150168e-01
-5.854719154805021475e-01
-5.806000888615923117e-01
-5.228275958716945837e-01
-5.835844040185289572e-01
-5.636482391774730871e-01
-5.849061444670038412e-01
-5.693928621977644156e-01
-5.368234295666294287e-01
-5.457894256606774519e-01
-5.850138575106935690e-01
-5.019174762338476370e-01
-5.862468913465814779e-01
-5.215741493076162527e-01
-5.298319202184753607e-01
-5.815797880560236166e-01
-5.844972752302961538e-01
-5.853629321128206442e-01
-5.240168147057371328e-01
-5.849671907991247366e-01
-5.855343066424207876e-01
-5.861291125685053061e-01
-5.575529797270970533e-01
-5.857607707649545858e-01
-5.800414294272737692e-01
-5.680183567375021170e-01
-5.840812720626669119e-01
-5.787973184406833838e-01
-5.799016006559210012e-01
-5.861079678207712362e-01
-5.189391508966760824e-01
-5.857103787630872915e-01
-5.305423703312950323e-01
-5.808417558938341330e-01
-5.204660374939518164e-01
-5.848504513770418356e-01
-5.860694818466978262e-01
-5.121364839643316458e-01
-5.524502381950693319e-01
-5.728126842796879004e-01
-5.859162941843347738e-01
-5.338879473775701712e-01
-5.856708310812788199e-01
-5.364022314816789816e-01
