-5.858617824443783650e-01
-5.477209946531778062e-01
-5.228325384008141175e-01
-5.392115573093840819e-01
-5.855962757110354522e-01
-3.794468168052197998e-01
-5.409012615115510458e-01
-5.492302323406103026e-01
-5.492852259893227229e-01
-5.756830342380159227e-01
-5.861476772882976416e-01
-5.855135011426889635e-01
-5.228770128100412862e-01
-5.437544623513614894e-01
4.953065588750628079e-01
-5.726322286302373277e-01
-5.511791999100978945e-01
-5.457229002441779109e-01
-4.850674839722416976e-01
-5.852389329186189482e-01
-5.841226860009901545e-01
-5.856110797231548482e-01
-5.858268310934994227e-01
-5.487236579572712936e-01
-5.497806763785763051e-01
-5.859183615788562394e-01
-5.856998718996901943e-01
-5.107612425305239068e-01
-5.029113884828864123e-01
-4.813462132800258586e-01
-5.605683841529220945e-01
-5.496362465978327227e-01
-5.435139904028628566e-01
-4.972418031216084278e-01
-5.861697895405190151e-01
-5.708567213800916917e-01
-5.294024506445150768e-01
-5.855240961681467127e-01
-5.316800654455344777e-01
-5.375019912071714590e-01
-5.858439744607039090e-01
-5.813321169327225757e-01
-5.676708990999981275e-01
-5.864477120048388059e-01
-5.861508763777436570e-01
-5.762479111483959082e-01
-5.859675311792506003e-01
-5.861994575346302083e-01
-5.569898627038444294e-01
-4.747519452649559546e-01
-5.084904052680517816e-01
-5.766586779468035884e-01
-5.786148745325336851e-01
-5.031992494072050626e-01
-5.165490635195854052e-01
-5.851619287486213850e-01
-5.858780386213041647e-01
-5.684153459988783297e-01
-5.457229002292280917e-01
-5.689612451255154912e-01
-3.794468169702360782e-01
-5.461775300363060914e-01
-5.859229930961231680e-01
-5.420288164771051020e-01
-5.713853592376715307e-01
-5.761847216482638423e-01
-5.256712061953510151e-01
-5.630416065295402728e-01
-5.864164596689922515e-01
-5.866796253612188705e-01
-5.849967592125426830e-01
-5.866821230721643854e-01
-5.611093021935669167e-01
-5.804864267103506670e-01
-5.835428702975666848e-01
-5.644173534003602555e-01
-5.310325171466818706e-01
-5.633322819835613338e-01
-4.978604093548212317e-01
-5.653967639301390458e-01
-4.673474363179287439e-01
-5.156748849181455041e-01
-5.240968841862964078e-01
-5.864515782617151229e-01
-5.355281391387031187e-01
-5.218208496309928446e-01
-5.774168069187181063e-01
-5.532263620965831574e-01
-5.668564301094611846e-01
-5.753681497703919678e-01
-5.843913972786968225e-01
-5.559627812613679998e-01
-5.850340148905400772e-01
-5.471483406750388134e-01
-5.338848700451417351e-01
-5.392115573033586795e-01
4.953065590550857489e-01
-5.084111662258069542e-01
-5.690943838613803374e-01
-5.074208669267554761e-01
-5.350238222875399741e-01
-5.737952656862534973e-01
-4.884771561132247863e-01
-5.429940121983252155e-01
-5.294120091588037091e-01
-5.222766027392370392e-01
-5.852006263434744726e-01
-4.702635911350287468e-01
-4.732310387479489733e-01
-4.884771560832115722e-01
-5.854172299951614367e-01
-5.366802769554657182e-01
-5.496689784585084837e-01
-5.858415799176384109e-01
-5.053307989188081661e-01
-5.833330316594445009e-01
-5.287644062550131974e-01
-5.403158103486703778e-01
-5.748522293846137776e-01
-4.948732776467894556e-01
-5.633322819835613338e-01
-5.644173534033729567e-01
5.881859726520025783e-02
-5.291838436314184602e-01
-5.713853592396610503e-01
-5.495610855462982336e-01
-5.434915881368886925e-01
-5.801338757050916728e-01
-5.852617569762913474e-01
-5.558113878402273222e-01
-5.860825604436826763e-01
-5.566741248689426325e-01
-5.126831252808005113e-01
-5.864515782547233824e-01
-5.780525388510781015e-01
-5.620680076110338153e-01
-5.227612569981704427e-01
-5.257651359027217808e-01
-5.825673561876337780e-01
-5.784274665083463107e-01
-5.547137842375468031e-01
-5.847540652818272733e-01
-5.569140443108253624e-01
-5.510887551389087591e-01
-5.762479111573772794e-01
-5.240483605573479364e-01
-5.680848258568738096e-01
-5.541094668338784057e-01
-5.436011298947615034e-01
-5.496689784454913408e-01
-5.260779369830161922e-01
-5.849390778429391924e-01
-4.932100535572659927e-01
-5.787747301568829661e-01
-5.450148316820403460e-01
-5.762479111573772794e-01
-5.861349395855416367e-01
-5.167202845008374013e-01
-5.000298192338795689e-01
-5.523725054237759169e-01
-5.355177126021192224e-01
-5.619403637257782691e-01
-5.462299596241575461e-01
-5.311751509598582333e-01
-5.804815720472602525e-01
-5.852171992391128619e-01
-5.740343298818437745e-01
-5.271575231381713245e-01
-5.164422634925617261e-01
-5.331307145800766589e-01
-5.382219400768089024e-01
-5.462248978331947225e-01
-5.271268799568293861e-01
-4.523476208753914318e-01
-5.557270316221338824e-01
-5.812500673747701407e-01
-5.827174264248784485e-01
-5.820026743761019805e-01
-5.084904052500324179e-01
-5.620680076030188932e-01
-4.995269181566225902e-01
-5.655997751977436261e-01
-5.633322819706009232e-01
-4.979397476979481318e-01
-5.848208986120808639e-01
-5.242772608601365958e-01
-5.404408964850097030e-01
-5.131092071029064172e-01
-5.394481360819746163e-01
-5.856935415177755289e-01
-5.805564145000443599e-01
-5.517437283887905997e-01
-5.358801261354307899e-01
-5.202491568098436270e-01
-5.270179201405489344e-01
-5.862259975972506920e-01
-5.776600240799500963e-01
-5.845731738684494250e-01
-5.382238013633234841e-01
-5.195159504369196712e-01
-4.535447275319755001e-01
-5.363790676308730632e-01
-5.727481654859211124e-01
-5.036154941702158938e-01
-5.331156752532182352e-01
-5.662631299679188324e-01
-5.198880088745098105e-01
-5.776600240739815373e-01
-5.862991065484460806e-01
-5.805564145020338795e-01
-5.782994889963167795e-01
-5.415815122470736265e-01
-5.860800663997032256e-01
-5.813321169317562376e-01
-5.731279673522714502e-01
-5.060721631231773765e-01
-5.706557122868937126e-01
-5.103865267100899938e-01
-5.800388107725772402e-01
-5.605683841218855878e-01
-5.867154565133633204e-01
-5.511054131934802758e-01
-5.862067697337594030e-01
-5.824459849543337508e-01
-5.233928526298877726e-01
-5.865281215761114497e-01
-5.844121124360285302e-01
-5.857480335249140024e-01
-5.856509666520173241e-01
-5.829695094810074529e-01
-5.042483999489151270e-01
-5.153789382572865341e-01
-5.865948727883818492e-01
-5.457229002421883912e-01
-5.162133669747458464e-01
-5.277615117570979564e-01
-5.556068513148555432e-01
-5.703553960285360214e-01
-5.303105218057342363e-01
-5.842499298125812812e-01
-5.845731738734516458e-01
-5.246731828555066812e-01
-5.693769077160361070e-01
-5.496485407139474200e-01
-5.420627243668031392e-01
-5.347949653917152268e-01
-5.860078091638606379e-01
-5.846712605394837059e-01
-5.849900015299541733e-01
-5.239603625351444416e-01
-5.861994575316173961e-01
-5.310321683939431825e-01
-5.849390778619248943e-01
-5.109142066243878011e-01
-5.048065047157526131e-01
-5.798990960090030233e-01
-5.385443339973426946e-01
-5.855946043843871518e-01
-5.511791999691012522e-01
-5.144515456756598715e-01
-5.700472784954985217e-01
-5.855240961741721151e-01
-5.331203732164093712e-01
-5.803909852921254053e-01
-5.862072822283248552e-01
-5.052877081734614695e-01
-5.209380946674001533e-01
-5.703553960755455288e-01
-5.863633435947512851e-01
-5.861514271292636025e-01
-5.865036201968611973e-01
-4.985924785036475737e-01
-5.519000960419201407e-01
-4.965693454038110355e-01
-5.782434065624734165e-01
-5.712112264558254493e-01
-5.413461286235127234e-01
-5.854476087207247659e-01
-5.805564145010106980e-01
-5.227358412346581051e-01
-5.835624259468342734e-01
-5.636096591373520592e-01
-5.849221012425954713e-01
-5.693769077019957825e-01
-5.368401632008286128e-01
-5.457229002441779109e-01
-5.849900015169937628e-01
-5.018983032842094794e-01
-5.862200388560588893e-01
-5.216460095717252443e-01
-5.299292826725434669e-01
-5.816082769605283032e-01
-5.844710609085949082e-01
-5.853388948191651231e-01
-5.240319808265190282e-01
-5.849390778459518936e-01
-5.855135011506470422e-01
-5.861033143859869510e-01
-5.575239080790120871e-01
-5.857364700842038197e-01
-5.800388107965651630e-01
-5.680848258548274465e-01
-5.840436525485499519e-01
-5.787827380754139162e-01
-5.798990960360036473e-01
-5.860825604477186701e-01
-5.190101866299631217e-01
-5.856840934383943376e-01
-5.305374254421254543e-01
-5.808469648341840763e-01
-5.204567952347716187e-01
-5.848208986070786430e-01
-5.860443061324956959e-01
-5.121100505740480147e-01
-5.525334963372177111e-01
-5.728407611903968411e-01
-5.858906956591073412e-01
-5.339429064424807692e-01
-5.856509666550300253e-01
-5.363790676349089459e-01
