-1.073005032189673136e+00
-1.066750072338169764e+00
-1.086639454052334974e+00
-1.086103775002545069e+00
-1.075643406877776931e+00
-1.086167436488455484e+00
-1.078767931018507431e+00
-1.046427512936776827e+00
-1.084400972746795366e+00
-1.086918533243721674e+00
-1.078332476480415414e+00
-1.071868884772545050e+00
-1.086523240827506731e+00
-1.086563559178745697e+00
-1.086141482390946100e+00
-1.084426143602019499e+00
-1.083590799872314880e+00
-1.085935800731664846e+00
-1.086911617707943867e+00
-1.083394275442248533e+00
-1.076965378759911607e+00
-1.086508774128293942e+00
-1.068731766589468668e+00
-1.083468570769315908e+00
-1.073332058661168764e+00
-1.084899320662504385e+00
-1.086130136088019560e+00
-1.086628429055696676e+00
-1.070674741104727934e+00
-1.085501283336913536e+00
-1.084321750257646988e+00
-1.086485542752331446e+00
-1.070793566689377974e+00
-1.086877574608212660e+00
-1.086406661127245377e+00
-1.070842575677221964e+00
-1.086908221640175531e+00
-1.051995406322663973e+00
-1.078714093355944703e+00
-1.085939933941250990e+00
-1.086112120118474911e+00
-1.080918620735889624e+00
-1.086894022230541657e+00
-1.086549396090692232e+00
-1.086131812002992580e+00
-1.083230973849555800e+00
-1.077043584710469792e+00
-1.086908362269884298e+00
-1.077152833272254417e+00
-1.078436306840291570e+00
-1.086935098678356360e+00
-1.075302852713054369e+00
-1.062570974626129816e+00
-1.085994317126011799e+00
-1.086901142191624592e+00
-1.086435693711525152e+00
-1.071152639970666121e+00
-1.073539514024293373e+00
-1.086604468919819544e+00
-1.072217281371837805e+00
-1.081101566948479364e+00
-1.086491486918663929e+00
-1.045962473772948931e+00
-1.086247469228243778e+00
-1.083727506384736250e+00
-1.076426962785905550e+00
-1.084512290008848856e+00
-1.086894328170007418e+00
-1.083881122921144913e+00
-1.081832164828216980e+00
-1.086913933441525648e+00
-1.085444924816971968e+00
-1.086514233075565050e+00
-1.069815896846836756e+00
-1.075860980827844093e+00
-1.080945069831347416e+00
-1.073441737261152218e+00
-1.078276989678403686e+00
-1.074845556565111826e+00
-1.086896617360895823e+00
-1.069607781641668032e+00
-1.083765614707505653e+00
-1.083053038152417491e+00
-1.086676367022579859e+00
-1.084946225792652319e+00
-1.083820850518083523e+00
-1.084842984494304607e+00
-1.086933356173819254e+00
-1.086916165821737001e+00
-1.084388489764666508e+00
-1.070158669189101408e+00
-1.084653059416001986e+00
-1.076834656227862785e+00
-1.086618689749872635e+00
-1.067496779770141790e+00
-1.086583794024324368e+00
-1.086896138661092470e+00
-1.078746191854140113e+00
-1.086914275236910532e+00
-1.059996273763960550e+00
-1.083288789423665355e+00
-1.074241406679636190e+00
-1.081298824329411934e+00
-1.077247539930528353e+00
-1.076100690452864717e+00
-1.085843853116518209e+00
-1.086479055159276674e+00
-1.086576189309841345e+00
-1.083534431107824991e+00
-1.074603957519417952e+00
-1.077910874899959515e+00
-1.065751911536341856e+00
-1.084047191240376184e+00
-1.086108639300352285e+00
-1.086921065509802053e+00
-1.073694835812336157e+00
-1.075857593374809573e+00
-1.082742457673436354e+00
-1.081489276536291788e+00
-1.081706721032521079e+00
-1.081578523315972040e+00
-1.086518316925054739e+00
-1.084783342596626232e+00
-1.082796533987408827e+00
-1.086514369048660944e+00
-1.083837788947409342e+00
-1.084315936942136238e+00
-1.081280894740036080e+00
-1.083858087122923086e+00
-1.085904212598240326e+00
-1.080132992635032485e+00
-1.067471137665694902e+00
-1.084202229440694998e+00
-1.086523834079986761e+00
-1.069810508214420031e+00
-1.084434713632351110e+00
-1.084161848690843533e+00
-1.054228403069561670e+00
-1.081717618205136011e+00
-1.083250337442865918e+00
-1.086919902287906359e+00
-1.084746830560749720e+00
-1.086004687868541430e+00
-1.074948547803348253e+00
-1.086550937895214508e+00
-1.082158123305550168e+00
-1.086010551475471209e+00
-1.086194455087667654e+00
-1.067452367790526102e+00
-1.086214390978699873e+00
-1.078636008710151861e+00
-1.086887224972730825e+00
-1.073594388016051004e+00
-1.085869582765287111e+00
-1.072704794280713747e+00
-1.086178157408273171e+00
-1.058730634324735354e+00
-1.081074724369233797e+00
-1.085812239371722887e+00
-1.078521454636490295e+00
-1.086551421251630734e+00
-1.073206619754916380e+00
-1.054568272479361246e+00
-1.076597730791678975e+00
-1.084337045833951185e+00
-1.078333746105915258e+00
-1.081864012334978531e+00
-1.049260838352626513e+00
-1.082246524211502026e+00
-1.084205249719804476e+00
-1.084495380916184137e+00
-1.086888956301397036e+00
-1.070257311150914381e+00
-1.066372126736229609e+00
-1.085992055409139345e+00
-1.085995785356050680e+00
-1.086358834453409861e+00
-1.082900020922085593e+00
-1.070916219078487108e+00
-1.077068450557550738e+00
-1.085216738678997705e+00
-1.084660007082408617e+00
-1.086589583125448177e+00
-1.071527203940337847e+00
-1.086277489014452646e+00
-1.086687342659121702e+00
-1.086044187587237309e+00
-1.086917439871019075e+00
-1.084025928680336426e+00
-1.080516424425429056e+00
-1.059714347519463251e+00
-1.065915974252408693e+00
-1.081603579152858208e+00
-1.086594282113498400e+00
-1.086038407333677958e+00
-1.084004035614913652e+00
-1.086543965548759649e+00
-1.066845818818098257e+00
-1.081017908569908093e+00
-1.083525315322464655e+00
-1.080879686097165893e+00
-1.057113662757462214e+00
-1.064815691136306475e+00
-1.086901405290251921e+00
-1.072388533898180674e+00
-1.074866819590812872e+00
-1.086522091575449656e+00
-1.077300296560412596e+00
-1.060313376062101076e+00
-1.068862606235331247e+00
-1.086447074473386953e+00
-1.086103840195125292e+00
-1.084139787056034754e+00
-1.086206608847266386e+00
-1.084287244290596197e+00
-1.078459762664994548e+00
-1.085082030319160173e+00
-1.081340752238890479e+00
-1.083133601280412028e+00
-1.059794813789910028e+00
-1.086336898547148655e+00
-1.086928708874171923e+00
-1.081716974661236952e+00
-1.086514573939627359e+00
-1.082996233063301394e+00
-1.086138212517386625e+00
-1.071336301438993166e+00
-1.086124005191510866e+00
-1.086880428180581282e+00
-1.079560465807577918e+00
-1.065876736701017569e+00
-1.079435498266963611e+00
-1.084015110902970980e+00
-1.083425955776607941e+00
-1.086067521408683012e+00
-1.086477677267527531e+00
-1.074583872616773794e+00
-1.062377361976093004e+00
-1.086672692955023001e+00
-1.079621397819852779e+00
-1.085985265136247824e+00
-1.053267479338234613e+00
-1.080883915000146578e+00
-1.082185686029976557e+00
-1.074708412796741674e+00
-1.068856280692404459e+00
-1.086936734080797384e+00
-1.067180391796415995e+00
-1.083889144868141363e+00
-1.084989009354746292e+00
-1.084301645797228764e+00
-1.075940832891052912e+00
-1.084088435791915606e+00
-1.084327449486142347e+00
-1.086374732595419834e+00
-1.085327191208040665e+00
-1.058487739809340189e+00
-1.086916254297381590e+00
-1.086608468484616230e+00
-1.073837696969991873e+00
-1.086900961980706404e+00
-1.086773152392840336e+00
-1.069824658729618738e+00
-1.084046888094878147e+00
-1.078336383145785282e+00
-1.078714452846458505e+00
-1.086936373658961008e+00
-1.086548900627082537e+00
-1.086514527839159916e+00
-1.047078209393209169e+00
-1.084383978438115070e+00
-1.086082916170841406e+00
-1.083940240949875067e+00
-1.086578138567990015e+00
-1.086911542736476610e+00
-1.084474064339435051e+00
-1.075040770158654402e+00
-1.069743458576983164e+00
-1.085942828491812895e+00
-1.084508549817389200e+00
-1.085941579122579048e+00
-1.073449391335731695e+00
-1.086058737174159239e+00
-1.070752734713739107e+00
-1.078798131248465131e+00
-1.086192251578456114e+00
-1.081321792141085814e+00
-1.086064460617041538e+00
-1.086871731024718235e+00
-1.078119441796576927e+00
-1.074885515425836990e+00
-1.079872458986489425e+00
-1.086893862974381397e+00
-1.083057166472560118e+00
-1.084792481665050934e+00
-1.080970024852564881e+00
-1.086912206769472311e+00
-1.077073562354332159e+00
-1.084399010450130652e+00
-1.084836427983379314e+00
-1.084828851208573530e+00
-1.085998843819385717e+00
-1.063150223739927958e+00
-1.085153715149050901e+00
-1.084823125437384794e+00
-1.086938530602043818e+00
-1.086569026973581265e+00
-1.086936240945494125e+00
-1.086910866596287439e+00
-1.070032512233143995e+00
-1.085222201817220400e+00
-1.085520297684258173e+00
-1.083900183834618280e+00
-1.085898282401746462e+00
-1.086461744666582296e+00
-1.086636217706388186e+00
-1.065590888657158564e+00
-1.084895194437837551e+00
-1.079665062180271695e+00
-1.086935068876033972e+00
-1.085886082541680286e+00
-1.086495653190201471e+00
-1.079548898082709263e+00
-1.086468115844315241e+00
-1.083945342734938810e+00
-1.086910997447109173e+00
-1.084696685359364698e+00
-1.084394715190416525e+00
-1.048049049847310732e+00
-1.086603643768018435e+00
-1.086914481990522097e+00
-1.071914683491474340e+00
-1.085887302108591745e+00
-1.075066703767067144e+00
-1.085979362413769911e+00
-1.086517570004349897e+00
-1.080799019359534929e+00
-1.066620089509075830e+00
-1.086891678091621349e+00
-1.086933453031367014e+00
-1.085875230305379580e+00
-1.071952230692392538e+00
-1.081895481957605432e+00
-1.080794466356298278e+00
-1.083819771115219543e+00
-1.086545703396683882e+00
-1.082412016042059610e+00
-1.071624906197673033e+00
-1.074165376298612307e+00
-1.070869837351626108e+00
-1.086930756852513502e+00
-1.084194019832199762e+00
-1.073037651762849043e+00
-1.068161611840611647e+00
-1.077431270083895276e+00
-1.068007002048677156e+00
-1.079129492328053663e+00
-1.086194671154504965e+00
-1.085037089813983391e+00
-1.086912050307279776e+00
-1.086911746230459164e+00
-1.074127695918565939e+00
-1.063170230411475847e+00
-1.081587152019625853e+00
-1.082809577160066317e+00
-1.086235618148481796e+00
-1.086517447069770048e+00
-1.085506400954461048e+00
-1.074681221902853201e+00
-1.077978108473604868e+00
-1.086918251052981566e+00
-1.043506289296334932e+00
-1.071268360525852392e+00
-1.045818632863944719e+00
-1.072021352522557924e+00
-1.086638465919083307e+00
-1.081691760499513100e+00
-1.086577227734512041e+00
-1.062338190548604677e+00
-1.086303942766523312e+00
-1.073208523378258894e+00
-1.080341691313794206e+00
-1.085236207046097467e+00
-1.085003836010134171e+00
-1.086424593277758310e+00
-1.071036514290159891e+00
-1.073083528712874601e+00
-1.084879683726018618e+00
-1.086533190612232636e+00
-1.086591417830920170e+00
-1.086573159717506121e+00
-1.086561321676260183e+00
-1.086919263400620173e+00
-1.071454211533552359e+00
-1.056129828490799616e+00
-1.075369554967170904e+00
-1.076788312452396701e+00
-1.086585013125574539e+00
-1.065146787487453173e+00
-1.069399476446694086e+00
-1.051867509656137178e+00
-1.086155592859274099e+00
-1.075327343702799032e+00
-1.070528106227999876e+00
-1.069407388963288019e+00
-1.061984323360508631e+00
-1.074695740756130169e+00
-1.067775954887753675e+00
-1.081062439991643975e+00
-1.080941166891267846e+00
-1.086919482727086494e+00
-1.086909102671331118e+00
-1.086915498994773577e+00
-1.086487000737822006e+00
-1.086237041675037096e+00
-1.053065656148379992e+00
-1.080387302604055355e+00
-1.086565505642926643e+00
-1.083817864697909306e+00
-1.086044725426024149e+00
-1.084457158506399344e+00
-1.070824956916755388e+00
-1.083412322611099432e+00
-1.059933109604304979e+00
-1.074171269707864473e+00
-1.086386918485647390e+00
-1.061517460667079638e+00
-1.082050655898189495e+00
-1.068677736841624926e+00
-1.086630020685976694e+00
-1.077259252476057361e+00
-1.086306845698988388e+00
-1.081470930412894438e+00
-1.086149590485280703e+00
-1.079057983285298894e+00
-1.082490354706084679e+00
-1.084815777767932365e+00
-1.086947705992048929e+00
-1.081860536639130066e+00
-1.080011740256583641e+00
-1.086051501729077051e+00
-1.065752492681628416e+00
-1.080818920908047209e+00
-1.086905815568304012e+00
-1.083597966865187834e+00
-1.086922130477166126e+00
-1.086655234847700546e+00
-1.086299998149758528e+00
-1.086652864631748150e+00
-1.082337896502128194e+00
