-5.813184523909302737e-01
-5.857437154232474352e-01
-5.875043104357036139e-01
-5.905351949810000445e-01
-5.842474865681441809e-01
-5.888225928834589507e-01
-5.854999189219387556e-01
-5.698699871032448794e-01
-5.870340297884257819e-01
-5.904674417293580557e-01
-5.893222013442727114e-01
-5.911046260922165896e-01
-5.903067173390599276e-01
-5.908184045880051638e-01
-5.840064914851399447e-01
-5.882562356023999239e-01
-5.798277742183717276e-01
-5.908491056366773631e-01
-5.911195952399583842e-01
-5.867354715197297121e-01
-5.881510911463709856e-01
-5.846567851445587660e-01
-5.902468128084155108e-01
-5.901582016563924338e-01
-5.903901750176163699e-01
-5.904343229672821547e-01
-5.793739309488745715e-01
-5.910144321574779536e-01
-5.852051413572343375e-01
-5.910531556188078905e-01
-5.892763923807950999e-01
-5.814435397229107405e-01
-5.854592899746211554e-01
-5.910971624731036211e-01
-5.849216621323438670e-01
-5.910738794087382342e-01
-5.901705584443124319e-01
-5.910006402014704729e-01
-5.807597920252891566e-01
-5.878519945732267882e-01
-5.836628022558005835e-01
-5.845374240494283224e-01
-5.810335691972585703e-01
-5.765000427096100832e-01
-5.796808259515973116e-01
-5.904920342332633520e-01
-5.891182118981095339e-01
-5.887532843231173540e-01
-5.858621698758514906e-01
-5.879370536609502818e-01
-5.905648929952593829e-01
-5.844808308361979510e-01
-5.906422924204679514e-01
-5.910854734434696223e-01
-5.882207242726298357e-01
-5.898722600146146799e-01
-5.847938353150101687e-01
-5.911155002145977999e-01
-5.809428690887006308e-01
-5.905040729745241190e-01
-5.860721020913632895e-01
-5.908103267616542364e-01
-5.875039001881094958e-01
-5.879206297873469378e-01
-5.811762059061738039e-01
-5.888244173443826224e-01
-5.910710789217563654e-01
-5.894385463512452628e-01
-5.884962858586522128e-01
-5.909434597893568064e-01
-5.900603201194616343e-01
-5.908467354207249667e-01
-5.900819254062088515e-01
-5.766621701373668696e-01
-5.910090109287711169e-01
-5.910765225022049929e-01
-5.818806699431451346e-01
-5.875979465386780287e-01
-5.889175905800374533e-01
-5.906447026832910563e-01
-5.844061105932059075e-01
-5.907888863190027262e-01
-5.908383372194083716e-01
-5.807434836356850649e-01
-5.844839228271456744e-01
-5.764039907558771159e-01
-5.818305037870021845e-01
-5.838766660495611216e-01
-5.902942995495112921e-01
-5.905310645653816248e-01
-5.870396796568246867e-01
-5.803256564727934386e-01
-5.908512523352118517e-01
-5.808889408550175215e-01
-5.905475638761135126e-01
-5.824914275622876669e-01
-5.768402380823107745e-01
-5.771524826019021059e-01
-5.730833703606339480e-01
-5.804706759705158259e-01
-5.909710092424365069e-01
-5.719294952182980563e-01
-5.907575808419796015e-01
-5.836376039265604998e-01
-5.892825256056102301e-01
-5.889447176783295657e-01
-5.867729321076484705e-01
-5.906534561841698672e-01
-5.911021152465554263e-01
-5.794543222478540923e-01
-5.798988657957824255e-01
-5.777215719177337672e-01
-5.829351450270923163e-01
-5.852831233247133280e-01
-5.843851751602204825e-01
-5.908452862827988650e-01
-5.873450407712670351e-01
-5.884943710594388033e-01
-5.906263453840228106e-01
-5.853164241603525664e-01
-5.879155359185250784e-01
-5.906956595322998549e-01
-5.790030382527919794e-01
-5.875998040615530993e-01
-5.908043816639991785e-01
-5.896216536826404120e-01
-5.887371994509311701e-01
-5.907671436621757532e-01
-5.892154778308185126e-01
-5.826008975460144068e-01
-5.883846761613102938e-01
-5.891903907946260954e-01
-5.906184785022350336e-01
-5.911478031380983378e-01
-5.897699914826961543e-01
-5.805347984611006762e-01
-5.808325981675597216e-01
-5.882087092800947214e-01
-5.800876756153019453e-01
-5.884878615803035284e-01
-5.891148898704858805e-01
-5.900686144783111597e-01
-5.911444093986364390e-01
-5.887218810572238947e-01
-5.910841202317687060e-01
-5.911124631716819788e-01
-5.911208152725311304e-01
-5.904664200684937025e-01
-5.723813142581792857e-01
-5.910507611884685542e-01
-5.911471940531345393e-01
-5.911193428515406634e-01
-5.897746434389563586e-01
-5.812957947096737410e-01
-5.909494491248341586e-01
-5.873523088126393343e-01
-5.910738645075770403e-01
-5.892329564272376086e-01
-5.776765843807669665e-01
-5.866772252089293982e-01
-5.908205270721527125e-01
-5.871581937140735175e-01
-5.860953139095517184e-01
-5.907010784327002550e-01
-5.844082966401191737e-01
-5.877202236047895934e-01
-5.774202024518462206e-01
-5.893208024977656390e-01
-5.897429249203713919e-01
-5.811892998359116103e-01
-5.889876916958900477e-01
-5.774104421912642504e-01
-5.880866594566913630e-01
-5.840534427157553221e-01
-5.908807417332144762e-01
-5.905363349198313738e-01
-5.784139981447669054e-01
-5.757312564133616473e-01
-5.881556308782609488e-01
-5.902609540103884722e-01
