-1.497944986278530566e+00
-1.497386490460976161e+00
-1.489582771815231244e+00
-1.494555009453682803e+00
-1.497535988841666166e+00
-1.497985110713216717e+00
-1.497078839313575882e+00
-1.474171984442468553e+00
-1.497485803138067118e+00
-1.477922337240255457e+00
-1.492825070160915368e+00
-1.497925077340536593e+00
-1.458537849847451939e+00
-1.496496891310919120e+00
-1.494497210993210867e+00
-1.494365243092418583e+00
-1.496595947203188004e+00
-1.497967733946212965e+00
-1.440070581815447559e+00
-1.497926866936103885e+00
-1.496583892398896110e+00
-1.493487036936171242e+00
-1.461879913492833083e+00
-1.489850374878855632e+00
-1.488178453725392369e+00
-1.472320737532292645e+00
-1.440251583513808553e+00
-1.497218989511769571e+00
-1.497141444372200869e+00
-1.496478063689064442e+00
-1.497167247198412543e+00
-1.496730017749304587e+00
-1.493940695226082305e+00
-1.402196266164805083e+00
-1.474597901283704271e+00
-1.476810030125419892e+00
-1.442780943785212378e+00
-1.497183458585375160e+00
-1.461515418024170732e+00
-1.496313353402619395e+00
-1.496771724884743637e+00
-1.497088618782688618e+00
-1.497967874780103514e+00
-1.495319389216529515e+00
-1.450302236883277418e+00
-1.489424217312841359e+00
-1.491976067561164188e+00
-1.497950041243456987e+00
-1.449936257283795715e+00
-1.462025425456719097e+00
-1.492208584109036895e+00
-1.494084348861469236e+00
-1.497340515075992862e+00
-1.489685485923570640e+00
-1.497936312785491220e+00
-1.494545134988635615e+00
-1.464030303019254742e+00
-1.496808883123820211e+00
-1.481707531791031984e+00
-1.490945864516251884e+00
-1.488389883512243994e+00
-1.456332735483065965e+00
-1.488094271701144056e+00
-1.471866380393950902e+00
-1.497966807111944521e+00
-1.495060772328663745e+00
-1.497256671119463922e+00
-1.471463773929972962e+00
-1.496855346376432472e+00
-1.442894954294469345e+00
-1.497401086627234479e+00
-1.497989000162103901e+00
-1.491922910681936276e+00
-1.427883871539047833e+00
-1.456328716384307054e+00
-1.493490963550023087e+00
-1.472371245673644413e+00
-1.406838025576219620e+00
-1.497920838810953059e+00
-1.496848443630976799e+00
-1.477216701892156259e+00
-1.493519913035712632e+00
-1.497033572292006731e+00
-1.497028562780036376e+00
-1.444708804260719237e+00
-1.412320182772310417e+00
-1.497187922104781466e+00
-1.434974165063929386e+00
-1.495000213387413845e+00
-1.492869328480286972e+00
-1.472133327209131926e+00
-1.472188144407004851e+00
-1.497956809498003361e+00
-1.497415411066707946e+00
-1.497242170999122823e+00
-1.493131518321295426e+00
-1.485556919043149460e+00
-1.497417660622905711e+00
-1.494092857300623134e+00
-1.446599046438520331e+00
-1.497494276193244378e+00
-1.497953546730621088e+00
-1.475203954097960679e+00
-1.495775804027225098e+00
-1.470232696446708065e+00
-1.470302242527751879e+00
-1.489100063540689023e+00
-1.478439736353890144e+00
-1.497524766251698392e+00
-1.493268955655665975e+00
-1.497101336981460085e+00
-1.493313930416491964e+00
-1.492301433780324649e+00
-1.465080165361356768e+00
-1.497941103417648190e+00
-1.496764900947224364e+00
-1.497974340361906354e+00
-1.496473669137609042e+00
-1.497966179817468824e+00
-1.404078493579024478e+00
-1.431562772948346440e+00
-1.484973669090524195e+00
-1.497437756346717386e+00
-1.468754106482630606e+00
-1.492149676931447511e+00
-1.493181194530294631e+00
-1.486068420782504340e+00
-1.497680865481069157e+00
-1.490914081197816987e+00
-1.493152237923608405e+00
-1.480130973190814991e+00
-1.497913778343639368e+00
-1.484775971589641586e+00
-1.482030685580959517e+00
-1.497469148643454151e+00
-1.497191207650127254e+00
-1.496253868531485010e+00
-1.493522038921990092e+00
-1.458334720094923487e+00
-1.447950295966054846e+00
-1.472569376389213813e+00
-1.455363822001830343e+00
-1.496589996830989255e+00
-1.489074470227298663e+00
-1.496575686752510848e+00
-1.472320966998132974e+00
-1.496546078055331686e+00
-1.488204661080311020e+00
-1.493727260205854890e+00
-1.491851896511102726e+00
-1.496631040537955926e+00
-1.496787904970703798e+00
-1.485681609909799805e+00
-1.486818629797739266e+00
-1.496695733364886038e+00
-1.491953226929555898e+00
-1.497938565958689905e+00
-1.493758866051406287e+00
-1.493906941097253860e+00
-1.490921142853128600e+00
-1.489592860989095824e+00
-1.497980193498172241e+00
-1.497983621430426737e+00
-1.497475522064328768e+00
-1.475786985571745591e+00
-1.497938297091893967e+00
-1.496657380992741260e+00
-1.488103197443956027e+00
-1.471537724325463481e+00
-1.497944766022680785e+00
-1.461613619601127789e+00
-1.496784541680420411e+00
-1.497553639352456889e+00
-1.496261292587515168e+00
-1.494699193067662302e+00
-1.496749207643838675e+00
-1.489548912810464643e+00
-1.496214121357483551e+00
-1.491208635674769356e+00
-1.493843134840583398e+00
-1.494858871620157847e+00
-1.497168887502107859e+00
-1.497432936242607093e+00
-1.450999676186973897e+00
-1.495397410786755144e+00
-1.497376738047831113e+00
-1.461639854592015508e+00
-1.462100394045402929e+00
-1.497935835740868971e+00
-1.451310644598720279e+00
-1.497938291101909680e+00
-1.494175415219178404e+00
-1.398366647368793458e+00
-1.497416979549454963e+00
-1.437805169952607320e+00
-1.496754285538756335e+00
-1.489885932632252663e+00
-1.497982225010551893e+00
-1.497333868955316838e+00
-1.487508458688584501e+00
-1.484397389996295891e+00
-1.466726768628206612e+00
-1.420415933180055212e+00
-1.496340565860725835e+00
-1.485986338445564936e+00
-1.497406919646545376e+00
-1.471212142604463535e+00
-1.497957773718214591e+00
-1.491271716395017322e+00
-1.420607412905944500e+00
-1.497025569372452569e+00
-1.446180110664666119e+00
-1.497948872467393500e+00
-1.492723256180832125e+00
-1.496366275142015256e+00
-1.488705962541876149e+00
-1.492416293741885669e+00
-1.477037948300998771e+00
-1.496711605650119958e+00
-1.478895130184390228e+00
-1.461060484110275892e+00
-1.476491779590543452e+00
-1.491566192310022743e+00
-1.493696819846329182e+00
-1.457814621741486238e+00
-1.489521296761709079e+00
-1.496278479749668211e+00
-1.497504828697755697e+00
-1.488937931194182163e+00
-1.497434528891319561e+00
-1.472249405512700227e+00
-1.468633572452655356e+00
-1.488444206038506579e+00
-1.497966055297569543e+00
-1.496840862622094370e+00
-1.497904502067100907e+00
-1.496703386064716312e+00
-1.425460594582240725e+00
-1.497987466281339275e+00
-1.497505941523853190e+00
-1.464254866884524331e+00
-1.481839062114181482e+00
-1.493204930759202798e+00
-1.470597727681953959e+00
-1.491100767087572221e+00
-1.496456258227604863e+00
-1.479750932005650110e+00
-1.497940679384984985e+00
-1.491067991049960684e+00
-1.491429630691925690e+00
-1.496720199841196752e+00
-1.497979734973547306e+00
-1.463808020254133924e+00
-1.497492207008913834e+00
-1.479634054341721239e+00
-1.493162676295210156e+00
-1.491686761412984508e+00
-1.467366126951652694e+00
-1.497472439362826035e+00
-1.497366408267138072e+00
-1.449436868506693843e+00
-1.486571455889670768e+00
-1.433930906597531640e+00
-1.489241871247589222e+00
-1.491657756422327452e+00
-1.497976217800380150e+00
-1.496069711280699543e+00
-1.450216749842076602e+00
-1.468946956532454218e+00
-1.497900125616621780e+00
-1.466353156596882590e+00
-1.492804052479826504e+00
-1.492592599224989325e+00
-1.496834733538024986e+00
-1.497445838758233005e+00
-1.492616245424965404e+00
-1.433721032366419790e+00
-1.493834948967165399e+00
-1.497957221378661608e+00
-1.496563637180196693e+00
-1.497926471930423942e+00
-1.497333253287812305e+00
-1.497182793021922809e+00
-1.486426424657381506e+00
-1.487778230222471576e+00
-1.476000509844908049e+00
-1.497476773679319750e+00
-1.473751511190857899e+00
-1.473023858381438123e+00
-1.489165058845389744e+00
-1.497254672812055043e+00
-1.465076763443074359e+00
-1.477620933853836194e+00
-1.495492299715389217e+00
-1.467605491892030045e+00
-1.497501771017199612e+00
-1.492302883914145673e+00
-1.487414595788121519e+00
-1.445481223775096247e+00
-1.497929410901042147e+00
-1.462388633077429612e+00
-1.497367540230239324e+00
-1.477419656994813479e+00
-1.489456954092486907e+00
-1.469527391779333003e+00
-1.495762596706859737e+00
-1.477617945996240634e+00
-1.497970753200790872e+00
-1.473822548092674545e+00
-1.439470011742797873e+00
-1.497946644750192124e+00
-1.455451555794207597e+00
-1.490035664758747602e+00
-1.497953027732036979e+00
-1.473989703888152425e+00
-1.477009181496154566e+00
-1.452066842839168093e+00
-1.497484501082114283e+00
-1.489153010313082115e+00
-1.433363898861838459e+00
-1.497922251178804398e+00
-1.478612204372081740e+00
-1.497434403691431326e+00
-1.487841619097466594e+00
-1.456292477855460676e+00
-1.460148881777924901e+00
-1.475490435856414928e+00
-1.497975159870230222e+00
-1.489641010554372702e+00
-1.497950449417131402e+00
-1.496554599304480648e+00
-1.471165002937396826e+00
-1.491443859859461485e+00
-1.497579490815649228e+00
-1.497517772569322947e+00
-1.497301919967041428e+00
-1.436571711847276056e+00
-1.497527680212369150e+00
-1.480137856622285142e+00
-1.443986522198017486e+00
-1.461513261828892851e+00
-1.458167011481896758e+00
-1.443907314146751331e+00
-1.497217359641106915e+00
-1.463906370013977165e+00
-1.497341740327993831e+00
-1.494641081345435829e+00
-1.445731920865358511e+00
-1.497913730822664879e+00
-1.497405621809592802e+00
-1.497934343550085590e+00
-1.485649713547460227e+00
-1.486023041404011202e+00
-1.496842922909442208e+00
-1.470547975887980696e+00
-1.490377154313917041e+00
-1.497940645873997445e+00
-1.497946475518318499e+00
-1.488797823685929833e+00
-1.487397323087037426e+00
-1.493397486193234425e+00
-1.468308086732581064e+00
-1.489906488261698803e+00
-1.491516545196986510e+00
-1.497957615213367788e+00
-1.479615854706353373e+00
-1.496349870916239944e+00
-1.497970957389605173e+00
-1.468256969596738681e+00
-1.497332253885616860e+00
-1.497428832239914520e+00
-1.497915927694889682e+00
-1.478338331943498396e+00
-1.496889209391186526e+00
-1.435391363002171516e+00
-1.496341660021847098e+00
-1.496616909047315591e+00
-1.477354471776260780e+00
-1.496301028323549831e+00
-1.466726735929226866e+00
-1.497934980385579262e+00
-1.496780193100929468e+00
-1.497424454004439909e+00
-1.488169458980637128e+00
-1.494521766135435081e+00
-1.464498433428518487e+00
-1.497969867746480555e+00
-1.462024709600296735e+00
-1.497961397578321252e+00
-1.478948509415424883e+00
-1.486213369133829953e+00
-1.497553377242661021e+00
-1.496293604010502154e+00
-1.492953834808285363e+00
-1.483444301872309135e+00
-1.497978903977234655e+00
-1.497932360306682309e+00
-1.433447616768471766e+00
-1.484851104126152510e+00
-1.458477370499117409e+00
-1.497990929638554070e+00
-1.426977961294090713e+00
-1.489120349073362437e+00
-1.430633059376563487e+00
-1.489762520547576186e+00
-1.493114758057763058e+00
-1.497248679983882003e+00
-1.493031191596029927e+00
-1.496117151949513557e+00
-1.490259126281912261e+00
-1.496893983897333191e+00
-1.497985546799886380e+00
-1.493477497735839821e+00
-1.487460631142067724e+00
-1.489185714098759217e+00
-1.497071533664451781e+00
-1.497519173775210710e+00
-1.497937351169649434e+00
-1.480598136050863545e+00
-1.497932597638480079e+00
-1.450403388043851383e+00
-1.496857072807046718e+00
-1.474854691900033155e+00
-1.468976177299930130e+00
-1.497135485816972089e+00
-1.497964229038026618e+00
-1.486684448028724015e+00
-1.497398329923442795e+00
-1.497934340637089967e+00
-1.497927532105574722e+00
-1.475489726887988073e+00
-1.497925716120016792e+00
-1.472269568037479326e+00
-1.493678404159162421e+00
-1.409003090045828133e+00
-1.492973761846232428e+00
-1.456112690856156799e+00
-1.493568117001916606e+00
-1.459103357141346979e+00
-1.493041027964108647e+00
-1.493155489052992113e+00
-1.496462540607564451e+00
-1.491772191280239968e+00
-1.497012510761939863e+00
-1.497938873987443298e+00
-1.494327848246496115e+00
-1.497040870684136493e+00
-1.497980392156012641e+00
-1.497439113085625717e+00
-1.497627430445076291e+00
-1.493174535254669477e+00
-1.497409829516198609e+00
-1.496442967234305810e+00
-1.448134668710664430e+00
-1.497423119872510533e+00
-1.497957129867737214e+00
-1.493455065853899866e+00
-1.496783960319880924e+00
-1.470706244593600109e+00
-1.495784357148339572e+00
-1.497995406609944569e+00
-1.496532683991099066e+00
-1.487448465351857374e+00
-1.455333167652499204e+00
-1.478923770617349920e+00
-1.484819844513330933e+00
-1.467639961728294473e+00
-1.497422829168736147e+00
-1.437587476736808201e+00
-1.437366212956879163e+00
-1.497934625227842709e+00
-1.494220328240029483e+00
-1.471745742515055300e+00
-1.490055217216004202e+00
-1.497211066364158905e+00
-1.497449266017461866e+00
-1.489696038511073573e+00
-1.424673369031778991e+00
-1.497998673043298146e+00
-1.492181729375656962e+00
-1.471269964423952414e+00
-1.492831620604644582e+00
-1.496850252337541987e+00
-1.496786827807569775e+00
-1.496833727391818192e+00
-1.494404836567538197e+00
-1.477581342171699008e+00
-1.494099209992509891e+00
-1.453607605475192743e+00
-1.449441075243324439e+00
-1.463874365609751038e+00
-1.497993645476365820e+00
-1.447340472940839007e+00
-1.458570351855297931e+00
-1.497011668825636965e+00
-1.496143395668388498e+00
-1.455859432340974369e+00
-1.493735213739431744e+00
-1.477288403827445862e+00
-1.493287813281499288e+00
-1.497765955671596538e+00
-1.497903404117993720e+00
-1.471429571531490454e+00
-1.433360133528865044e+00
-1.491137875656710632e+00
-1.443034753000954851e+00
-1.464058844886288346e+00
-1.487313353603600508e+00
-1.497384112090901942e+00
-1.490125103897764536e+00
-1.497515592645091598e+00
-1.457250336955592029e+00
-1.448903818862691262e+00
-1.492956204730382597e+00
-1.433896366817315471e+00
-1.473733193707581490e+00
-1.497956639207137730e+00
-1.455607152755988398e+00
-1.443505396692212450e+00
-1.497969712564611866e+00
-1.497282229042880886e+00
-1.437391499485533464e+00
-1.496608705791933280e+00
-1.464533880656968101e+00
-1.485803784500459246e+00
-1.476285298008720437e+00
-1.457485539859318946e+00
-1.497959933778500785e+00
-1.462454347698552315e+00
-1.492982094485544975e+00
-1.488261621773458110e+00
-1.496501436709253730e+00
-1.479649532789264477e+00
-1.484167931544958963e+00
-1.474115015608298940e+00
-1.460281263754382497e+00
-1.496066961473913492e+00
-1.497885183667634346e+00
-1.463258341637510673e+00
-1.496315693046724515e+00
-1.467190937429644348e+00
-1.490441029851518273e+00
-1.463495069597978038e+00
-1.492793811867058951e+00
-1.496562950665755176e+00
-1.463757278321985655e+00
-1.497282356634795031e+00
-1.497563045369901813e+00
-1.447727802800105490e+00
-1.492476845644135297e+00
-1.478554330146669260e+00
-1.497969838956505706e+00
-1.497966838999940098e+00
-1.488134514303738776e+00
-1.418954433329240539e+00
-1.492746384294219242e+00
-1.497974150199052223e+00
-1.490611327776483197e+00
-1.487533487538440502e+00
-1.493315206960456942e+00
-1.440396842185897919e+00
-1.497296700512229295e+00
-1.469666363065494030e+00
-1.430072236137906350e+00
-1.497289047368395520e+00
-1.497004134593705960e+00
-1.498031322409034027e+00
-1.461456240905786741e+00
-1.471103299963066213e+00
-1.466185108499116430e+00
-1.490155974778937020e+00
-1.444128557660709911e+00
-1.496683618020639761e+00
-1.463172849799297293e+00
-1.493359177567067375e+00
-1.497955353582187898e+00
-1.468924856371216059e+00
-1.492159644284421383e+00
-1.492359703197408294e+00
-1.497991116149392177e+00
-1.432410304664257117e+00
-1.492260398392328602e+00
-1.497317731384306017e+00
-1.497453230232267174e+00
-1.489161654240120924e+00
-1.497967205162638482e+00
-1.496832561597758238e+00
-1.465345567858761244e+00
-1.496491408836334358e+00
-1.493543574030682830e+00
-1.488776310408247205e+00
-1.496877381427707876e+00
-1.470757926319026687e+00
-1.482996784756484221e+00
-1.497385853103489817e+00
-1.491430034791607406e+00
-1.487534067217979317e+00
-1.492095735996851857e+00
-1.496092391986433512e+00
-1.459010887242766952e+00
-1.491391781579373133e+00
-1.447357807996886292e+00
-1.480906506968693748e+00
-1.495816460832501082e+00
-1.496807805846687156e+00
-1.497508519956765705e+00
-1.496604959312940020e+00
-1.489965776208005188e+00
-1.488292666044483070e+00
-1.469546587643870472e+00
-1.497946619852197792e+00
-1.497361940843728867e+00
-1.472109368578394584e+00
-1.456325481072899608e+00
-1.497440459973549354e+00
-1.496369472916446730e+00
-1.456367049614445852e+00
-1.498003654577301447e+00
-1.464005913236875900e+00
-1.475135815006788365e+00
-1.466690815485124588e+00
-1.497478374697025050e+00
-1.431484527232308901e+00
-1.470266367944598862e+00
-1.497269857140844707e+00
-1.493821498846016338e+00
-1.470309945666554263e+00
-1.491395939148049132e+00
-1.492867187670009255e+00
-1.494428722834330703e+00
