-7.884657872555118630e-01
-7.691256293460045912e-01
-7.883204202335016841e-01
-7.874788021587961762e-01
-7.875108609250118796e-01
-7.901472978282667592e-01
-7.864251173588021615e-01
-7.910629004044014145e-01
-7.814572902127907561e-01
-7.903304420298715716e-01
-7.866040534727798406e-01
-7.798891528277883678e-01
-7.909413260752431452e-01
-7.740303381357990231e-01
-7.873958584475645450e-01
-7.827635497825369271e-01
-7.900043729642871604e-01
-7.898669918078529140e-01
-7.889280375665042033e-01
-7.903126483331819330e-01
-7.888693644867224020e-01
-7.817422206544859531e-01
-7.903964904377254186e-01
-7.903832893203363019e-01
-7.904137241208640807e-01
-7.906503011284679028e-01
-7.623759965029377472e-01
-7.729031443529523759e-01
-7.886941076127632622e-01
-7.854046483250443078e-01
-7.847467211975120982e-01
-7.814733584628532626e-01
-7.870893369022476938e-01
-7.908248173060190567e-01
-7.873525512274190952e-01
-7.910328758595788212e-01
-7.750996109802872347e-01
-7.905451244170995651e-01
-7.732280552954613473e-01
-7.852365131603403769e-01
-7.812754753771112837e-01
-7.880725397779940744e-01
-7.889234685651811407e-01
-7.771501014760986426e-01
-7.867079598031700982e-01
-7.721379619637521730e-01
-7.787720499557975185e-01
-7.787025882387039744e-01
-7.906357645681707513e-01
-7.874853496225401317e-01
-7.897360817572036673e-01
-7.866666058844370424e-01
-7.875174708806832458e-01
-7.756725232262066116e-01
-7.910180704494819137e-01
-7.902153522144858000e-01
-7.851770138202368576e-01
-7.907319388327626042e-01
-7.830854665854616314e-01
-7.850162987255638880e-01
-7.770973313435779461e-01
-7.865485226954882503e-01
-7.885329641654446053e-01
-7.855876316297761841e-01
-7.805564529887447645e-01
-7.777187542544620191e-01
-7.909280393859539071e-01
-7.885024381100150803e-01
-7.800896533144221490e-01
-7.906338629207011470e-01
-7.897447896161831071e-01
-7.791620332099472579e-01
-7.822656236552575360e-01
-7.845209800702023228e-01
-7.909702573069622433e-01
-7.849601960437130321e-01
-7.888904087387912378e-01
-7.904522263318563002e-01
-7.811540041388671529e-01
-7.803728860064808037e-01
-7.884710769122593721e-01
-7.902474667316584656e-01
-7.875659256736996516e-01
-7.661207071853061157e-01
-7.862117322535080444e-01
-7.744125426762329401e-01
-7.810728898711462032e-01
-7.894137285446251040e-01
-7.906035451310914342e-01
-7.827671468556302026e-01
-7.873765456610969382e-01
-7.696459476402655042e-01
-7.820900508965349385e-01
-7.908391196184989536e-01
-7.910616945303916570e-01
-7.909883676903900485e-01
-7.889079964096309405e-01
-7.879215282435091394e-01
-7.900488974594610525e-01
-7.910027911677881551e-01
-7.687045376928934859e-01
-7.779723743603453867e-01
-7.856464268534611994e-01
-7.702110597784711521e-01
-7.898357285010079165e-01
-7.672333657528550566e-01
-7.606115610089261292e-01
-7.566743088505303305e-01
-7.821048923726151569e-01
-7.888865017189352624e-01
-7.908666305853727652e-01
-7.865175642413868573e-01
-7.911365010031677913e-01
-7.908985123657101823e-01
-7.908668875481430494e-01
-7.908472215869770672e-01
-7.896772626945447460e-01
-7.867335673495443604e-01
-7.816156014623781845e-01
-7.910508142501365692e-01
-7.717481502734755416e-01
-7.906773804486794122e-01
-7.905086590394534429e-01
-7.861841593606960776e-01
-7.767301900710386064e-01
-7.857843700254414365e-01
-7.908247327700892448e-01
-7.839543275072239359e-01
-7.825915993179143326e-01
-7.815144105898016447e-01
-7.797646371949893407e-01
-7.898528551572270295e-01
-7.889533669291125539e-01
-7.867386893994280372e-01
-7.802145563458932065e-01
-7.880842714775330160e-01
-7.714244841119347607e-01
-7.829165826013746443e-01
-7.910458535121392964e-01
-7.806341579572132483e-01
-7.874711676229532165e-01
-7.848421951306867594e-01
-7.909254148670494811e-01
-7.572274627273710701e-01
-7.910373987579419897e-01
-7.861996406982416641e-01
-7.901229770128439522e-01
-7.751406901562398755e-01
-7.911093652850078595e-01
-7.856396094759517945e-01
-7.826432620203367385e-01
-7.762969035887398173e-01
-7.661040853756609925e-01
-7.827688861992397884e-01
-7.842572103444620524e-01
-7.868810248238901073e-01
-7.781544417118243517e-01
-7.906167987224171911e-01
-7.864630397462710754e-01
-7.882007258968185548e-01
-7.897987268667882033e-01
-7.876557657213819619e-01
-7.865207240138349931e-01
-7.818447419469776172e-01
-7.726707086140167657e-01
-7.910375056238528879e-01
-7.784555590085022736e-01
-7.903430663427174485e-01
-7.896943964437368457e-01
-7.785698555745026450e-01
-7.911306561128859105e-01
-7.884105300459629539e-01
-7.911022860727110473e-01
-7.864868068281423152e-01
-7.842572643694269985e-01
-7.894759769205198507e-01
-7.911173735055762046e-01
-7.910650122547141505e-01
-7.905710431112514813e-01
-7.843126096218860921e-01
-7.906850479205107529e-01
-7.696217268247561583e-01
-7.902093198043390609e-01
-7.897949261628550710e-01
-7.908009881962043686e-01
-7.893496002922443244e-01
-7.878332040785870349e-01
-7.910001270349361624e-01
-7.847936434137506856e-01
-7.909469089977525513e-01
-7.819531851756854612e-01
-7.909319714007789770e-01
-7.801128259467714487e-01
-7.748062739733642124e-01
-7.740036079683330072e-01
-7.737452441222386623e-01
-7.904640442823462898e-01
-7.579155705795938003e-01
-7.903239572620943676e-01
-7.909251450792773586e-01
-7.866470802641590820e-01
-7.698993648283238844e-01
-7.899472166422839559e-01
-7.864846558378701946e-01
-7.707309451150909929e-01
-7.906778622422813152e-01
-7.895640905256222641e-01
-7.897601635358117989e-01
-7.735222087987483341e-01
-7.863599940011872791e-01
-7.882593286626551343e-01
-7.910216820825789474e-01
-7.819361489123951570e-01
-7.755688666236474349e-01
-7.892944311446195016e-01
-7.674494035210033260e-01
-7.898868038589035301e-01
-7.825264125453775810e-01
-7.859330934447653627e-01
-7.761688957757535423e-01
-7.902563846964779648e-01
-7.903980421404791512e-01
-7.905312295312870718e-01
-7.780402155457447622e-01
-7.888481662617867762e-01
-7.690274974319655232e-01
-7.877293678371558583e-01
-7.903430505717224941e-01
-7.905660273032806273e-01
-7.831328057613707871e-01
-7.847624579948607737e-01
-7.855569385084897327e-01
-7.689523228574778324e-01
-7.540822593385637651e-01
-7.753889750904039424e-01
-7.774085807710838791e-01
-7.809292098157551987e-01
-7.910699950367137134e-01
-7.911006838300025379e-01
-7.911147871216402949e-01
-7.908373304759449551e-01
-7.909576232361271719e-01
-7.909554844478535740e-01
-7.876336639351907420e-01
-7.745749682414926340e-01
-7.907108493337382527e-01
-7.344028609290672582e-01
-7.890297851316141475e-01
-7.857553788567905872e-01
-7.903697028902847421e-01
-7.908957212869403008e-01
-7.868854528353158573e-01
-7.856721419787611183e-01
-7.910039223528743113e-01
-7.696158749724684167e-01
-7.801602539636147693e-01
-7.878396737593940102e-01
-7.910129479306118316e-01
-7.868541209065256226e-01
-7.910601272026450692e-01
-7.828122061853838298e-01
-7.601383538707442433e-01
-7.909907112675166330e-01
-7.791881907378976901e-01
-7.907419036517441269e-01
-7.901314890269910407e-01
-7.883863864693996248e-01
-7.870194735344554493e-01
-7.910001359449359004e-01
-7.867284319776770563e-01
