-8.086264259043121072e-01
-8.057272084849858018e-01
-7.970998235839390489e-01
-8.083722605231189462e-01
-8.038839667431050273e-01
-8.001845232072257730e-01
-8.049648066378169986e-01
-7.888887268352293702e-01
-7.985123684491002294e-01
-8.065202082368516656e-01
-8.015139638307475778e-01
-8.084121760773443910e-01
-8.080689185160183641e-01
-8.024804950552963945e-01
-7.932611056464695665e-01
-8.042482077005290719e-01
-8.028468922573113176e-01
-8.088722466352367135e-01
-8.080579009699606630e-01
-8.087591281953239175e-01
-8.069439991238498422e-01
-8.051381422999286386e-01
-8.084480133700155946e-01
-7.886966201337957116e-01
-8.088742853003525468e-01
-8.087936206581973764e-01
-8.044556281390571328e-01
-8.088696873608016702e-01
-7.967064906704210969e-01
-8.082224014076375695e-01
-7.990951011749887201e-01
-7.955323126959585878e-01
-7.839187220531487199e-01
-8.085559909093165132e-01
-7.900560465502524110e-01
-8.086314466643118593e-01
-7.970768259699427816e-01
-7.985847098614060613e-01
-7.957331091026746961e-01
-8.079821062135481569e-01
-7.806435436802887651e-01
-8.082031938108586999e-01
-8.048958391743683549e-01
-7.954960623617255422e-01
-7.948163952539646360e-01
-8.075342546078347894e-01
-8.088529487001681062e-01
-8.070252439799689981e-01
-8.086349828961276742e-01
-8.072220901819848748e-01
-7.909481380927347871e-01
-8.049736018153810235e-01
-8.040492771985912057e-01
-8.002990395623230668e-01
-8.058373215469503137e-01
-7.826038771170162889e-01
-7.960388855869853231e-01
-8.073808024498605462e-01
-8.068568683090591165e-01
-7.990323700803303453e-01
-8.085374855297589036e-01
-7.973600933189475271e-01
-7.993314750353777143e-01
-8.085021232116007539e-01
-8.088891855302238199e-01
-8.086463291990542146e-01
-8.086795606511616441e-01
-7.937495806115650865e-01
-8.082712641778373452e-01
-8.075436600345158311e-01
-7.873819158273720475e-01
-8.043023238285416099e-01
-7.992787635746383401e-01
-8.066144031333708497e-01
-8.088848045888328286e-01
-8.083252706426167222e-01
-8.087947158935451242e-01
-8.002746417048358651e-01
-8.008841778944217893e-01
-7.934103966551804277e-01
-8.060631588893913957e-01
-7.936294567632460328e-01
-8.086366220238589975e-01
-8.086620871770167085e-01
-7.933552549081825944e-01
-8.073827610212349626e-01
-7.988986591669702264e-01
-8.082452271926188203e-01
-7.764461920457863542e-01
-7.920800824510836335e-01
-8.075583805191302034e-01
-8.059642710584187242e-01
-8.087260476174735757e-01
-8.066318365606450769e-01
-8.064845478954696389e-01
-7.953553912091040345e-01
-7.806785688596749040e-01
-8.028426447278791400e-01
-7.996388894832664462e-01
-8.088858644339227411e-01
-7.920528589609050485e-01
-8.058511135029577943e-01
-8.056166232424759599e-01
-7.870743428218149873e-01
-8.082151436108135911e-01
-7.912017726200604173e-01
-7.701272652345680925e-01
-7.961618769775116178e-01
-7.931892205822252961e-01
-8.039526885702246162e-01
-8.088858774724387857e-01
-8.049321039441013070e-01
-8.089216486412071916e-01
-8.069709273847722741e-01
-8.013933882909798356e-01
-7.847360898601793977e-01
-8.046685312735819551e-01
-8.086930117431068155e-01
-8.088988889801287385e-01
-8.085493673431658479e-01
-8.084227382066631051e-01
-8.075769017311715814e-01
-7.946613612445974084e-01
-7.958761323104583951e-01
-7.946496209922218057e-01
-8.083157786029362413e-01
-8.057347677974933120e-01
-8.067522565695428582e-01
-8.085476965504669877e-01
-8.066249550181412431e-01
-7.504377649026894304e-01
-8.088271957683348390e-01
-7.865771124931955072e-01
-8.048171591806196901e-01
-8.021912709671044084e-01
-8.069321052032494279e-01
-8.017625517538720104e-01
-7.997405016656005117e-01
-8.072702227952861520e-01
-7.884005312669062349e-01
-8.041418683576369020e-01
-8.026094958047353956e-01
-8.074833541038417550e-01
-7.925908551412605973e-01
-7.964848102862918111e-01
-8.077382710623526307e-01
-7.901246095868730279e-01
-7.872166023450875016e-01
-8.082383922162437173e-01
-8.062334782305144998e-01
-8.053326471569919320e-01
-8.042218689667963716e-01
-8.045037207054877015e-01
-8.072441401752614709e-01
-7.973768701638066503e-01
-8.058393080580019685e-01
-7.879838566157006952e-01
-8.024591444852733346e-01
-8.033474569535785648e-01
-8.050490743341827127e-01
-7.920510484698199960e-01
-8.029324575188541147e-01
-8.088490278321289750e-01
-8.049155813503050538e-01
-8.079136027815723153e-01
-8.033134215372585984e-01
-7.896714922833227845e-01
-8.040069916612440082e-01
-8.074125232967519494e-01
-7.973365560035192701e-01
-8.054509970686369869e-01
-8.046467788378679487e-01
-8.088272283646249505e-01
-8.085178588378214570e-01
-7.879137606221222612e-01
-8.060566424253368112e-01
-8.085743184062623712e-01
-8.077045879187965127e-01
-8.077951804595970842e-01
-8.088078345033311578e-01
-8.048372692289733621e-01
-8.011488602357887956e-01
-8.066793582263374063e-01
-8.083873228031182023e-01
-8.038932639035367700e-01
-8.037948855060124131e-01
-8.068329649838590356e-01
-8.049194724160217973e-01
-8.066273848387384149e-01
-8.000557091879629823e-01
-8.082767031016730996e-01
-8.013119911636197301e-01
-8.088032579841994973e-01
-8.054282783857518169e-01
-8.018023851188802453e-01
-8.031686940091633531e-01
-8.075950466888928148e-01
-8.077697143751167985e-01
-8.088356829109573098e-01
-8.081774753379606935e-01
-8.026427165466332170e-01
-8.020510249632382127e-01
-8.087545889290952417e-01
-7.957093636366510125e-01
-8.027899549203896257e-01
-8.086080816435599061e-01
-7.913905219036125871e-01
-8.081882218691491815e-01
-8.002100372548186513e-01
-8.077215091186547014e-01
-8.023916270910733672e-01
-8.087397110509657594e-01
-8.063228078979038926e-01
-7.995735115698510143e-01
-8.077150718170189592e-01
-8.084419588419580194e-01
-8.035870394530677530e-01
-8.077556989016914102e-01
-7.926940196054959031e-01
-8.029698631587409707e-01
-7.869097529771709176e-01
-8.068800303014898034e-01
-8.088990063267731401e-01
-8.085716492357635232e-01
-7.915983819263958665e-01
-7.951178178052389356e-01
-7.896750676306867334e-01
-8.049798630970501634e-01
-8.074708510982775422e-01
-7.992899378157192203e-01
-8.047213419201755258e-01
-8.088810969936632844e-01
-8.088286979916476938e-01
-8.088241289230966302e-01
-8.031005347008788320e-01
-7.905030608969711992e-01
-8.067168039130949708e-01
-8.085761801200890275e-01
-7.908171494352602693e-01
-8.085453961837076875e-01
-8.088408945920848581e-01
-8.022246672633075448e-01
-7.898314879137062761e-01
-8.086599535169982644e-01
-8.083563758852863046e-01
-7.852205769020104142e-01
-8.070551329153561326e-01
-8.020834564092540475e-01
-7.989847748401546212e-01
-8.081223652559303972e-01
-8.077204408916616174e-01
-8.083546715649747583e-01
-8.079793709191465112e-01
-8.077856195020460817e-01
-7.983749410930061075e-01
-7.973837223696493837e-01
-8.052264158475184175e-01
-8.083088346618199083e-01
-8.057112335088634225e-01
-8.088407176407956811e-01
-8.046183823469066354e-01
-7.847656444507622453e-01
-8.043345264020347329e-01
-8.088375539380097123e-01
-8.088775048824929925e-01
-8.081876565563463899e-01
-7.998730437691294881e-01
-8.048155815201782914e-01
-8.088968326198839875e-01
-8.049499576306873294e-01
