-1.072220942976116476e+00
-1.086077168401954340e+00
-1.075998192112283869e+00
-1.086903189310197249e+00
-1.085750925044498549e+00
-1.086915470600287037e+00
-1.057715483565743853e+00
-1.079825190966390958e+00
-1.086035174367751210e+00
-1.086879903828887661e+00
-1.086902638781616970e+00
-1.085900043880508203e+00
-1.086224489035372276e+00
-1.086680037075747673e+00
-1.086520675511999157e+00
-1.082904747112998445e+00
-1.061726991495389738e+00
-1.086923309542966898e+00
-1.083579607531908628e+00
-1.086913454177918403e+00
-1.067939145806958035e+00
-1.069830549896815031e+00
-1.086423695798069522e+00
-1.078543584107790387e+00
-1.071777801949729714e+00
-1.055579480337772047e+00
-1.083922732023764324e+00
-1.085909206842113006e+00
-1.086571895153808809e+00
-1.086407647726949532e+00
-1.074880840822445949e+00
-1.086528197596984491e+00
-1.086900474860358567e+00
-1.086893440325020332e+00
-1.057103217316485155e+00
-1.086204943091087394e+00
-1.086560184805209328e+00
-1.074204662567635138e+00
-1.081580990900338657e+00
-1.086917198642922244e+00
-1.086914723936887928e+00
-1.068107287556654184e+00
-1.086504584515947114e+00
-1.086902929921380156e+00
-1.086746913938930303e+00
-1.086673345564131976e+00
-1.086202227907287154e+00
-1.072809748046258393e+00
-1.065332639679640536e+00
-1.058599247386488917e+00
-1.085214590525134248e+00
-1.082756955181965353e+00
-1.073944079575382071e+00
-1.086629074074775936e+00
-1.072436141310917579e+00
-1.075008150831044063e+00
-1.071978041898599798e+00
-1.072852262652015609e+00
-1.085545326224940377e+00
-1.069203530230415922e+00
-1.086394907820205535e+00
-1.078951448711565675e+00
-1.086714514528995812e+00
-1.066305889420390507e+00
-1.071820174144647364e+00
-1.074999526572949282e+00
-1.086926872707112413e+00
-1.086544394235933852e+00
-1.083636506211124173e+00
-1.086938353584869565e+00
-1.083231802738836791e+00
-1.082413335350476347e+00
-1.072603523772187817e+00
-1.086020283499696815e+00
-1.076207887743506841e+00
-1.061274411277594920e+00
-1.084355084940828773e+00
-1.084306950586554352e+00
-1.070657100764635938e+00
-1.086512421814659790e+00
-1.070192160964838601e+00
-1.067106128129375220e+00
-1.076214129650473472e+00
-1.086369130553985984e+00
-1.058981213918120723e+00
-1.070978843994700780e+00
-1.086933001554201361e+00
-1.086523578411660029e+00
-1.071310551391781996e+00
-1.079876887509776395e+00
-1.048484299726794911e+00
-1.086153279003676309e+00
-1.086905793669087794e+00
-1.076091399561218687e+00
-1.086654996475939994e+00
-1.086899940807773302e+00
-1.086753739561457266e+00
-1.066157629086718517e+00
-1.068481420769575641e+00
-1.083334768687960858e+00
-1.086877491321838418e+00
-1.080069289902944929e+00
-1.086908920104574294e+00
-1.086908134111188584e+00
-1.086338040148993045e+00
-1.086547961176070887e+00
-1.083729083089643108e+00
-1.082639458460506798e+00
-1.085869752533838994e+00
-1.086055072742711625e+00
-1.067341688602787997e+00
-1.086582671148103030e+00
-1.084395233804523073e+00
-1.080820204561610431e+00
-1.081851217472874493e+00
-1.086878637004912163e+00
-1.086209733751268169e+00
-1.059941691735153402e+00
-1.086604228172786790e+00
-1.069149118382210606e+00
-1.086900507764315682e+00
-1.061612426515578411e+00
-1.078293450952106269e+00
-1.082613713096266084e+00
-1.065133215340122064e+00
-1.083768294663071785e+00
-1.086046616177512858e+00
-1.086502377189714208e+00
-1.064320936053860800e+00
-1.086884152018491312e+00
-1.082613157028697204e+00
-1.082770978275675589e+00
-1.080049102552191886e+00
-1.068369370280759734e+00
-1.063286000539726661e+00
-1.086344161382083007e+00
-1.086245187784693922e+00
-1.081823241719396034e+00
-1.086102301535724957e+00
-1.073861717253651538e+00
-1.086904206917363780e+00
-1.086894886497853152e+00
-1.085078844299389056e+00
-1.082892073597210736e+00
-1.065162132691855001e+00
-1.082846249066127031e+00
-1.086130443592051575e+00
-1.077282213366895780e+00
-1.071577991996534474e+00
-1.078549863348745363e+00
-1.086613750499106024e+00
-1.080112779901933662e+00
-1.066471526127084957e+00
-1.086599532824561454e+00
-1.086049871664907407e+00
-1.086550248020214049e+00
-1.086539494717851495e+00
-1.070825808488848230e+00
-1.086486444020538178e+00
-1.086602086992515481e+00
-1.081324270366972096e+00
-1.086582872780983422e+00
-1.086465605091309072e+00
-1.086771182066401220e+00
-1.086544721189636853e+00
-1.058276969523865851e+00
-1.084554380149427288e+00
-1.071281795169923168e+00
-1.068400137445968179e+00
-1.075104992406084259e+00
-1.086925465141218572e+00
-1.082693843339771922e+00
-1.079197801770261478e+00
-1.082681879749397558e+00
-1.079334761901075579e+00
-1.080173776602838975e+00
-1.086289399818155310e+00
-1.079377188899939943e+00
-1.072525600303932292e+00
-1.086916744067263352e+00
-1.069742140551984466e+00
-1.077063238060127714e+00
-1.062930197683059630e+00
-1.086920413565294341e+00
-1.086361860099834153e+00
-1.086625946940286358e+00
-1.072424506135291722e+00
-1.086019358818484992e+00
-1.084280603790777064e+00
-1.080143754875998008e+00
-1.086039107302586348e+00
-1.062008619561751965e+00
-1.083748539126981658e+00
-1.083912996692593111e+00
-1.086566386594226330e+00
-1.083410439182083351e+00
-1.085024899970760792e+00
-1.085874830184784923e+00
-1.070906509502916215e+00
-1.086604147548817956e+00
-1.083461152800263338e+00
-1.071942422093243197e+00
-1.086921521590428874e+00
-1.086315894075817523e+00
-1.086220190404835417e+00
-1.085889590732869614e+00
-1.086941117168641835e+00
-1.083683811693066934e+00
-1.084298177452652556e+00
-1.073084404320201912e+00
-1.077592464902250802e+00
-1.086900177999594153e+00
-1.086696430840580208e+00
-1.072494842523678438e+00
-1.086707698910504449e+00
-1.084366932568277653e+00
-1.085910977958667090e+00
-1.079158563161840334e+00
-1.082470254638711493e+00
-1.086518791137525364e+00
-1.084015568916036454e+00
-1.083728062629450983e+00
-1.086910184493550480e+00
-1.068017993018509637e+00
-1.086901865397228217e+00
-1.086915589600183196e+00
-1.070415101619385689e+00
-1.086913458223915940e+00
-1.083611756745054056e+00
-1.085922447611449737e+00
-1.068699270119227718e+00
-1.075346206439930397e+00
-1.071616431682601567e+00
-1.083646913486729035e+00
-1.080309560402565427e+00
-1.078599992536389163e+00
-1.072883074694214400e+00
-1.080203633176829880e+00
-1.083874085613925509e+00
-1.082785622367888889e+00
-1.086572140717578572e+00
-1.064505860260021031e+00
-1.084631265128591426e+00
-1.086219655587252086e+00
-1.069268790663892466e+00
-1.086316450673393996e+00
-1.079322224206161529e+00
-1.086485527986283506e+00
-1.086164693363488754e+00
-1.086894176288450087e+00
-1.086890890928044140e+00
-1.086407810036835064e+00
-1.068727914216225816e+00
-1.066515182768958736e+00
-1.072803281822438004e+00
-1.076312170173556293e+00
-1.084310708871546458e+00
-1.085907463416524221e+00
-1.086645296480712730e+00
-1.086618987621918331e+00
-1.086164512519650849e+00
-1.086927271045803334e+00
-1.083702886581719094e+00
-1.086142594479293955e+00
-1.086160801795622799e+00
-1.086494382938149261e+00
-1.086501805803197218e+00
-1.073978255763868406e+00
-1.086645440648580818e+00
-1.062161470992732504e+00
-1.086625967328298970e+00
-1.086592303355391032e+00
-1.086576205883343915e+00
-1.074859789513414432e+00
-1.084838352963889641e+00
-1.078984638985851285e+00
-1.085217176819030183e+00
-1.086599247307801441e+00
-1.086916507909480245e+00
-1.086446553824659711e+00
-1.058342460682149433e+00
-1.086008491767189499e+00
-1.086680104137683678e+00
-1.086919419793122454e+00
-1.086286557316397561e+00
-1.086396070898317801e+00
-1.086912469133705539e+00
-1.080325533130693128e+00
-1.082675915028169289e+00
-1.079043423063517304e+00
-1.079138717752853083e+00
-1.086559152216062252e+00
-1.086906215880744986e+00
-1.072358798509144062e+00
-1.056288631936015410e+00
-1.073690271948610997e+00
-1.086891859847269881e+00
-1.086248217544268480e+00
-1.083811276838485327e+00
-1.086586285878225810e+00
-1.086468881719720336e+00
-1.083535017100809350e+00
-1.086611157748200718e+00
-1.086908903330549681e+00
-1.084591743232352856e+00
-1.086926460552469109e+00
-1.078989906114575126e+00
-1.086118837656429470e+00
-1.069441656728798984e+00
-1.076281123054564803e+00
-1.083689803325255552e+00
-1.072934599734777006e+00
-1.085790582957549821e+00
-1.086573236866711589e+00
-1.086896342245667668e+00
-1.081329911401399890e+00
-1.082827551796131216e+00
-1.086579852444391703e+00
-1.086235361966603197e+00
-1.086356465050158038e+00
-1.084686066614472866e+00
-1.084722089559455149e+00
-1.086055107910683493e+00
-1.086892023305164212e+00
-1.086923632777749171e+00
-1.086316149309611401e+00
-1.086324655671764949e+00
-1.077852839624704684e+00
-1.079687638619089896e+00
-1.081829219941607523e+00
-1.082998764000368430e+00
-1.084448839478353799e+00
-1.084832187376882029e+00
-1.085689599599835464e+00
-1.082561278756422496e+00
-1.086159909261327883e+00
-1.083519234796503472e+00
-1.084746622276741235e+00
-1.086167211668447319e+00
-1.072758520124472481e+00
-1.073692569970776223e+00
-1.073691101371925471e+00
-1.086270943169000081e+00
-1.086087603877556651e+00
-1.084429787112694665e+00
-1.086549300796000761e+00
-1.080200879774046552e+00
-1.066824378231123083e+00
-1.086897895911422163e+00
-1.074716304391884147e+00
-1.085078470212639035e+00
-1.085885442844250814e+00
-1.060966396745488316e+00
-1.083087726356754432e+00
-1.082669123075677531e+00
-1.075972412223993091e+00
-1.086664178517534829e+00
-1.084623708420648702e+00
-1.084906095335412379e+00
-1.086857309353072898e+00
-1.086900958577966536e+00
-1.062916920199725279e+00
-1.080264012279204211e+00
-1.069265915652215737e+00
-1.084230415113132784e+00
-1.084268633002383408e+00
-1.057012448750549893e+00
-1.082033881371879058e+00
-1.064585644024806932e+00
-1.086063812729707534e+00
-1.081335210258161705e+00
-1.061873504729458073e+00
-1.071546175132153333e+00
-1.070473049444744973e+00
-1.086909016050503718e+00
-1.086330805604789784e+00
-1.080674988222457999e+00
-1.086397070783482688e+00
-1.084446361286342420e+00
-1.084130630721480637e+00
-1.083206086265524837e+00
-1.084455921547655244e+00
-1.086422835804730092e+00
-1.075282457194235652e+00
-1.084242810850192029e+00
-1.075701102493365591e+00
-1.076975474328743632e+00
-1.083867945153849099e+00
-1.081923581571643700e+00
-1.086349313962940322e+00
-1.086026001944112140e+00
-1.084663567126548989e+00
-1.071857961247190572e+00
-1.082856233058065554e+00
-1.086408315994412899e+00
-1.083965922003031768e+00
-1.081541891413799528e+00
-1.086183002872776804e+00
-1.086382244118426321e+00
-1.086924082030367167e+00
-1.085718945090227150e+00
-1.086289333929182588e+00
-1.077676070479955284e+00
-1.085885795806923237e+00
-1.082453765352967556e+00
-1.083458621055257698e+00
-1.083366470144435434e+00
-1.086893365220088281e+00
-1.086126989649832897e+00
-1.064408573837326344e+00
-1.086913212616092528e+00
-1.086927243108820385e+00
-1.085656503881488266e+00
-1.068666916979287507e+00
-1.086537707437315925e+00
-1.086926052576779878e+00
-1.086384118520924202e+00
-1.086507232493827413e+00
-1.082785434396062785e+00
-1.059949775877634837e+00
-1.083376524488347314e+00
-1.085721955160791952e+00
-1.086911298932663916e+00
-1.080449483365964358e+00
-1.086609757996338077e+00
-1.082184376473774856e+00
-1.083040584551723251e+00
-1.063697312241721926e+00
-1.084938200836572442e+00
-1.083820200913313769e+00
-1.086900543842292954e+00
-1.047088913281730038e+00
-1.056765734555104252e+00
-1.075929775333304139e+00
-1.079037792614064628e+00
-1.060801790229946473e+00
-1.086328015576059070e+00
-1.086489866804801085e+00
-1.077752285182584258e+00
-1.086559457171777821e+00
-1.059578306304591599e+00
-1.076814633356183215e+00
-1.083531435826706302e+00
-1.081069349245085354e+00
-1.075222609150449316e+00
-1.084531268814044269e+00
-1.058190494011450378e+00
-1.070155983863925409e+00
-1.086122858525177204e+00
-1.061187433850586448e+00
