-7.540287283630011661e-01
-7.864942207381961925e-01
-8.021567800463078601e-01
-7.500179541678069217e-01
-7.712570970327494724e-01
-7.888785695106623752e-01
-8.024475082204578502e-01
-8.023475912780402286e-01
-7.944238475904701335e-01
-8.021756188393471820e-01
-7.789956816852925403e-01
-8.019801342309353931e-01
-8.024807787881134136e-01
-7.593465802640555484e-01
-8.014962516174553020e-01
-7.963887184307811840e-01
-8.024302489505050762e-01
-7.890458424956439121e-01
-7.652812471062777622e-01
-8.014876285017369373e-01
-7.909138976977108104e-01
-7.951754360840557201e-01
-7.888722197533486469e-01
-7.970300541640160663e-01
-8.024377265394566638e-01
-7.705270109147666080e-01
-7.819159730718372447e-01
-7.656184715599654300e-01
-7.993943524927733524e-01
-8.023974831596849544e-01
-7.647624110252497776e-01
-7.955817236945865734e-01
-7.935190807477472408e-01
-7.927542348773120029e-01
-7.289257442028163059e-01
-7.852878078267810924e-01
-7.507974972397921665e-01
-8.020624147177575214e-01
-7.888461497061787231e-01
-7.755454081491468532e-01
-7.988932581067917926e-01
-8.024451221720216854e-01
-8.016765640498040302e-01
-8.004928716839192493e-01
-7.894172911913035495e-01
-7.837808319748280628e-01
-7.836791874290345294e-01
-7.856304730669496639e-01
-8.012530153066752536e-01
-8.001205214680073841e-01
-8.023824832782981975e-01
-8.024292477787373645e-01
-7.622681540817854984e-01
-8.008088508070347888e-01
-7.884986578867672069e-01
-7.871797002301452739e-01
-8.023910076738236530e-01
-7.968045241580246074e-01
-7.827645243526337726e-01
-8.019961269021866901e-01
-7.746370370880601985e-01
-7.961045933336852176e-01
-8.024111773268221004e-01
-8.021527017847536190e-01
-7.849679925859807117e-01
-7.988402015910385234e-01
-7.935187268451688869e-01
-7.759211660743592365e-01
-7.695764956445334537e-01
-7.985782270700572116e-01
-8.019409367264149768e-01
-7.918349105314252956e-01
-7.991154660851595981e-01
-7.975586775139806850e-01
-7.832124523267982585e-01
-7.981535365254519565e-01
-7.870874396906135662e-01
-7.694804129571555240e-01
-7.821297795892594440e-01
-8.021394369573233707e-01
-7.812984615013836009e-01
-8.024191717998025997e-01
-7.964675297410128696e-01
-7.542990615040896518e-01
-8.023636407599685771e-01
-7.944752351761696918e-01
-7.762895013586519344e-01
-7.735401840330002887e-01
-7.992623160974023921e-01
-7.905519252092478855e-01
-8.020163254261849506e-01
-7.984381356657384021e-01
-7.498611902267573459e-01
-7.988373508126376255e-01
-7.956543957264063938e-01
-8.015875873536704166e-01
-8.018882573963044269e-01
-7.970835288436053379e-01
-8.023865643338201625e-01
-8.017787832216261013e-01
-8.016063246325491054e-01
-7.943132763177989109e-01
-8.024386513427732570e-01
-7.929435038388608081e-01
-7.773943954528210742e-01
-8.014904867307184322e-01
-7.986138715789554698e-01
-8.020603583575127704e-01
-7.892721026585338695e-01
-7.953463486776588542e-01
-8.023523773447511775e-01
-8.023693860889313800e-01
-7.959912402004836185e-01
-7.569432986349700077e-01
-7.992833434984920604e-01
-7.877730435141263587e-01
-7.917812616945145709e-01
-8.013851420403359516e-01
-7.976307833016751392e-01
-7.864470846400497539e-01
-7.989483011335967166e-01
-7.597628628284571750e-01
-7.848712570414779766e-01
-7.644933407575724704e-01
-7.880425482437847240e-01
-7.943371489093540294e-01
-7.934273575813410861e-01
-7.752678498075245006e-01
-7.669941299975751026e-01
-8.017707459078071697e-01
-7.939593951598642452e-01
-7.679613997609255893e-01
-8.019774250135658367e-01
-8.024399486751196964e-01
-7.880793708757398708e-01
-7.790930803314684017e-01
-8.008559775919554813e-01
-7.830642230258224590e-01
-7.643662655175564868e-01
-7.916156334251998050e-01
-7.784762076483009441e-01
-8.011667021931050403e-01
-7.682054453910229785e-01
-8.013288147197006328e-01
-7.985493970484374149e-01
-7.993998277381895168e-01
-7.489492540628550632e-01
-7.739052401305077655e-01
-7.915650905490754230e-01
-8.017718159974454029e-01
-8.017681074709532840e-01
-8.011907088951109035e-01
-8.015708011955855472e-01
-8.011152978435991390e-01
-7.792930324942706211e-01
-7.778428701133368595e-01
-7.966425103516219242e-01
-7.721609530419943912e-01
-7.849086710632680042e-01
-8.013540023387311084e-01
-8.024364599407551868e-01
-7.820060533852217777e-01
-7.444802542597888095e-01
-8.024344594598649127e-01
-7.854384129316447360e-01
-7.927224311427114589e-01
-7.926487979859946353e-01
-7.571515460879443271e-01
-8.012012170077202899e-01
-7.662147825033305271e-01
-7.891006731809018238e-01
-7.963861163155077083e-01
-7.993893429086444957e-01
-8.012751183853386028e-01
-8.017402748958109004e-01
-8.023932083890674694e-01
-8.018925805956957920e-01
-7.975528390527604206e-01
-8.020185969219444377e-01
-7.554803324312804325e-01
-8.023559890136955364e-01
-7.838228057519434078e-01
-8.024330550254223926e-01
-7.984971889675496204e-01
-8.019474950999854190e-01
-7.969326061577437503e-01
-7.752800072924135311e-01
-8.023609613449214084e-01
-7.986388077408907993e-01
-7.962677340404031856e-01
-7.882708656982420070e-01
-7.414645013780234439e-01
-7.994406578511832340e-01
-7.946426599667308910e-01
-7.797406969041464908e-01
-7.378670183391211612e-01
-7.781135254920361621e-01
-7.978189700663922412e-01
-8.024303905115364177e-01
-7.790892963678477390e-01
-8.009713367939828021e-01
-7.910947549537656887e-01
-7.337725629479525669e-01
-8.023699337066052539e-01
-8.023968265772698505e-01
-8.009376452685235126e-01
-7.834361448333500011e-01
-8.024290820033190830e-01
-8.023068542973039730e-01
-7.702773959756730182e-01
-7.991150386080978496e-01
-8.021583828524587734e-01
-7.902180134699581249e-01
-7.671195605219243152e-01
-7.655734849543212039e-01
-7.846165347293851955e-01
-7.313510422975657566e-01
-7.623986472756503208e-01
-7.996710121081112010e-01
-7.826093865007994754e-01
-8.009071621493337734e-01
-7.991335970730422122e-01
-7.468580698043940647e-01
-7.965506391049264057e-01
-7.691920903892157657e-01
-7.896966833070753200e-01
-7.944111331746814830e-01
-8.016089509622095211e-01
-7.687238251239894016e-01
-7.662636471361754520e-01
-8.023474553049443347e-01
-7.967255955011485202e-01
-7.831618591592548473e-01
-7.999498361171124561e-01
-7.378609274894831760e-01
-7.994824267373321636e-01
-7.985878643960593326e-01
-7.864975902632711513e-01
-7.834316120863793476e-01
-7.820845331446169002e-01
-7.983547627375362499e-01
-7.778986880005238636e-01
-7.898497154385684116e-01
-8.011581098110316379e-01
-8.024791256905434711e-01
-7.615238801957009418e-01
-7.988155951172946079e-01
-7.732102872253296955e-01
-8.014218771279690845e-01
-8.019992608026502712e-01
-7.919371604368923290e-01
-8.020049027548072917e-01
-7.998632072851894481e-01
-8.019032777667878253e-01
-7.547336613208888156e-01
-7.557761093051074130e-01
-7.927924945399997814e-01
-8.014932294757006748e-01
-7.610548847735760791e-01
-7.892463785977004154e-01
-8.014676749155758007e-01
-7.836792488963244541e-01
-8.024310303301451786e-01
-7.922627610535262210e-01
-7.970121820838091953e-01
-8.012302146674035175e-01
-8.005925017789838893e-01
-8.013412041039107425e-01
-7.899979903743503673e-01
-7.929939712778566463e-01
-7.512918432623980625e-01
-8.024203806565044506e-01
-8.011911047072051151e-01
-7.724924144715903385e-01
-7.649825458795664890e-01
-8.012942747593758686e-01
-8.018341587305901630e-01
-7.861623215869901760e-01
-7.960872195110557659e-01
-8.016313278497098072e-01
-7.971649180547235591e-01
-8.019684088797209842e-01
-7.646501140118477924e-01
-7.930867365942237956e-01
-8.014436402738926990e-01
-7.969720690891979320e-01
-7.925590473608015163e-01
-8.009295353115437610e-01
-8.019605894953845127e-01
-7.963152007580636127e-01
-8.013299937740800960e-01
-7.608914786399243457e-01
-7.910912215159175975e-01
-8.024206609845994098e-01
-8.012245829597948177e-01
-8.021638115317462070e-01
-7.965726173863647563e-01
-7.993014577225683315e-01
-7.968388256997702701e-01
-8.023741116196749790e-01
-7.811505013526318653e-01
-8.019839787305234058e-01
-8.017219790638325794e-01
-7.579126787752745731e-01
-8.019074659244058711e-01
-8.019299042791960819e-01
-7.684028000951645954e-01
-7.955019978255866153e-01
-7.658674960405467136e-01
-8.020158998117683513e-01
-7.969462621406553371e-01
-7.982180958063243015e-01
-8.018557058096764667e-01
-7.962739850775240047e-01
-7.513077167243598087e-01
-8.018821274311183078e-01
-7.860145840243337734e-01
-7.645773814440606220e-01
-7.934639511079428775e-01
-8.015864306510327442e-01
-8.023803300605056865e-01
-8.020819026426313503e-01
-7.981908546210167987e-01
-8.013650301293371303e-01
-7.827051562637923343e-01
-8.024377488911984546e-01
-8.023319655478833301e-01
-8.023119253487227542e-01
-7.725105603606341464e-01
-7.992972788781760318e-01
-8.014424994037387950e-01
-7.970666346521018131e-01
-7.580557448238967044e-01
-7.871010640085576160e-01
-7.906659786970255954e-01
-7.971980582372186763e-01
-7.976816251323459728e-01
-7.652487290472624881e-01
-7.579714862079260929e-01
-7.842876195357082469e-01
-7.948219665706990344e-01
-7.672507447571395023e-01
-8.024188402489660366e-01
-7.878814573780534847e-01
-7.883159445048211200e-01
-8.022688712374208553e-01
-7.393841316372988803e-01
-8.019142236010072811e-01
-8.018004318148730380e-01
-7.841690724165080173e-01
-7.988952921152947528e-01
-8.024226093114255054e-01
-8.017371884927986248e-01
-7.957207552538154705e-01
-8.013264985204575641e-01
-8.024117156312702281e-01
-7.962641130582330806e-01
-8.023530022621987445e-01
-7.970718155995843990e-01
-7.983556400434015377e-01
