-7.540728924010731138e-01
-7.865443368778234356e-01
-8.021625331296666772e-01
-7.500398673677590722e-01
-7.713426009248227633e-01
-7.889029751186552586e-01
-8.024506421568063930e-01
-8.023503556635183109e-01
-7.944436020526797204e-01
-8.021821293589067592e-01
-7.789841743460668155e-01
-8.019880623620836424e-01
-8.024846492904436079e-01
-7.593436236613088086e-01
-8.014942484474989470e-01
-7.964065523239428623e-01
-8.024336966994404241e-01
-7.890503776060187047e-01
-7.652586742730169700e-01
-8.014929940384997176e-01
-7.909052926962266694e-01
-7.951831071695486530e-01
-7.888778999588298424e-01
-7.970535779672353049e-01
-8.024414623531921364e-01
-7.705508129290400410e-01
-7.819035806795968657e-01
-7.656021492235947079e-01
-7.994055381054334664e-01
-8.024003000623228798e-01
-7.647733635115928630e-01
-7.955976827129103146e-01
-7.935325463478761776e-01
-7.927716960391931744e-01
-7.288661478948585959e-01
-7.852888375892238537e-01
-7.508073368551072546e-01
-8.020642942517328677e-01
-7.888593567767518966e-01
-7.755648713788337867e-01
-7.989060275954343870e-01
-8.024480855558705494e-01
-8.016802631237981425e-01
-8.004959842828742733e-01
-7.893866558453951354e-01
-7.838389666440406245e-01
-7.837196084240983796e-01
-7.856272776368484756e-01
-8.012558982843125399e-01
-8.001260477935946414e-01
-8.023848874847241408e-01
-8.024323791395142624e-01
-7.622876683450178215e-01
-8.008176065530405729e-01
-7.884861322151116569e-01
-7.870975644756023071e-01
-8.023942025032333447e-01
-7.968261681402512009e-01
-7.827663749082353073e-01
-8.020001920483251778e-01
-7.746224620592657706e-01
-7.961087421626192873e-01
-8.024150776154296283e-01
-8.021543484252610101e-01
-7.849989717304971526e-01
-7.988563332014301244e-01
-7.935308844742240408e-01
-7.759382164183834529e-01
-7.696041864758617068e-01
-7.985730628443982182e-01
-8.019473873818210308e-01
-7.918281409395482306e-01
-7.991234213034723588e-01
-7.975666643833179137e-01
-7.831743298729223479e-01
-7.981728195755020128e-01
-7.870965795913893448e-01
-7.694974933297129560e-01
-7.821537117182917331e-01
-8.021433654401012303e-01
-7.813121840345397251e-01
-8.024217105810995676e-01
-7.964774809648693665e-01
-7.543017702038762318e-01
-8.023664388765756605e-01
-7.944792604209930387e-01
-7.763373026712006020e-01
-7.735299342095026676e-01
-7.992680725280635334e-01
-7.905606489995988806e-01
-8.020228353951022182e-01
-7.984450396584200638e-01
-7.499328340788947722e-01
-7.988531559749827426e-01
-7.956769754700964148e-01
-8.015890032262412701e-01
-8.018957274493905274e-01
-7.970803296897083223e-01
-8.023885157398040757e-01
-8.017867413530970211e-01
-8.016186918633502190e-01
-7.943136092862993491e-01
-8.024420653677171167e-01
-7.929959362767365905e-01
-7.773983278283140841e-01
-8.014947226211045495e-01
-7.986325205285411677e-01
-8.020654310848190915e-01
-7.892636841883604593e-01
-7.953701868629881044e-01
-8.023550335967530867e-01
-8.023715085254953250e-01
-7.959883018265527799e-01
-7.569921699687027772e-01
-7.992803922571485309e-01
-7.877763264783513852e-01
-7.917819597337062421e-01
-8.013924134334495797e-01
-7.976433400406118812e-01
-7.864485805508922844e-01
-7.989649199890430653e-01
-7.597843149116582095e-01
-7.848546393346588212e-01
-7.645300653703820393e-01
-7.880926733147639585e-01
-7.943722427291117771e-01
-7.934273137235755557e-01
-7.752852242618895051e-01
-7.670289654793366330e-01
-8.017782451769346341e-01
-7.939878885844320333e-01
-7.679327604749746072e-01
-8.019797812077467114e-01
-8.024439330692054728e-01
-7.880831707984028434e-01
-7.790660690001574018e-01
-8.008640368276715993e-01
-7.830709773131030449e-01
-7.643524546143316556e-01
-7.916229184367057359e-01
-7.784825356807734131e-01
-8.011728891141141062e-01
-7.682318408592800907e-01
-8.013311648267450460e-01
-7.985462792889540529e-01
-7.993919823273466507e-01
-7.489136094761347229e-01
-7.739515988891615406e-01
-7.915884896924161307e-01
-8.017760020147493005e-01
-8.017761860446014355e-01
-8.011927005551643388e-01
-8.015747804286875722e-01
-8.011196145579909667e-01
-7.793485623378088034e-01
-7.779246872197105311e-01
-7.966505645865742391e-01
-7.721475339540346816e-01
-7.848987639941429340e-01
-8.013547803437341965e-01
-8.024391467380597165e-01
-7.819896019453628222e-01
-7.444250472224249737e-01
-8.024384748315974702e-01
-7.854427362323659345e-01
-7.927354003934007354e-01
-7.926512003421718466e-01
-7.571207642932187287e-01
-8.012093714407487743e-01
-7.662223953894432560e-01
-7.891013867909664192e-01
-7.963779838979373471e-01
-7.993908791652333257e-01
-8.012751615628026514e-01
-8.017422901488694409e-01
-8.023973725896840214e-01
-8.019002671537385218e-01
-7.975518915702095590e-01
-8.020282817497166317e-01
-7.554536143139000126e-01
-8.023580107693579766e-01
-7.838457055736167689e-01
-8.024362992693562235e-01
-7.985139936399321403e-01
-8.019485772948654612e-01
-7.969431884310810288e-01
-7.753021470272672966e-01
-8.023631933161800012e-01
-7.986393198920729297e-01
-7.962895528291045188e-01
-7.882728483327589020e-01
-7.415857742534142094e-01
-7.994506116251686167e-01
-7.946609214197890569e-01
-7.797574206877784242e-01
-7.378262523169812903e-01
-7.781028141713559609e-01
-7.978315227151608902e-01
-8.024339189092666302e-01
-7.791102562595999537e-01
-8.009766578890356037e-01
-7.911095593348478339e-01
-7.337062384146706417e-01
-8.023728726653968080e-01
-8.024000652955114443e-01
-8.009496250407969198e-01
-7.834652770907759578e-01
-8.024321300077142949e-01
-8.023086512040807916e-01
-7.702919187613886942e-01
-7.991164558680895480e-01
-8.021655112082695105e-01
-7.902167852383310542e-01
-7.671511214050197314e-01
-7.656010363345003844e-01
-7.845973365317275849e-01
-7.312435566175773394e-01
-7.623814794375208814e-01
-7.996782467599712341e-01
-7.826153436517856443e-01
-8.009132116200969875e-01
-7.991491723217527543e-01
-7.468854552193516794e-01
-7.965650692093778629e-01
-7.692078117198557496e-01
-7.897059816384134345e-01
-7.944232151110875995e-01
-8.016139353461699812e-01
-7.687496181735904432e-01
-7.662223777594568963e-01
-8.023493985902951930e-01
-7.967391253443016907e-01
-7.831583858327638703e-01
-7.999546564645201308e-01
-7.378551272897483360e-01
-7.995011507044924581e-01
-7.985926368556385269e-01
-7.864852694723650783e-01
-7.833418562021123854e-01
-7.820585231279075789e-01
-7.983645283142180027e-01
-7.779388282593412418e-01
-7.898718272139365615e-01
-8.011716841870863970e-01
-8.024820880555082470e-01
-7.615295213771593463e-01
-7.988179611682993952e-01
-7.731968705105533024e-01
-8.014292412868052606e-01
-8.020041193791567213e-01
-7.919507469588755733e-01
-8.020060014506498192e-01
-7.998710861477686951e-01
-8.019047923170969927e-01
-7.547291218109574151e-01
-7.558681686642758635e-01
-7.928056353798746958e-01
-8.014930475464601134e-01
-7.610482119834971471e-01
-7.892564245592047500e-01
-8.014745282193573850e-01
-7.836289511510643457e-01
-8.024344459728455226e-01
-7.922621863182381929e-01
-7.970197196104831239e-01
-8.012388179720550951e-01
-8.005940670909322820e-01
-8.013503948022661083e-01
-7.900742293440468078e-01
-7.930113454413314500e-01
-7.512855022542938022e-01
-8.024242359850564110e-01
-8.011926180862443125e-01
-7.725177900520575625e-01
-7.649636981014119597e-01
-8.013086049488908902e-01
-8.018370838305910464e-01
-7.861895156113809513e-01
-7.960948328668127072e-01
-8.016380831777440985e-01
-7.971745003079203640e-01
-8.019714096134857861e-01
-7.646624900048208939e-01
-7.931063495248763529e-01
-8.014473865542011133e-01
-7.969783897727485966e-01
-7.925799964924770125e-01
-8.009396751748059096e-01
-8.019633594419682820e-01
-7.963278345923012758e-01
-8.013369905220432132e-01
-7.608483518613496921e-01
-7.911572370244693841e-01
-8.024240440382155448e-01
-8.012373618582258050e-01
-8.021710546568080469e-01
-7.965837062623747356e-01
-7.993027029701912367e-01
-7.968280471667440468e-01
-8.023768378172082549e-01
-7.811394143395857803e-01
-8.019895951678549517e-01
-8.017258809650872342e-01
-7.579127673248388097e-01
-8.019135205320720994e-01
-8.019317091784364804e-01
-7.684593599371809525e-01
-7.955084631707148857e-01
-7.658459450734006468e-01
-8.020198818084756098e-01
-7.969643859600122893e-01
-7.982271057418157678e-01
-8.018580365777183694e-01
-7.962717778704065941e-01
-7.512983463609662627e-01
-8.018894831304174131e-01
-7.860245142681642205e-01
-7.645385753495363979e-01
-7.934858538144632378e-01
-8.015959491556501337e-01
-8.023826839165061342e-01
-8.020839143359482781e-01
-7.981997585878229939e-01
-8.013736911105187044e-01
-7.827229163582123395e-01
-8.024416268830670829e-01
-8.023345348552451961e-01
-8.023167134015954938e-01
-7.725178151480373012e-01
-7.993129428499492484e-01
-8.014425441850959730e-01
-7.970727535128107055e-01
-7.580542990849303830e-01
-7.870971759679158408e-01
-7.906971370177491298e-01
-7.972010528645580019e-01
-7.976826373659920977e-01
-7.652495591033590117e-01
-7.579447832480619152e-01
-7.842687051722014857e-01
-7.948389543855213235e-01
-7.672147403698242885e-01
-8.024222843176351816e-01
-7.878796222932218374e-01
-7.883295624081180231e-01
-8.022703334209152493e-01
-7.393607163400851556e-01
-8.019199400199106265e-01
-8.018062793103762909e-01
-7.841819699919958531e-01
-7.988986772713411177e-01
-8.024264382102928028e-01
-8.017495745750087277e-01
-7.957343778999028672e-01
-8.013290477494425801e-01
-8.024144083039668196e-01
-7.962738535917393001e-01
-8.023570668191237765e-01
-7.970854596735768016e-01
-7.983654627384690894e-01
