-5.890773234346735610e-01
-5.906645317951071394e-01
-5.905803774872648848e-01
-5.889884715357649458e-01
-5.875161157378780974e-01
-5.877776394987332953e-01
-5.906745304742682112e-01
-5.836305112967121733e-01
-5.911041765862929953e-01
-5.814392620155441893e-01
-5.908491720834601058e-01
-5.802625210413563384e-01
-5.849090057814347876e-01
-5.906181258538591994e-01
-5.891985387930500639e-01
-5.910463293472159041e-01
-5.883836855569708479e-01
-5.849437897482741011e-01
-5.910160185227024687e-01
-5.908646935054886473e-01
-5.894443986395228041e-01
-5.875896324792730940e-01
-5.873474532196152342e-01
-5.903784080797660483e-01
-5.908121529424417151e-01
-5.908803639391291274e-01
-5.760964618453610075e-01
-5.853324697742092741e-01
-5.851110496947395934e-01
-5.903798693248856200e-01
-5.907987037131416930e-01
-5.910754378342855109e-01
-5.805092572623717917e-01
-5.881484176421392096e-01
-5.887974004650342597e-01
-5.905895323881733550e-01
-5.841987298259365691e-01
-5.840263671630847586e-01
-5.901415410840737952e-01
-5.799460734629857672e-01
-5.910490357706177367e-01
-5.842250219935405386e-01
-5.883798615464794768e-01
-5.883976218679773940e-01
-5.853124183991778029e-01
-5.909216196665394438e-01
-5.871501776778924597e-01
-5.903904975781071318e-01
-5.814677558297145499e-01
-5.909757527911889685e-01
-5.834839844534027709e-01
-5.839842052588093413e-01
-5.909892336854565276e-01
-5.871989501098024977e-01
-5.905876874381530417e-01
-5.910224185714352263e-01
-5.841239967772591246e-01
-5.905725478583800925e-01
-5.801202373036968840e-01
-5.911370662430155409e-01
-5.874147729405987395e-01
-5.847688706049549712e-01
-5.911288147250044478e-01
-5.902921666780340804e-01
-5.910578619146573676e-01
-5.901532617786753310e-01
-5.845244589650857581e-01
-5.899219585040438307e-01
-5.892002887481677664e-01
-5.785035022923576964e-01
-5.904390399733412398e-01
-5.893258319625485075e-01
-5.910995758527743948e-01
-5.831346546688902510e-01
-5.870755871215689314e-01
-5.903925539383518828e-01
-5.904789955744373930e-01
-5.904110481420385970e-01
-5.907728949019539488e-01
-5.800888759473192824e-01
-5.818289180675375594e-01
-5.911388245800364150e-01
-5.906441777402389182e-01
-5.807648019322979582e-01
-5.823154642635810507e-01
-5.892739256301748885e-01
-5.833679146522510184e-01
-5.908546622300374640e-01
-5.889226586947071684e-01
-5.910127831080782546e-01
-5.908244296366202963e-01
-5.765820199081528319e-01
-5.872290765324461592e-01
-5.909184857660758627e-01
-5.838427280464995039e-01
-5.907940508255589140e-01
-5.816429925540316237e-01
-5.795958328449952734e-01
-5.885492840239632262e-01
-5.863265634903538359e-01
-5.822867702150571478e-01
-5.835593824663984908e-01
-5.887514499405253066e-01
-5.811034047433960570e-01
-5.890256424823629988e-01
-5.910651532390940321e-01
-5.886063275316584242e-01
-5.878991510176885260e-01
-5.842194703796732558e-01
-5.910309560054767264e-01
-5.909286679157841338e-01
-5.901861132511723174e-01
-5.788590114021527899e-01
-5.803754494914639128e-01
-5.910267501527297629e-01
-5.742817267233359946e-01
-5.887975168803560866e-01
-5.907179524579870833e-01
-5.911115051636326445e-01
-5.906220020184147490e-01
-5.905335319617617262e-01
-5.838000045547115935e-01
-5.796732033992040289e-01
-5.874927125329005850e-01
-5.830588859895098341e-01
-5.893119571188318861e-01
-5.907812972942221297e-01
-5.775965272838103903e-01
-5.910454948821890486e-01
-5.775053033063042296e-01
-5.904322301426756514e-01
-5.887930912354815138e-01
-5.803053013438213004e-01
-5.790691224315989150e-01
-5.905188170650828017e-01
-5.860598811337578429e-01
-5.870370340922701491e-01
-5.911292580345499648e-01
-5.907108315655815733e-01
-5.769733411649096144e-01
-5.894191150942671431e-01
-5.881457475403177870e-01
-5.904672776738035811e-01
-5.908947528729069365e-01
-5.871269607374298705e-01
-5.907005721160996092e-01
-5.774969754198420180e-01
-5.907202835583913458e-01
-5.910132049972045554e-01
-5.909495220908749236e-01
-5.896212158182490004e-01
-5.910955227369296683e-01
-5.817896590957272185e-01
-5.780985520610439909e-01
-5.904668827930319441e-01
-5.910604370215761794e-01
-5.894299854913580550e-01
-5.778829546103108061e-01
-5.900141352245438231e-01
-5.807046645710098876e-01
-5.904134397784102095e-01
-5.827477469498145712e-01
-5.804953395778167380e-01
-5.807483119347918166e-01
-5.907165051827061308e-01
-5.907084110582101477e-01
-5.911514123359549178e-01
-5.837329009005653990e-01
-5.875771229544508589e-01
-5.880276455933082236e-01
-5.872470566460716856e-01
-5.901886688003170622e-01
-5.844302445107925070e-01
-5.886490268090593947e-01
-5.909862739423143996e-01
-5.906805486807453764e-01
-5.884972286799776686e-01
-5.876470801809656752e-01
-5.786299945244419707e-01
-5.769364309886324538e-01
