-5.890764407543092052e-01
-5.906635962459814149e-01
-5.905785839014020544e-01
-5.889866278345867734e-01
-5.875153694596236820e-01
-5.877772200588697871e-01
-5.906722152110487345e-01
-5.836304232991372798e-01
-5.911027309995774415e-01
-5.814368558374506391e-01
-5.908475821339204126e-01
-5.802614958653689037e-01
-5.849068185409164178e-01
-5.906173459032074691e-01
-5.891981603643290377e-01
-5.910455294376104618e-01
-5.883840164545344198e-01
-5.849383694955224700e-01
-5.910147627013706551e-01
-5.908640420316689790e-01
-5.894412935816834009e-01
-5.875857117910135985e-01
-5.873445043521070552e-01
-5.903781047867393550e-01
-5.908107220245796265e-01
-5.908785462379971820e-01
-5.760904078771609260e-01
-5.853314630951587105e-01
-5.851073008175768919e-01
-5.903785070374197863e-01
-5.907971956464820318e-01
-5.910744386943638240e-01
-5.805071710566370724e-01
-5.881446659881569561e-01
-5.887979386984442121e-01
-5.905894164816823944e-01
-5.841996498960330131e-01
-5.840258470868984197e-01
-5.901414450822026758e-01
-5.799379356637409666e-01
-5.910483069413871027e-01
-5.842248623127235252e-01
-5.883790509165405247e-01
-5.883975286456627485e-01
-5.853126658913013758e-01
-5.909197567198395395e-01
-5.871469829070881108e-01
-5.903889643570209289e-01
-5.814611582098989651e-01
-5.909740659691385956e-01
-5.834786783392506004e-01
-5.839854087304492403e-01
-5.909877595771144687e-01
-5.871966084881390380e-01
-5.905870721695710701e-01
-5.910214517420050440e-01
-5.841216036288395808e-01
-5.905706143548193898e-01
-5.801218127357570253e-01
-5.911353599693427441e-01
-5.874134477646456576e-01
-5.847674348630752528e-01
-5.911275257396320093e-01
-5.902901916104894564e-01
-5.910567754225769521e-01
-5.901528205570553132e-01
-5.845205159968120956e-01
-5.899198100015882185e-01
-5.891970187322552732e-01
-5.784976779998446395e-01
-5.904364888877726703e-01
-5.893232931176344280e-01
-5.910982133652231685e-01
-5.831301944617059974e-01
-5.870749437130455828e-01
-5.903900079251811484e-01
-5.904764341726103094e-01
-5.904100777560119528e-01
-5.907712941733143097e-01
-5.800916430100604426e-01
-5.818236810561434602e-01
-5.911374216386666713e-01
-5.906437866519287372e-01
-5.807664764039541794e-01
-5.823098784718558907e-01
-5.892738249204505507e-01
-5.833689137765860622e-01
-5.908543819504655792e-01
-5.889228801238906019e-01
-5.910121470134821475e-01
-5.908232187915257727e-01
-5.765765326939382707e-01
-5.872260036094745228e-01
-5.909179779952832279e-01
-5.838419968928448833e-01
-5.907915930689836559e-01
-5.816436837559986195e-01
-5.795956685592117408e-01
-5.885492892685419974e-01
-5.863226805124566177e-01
-5.822827562777007637e-01
-5.835609772810179674e-01
-5.887490656687709434e-01
-5.810999643085693611e-01
-5.890259400849336968e-01
-5.910643833444378936e-01
-5.886065208114660274e-01
-5.878957947014684660e-01
-5.842206188191501059e-01
-5.910300183801041607e-01
-5.909264374124560959e-01
-5.901839226950319484e-01
-5.788543578897892283e-01
-5.803777696877726600e-01
-5.910245700984851913e-01
-5.742813095440802984e-01
-5.887950329727582588e-01
-5.907167926501971644e-01
-5.911100645256865960e-01
-5.906194294655293664e-01
-5.905308650318260577e-01
-5.837969582940969460e-01
-5.796704654770149512e-01
-5.874940396497824180e-01
-5.830573196433339600e-01
-5.893107168587551348e-01
-5.907807469077129836e-01
-5.775971206385756007e-01
-5.910445176924453703e-01
-5.774963484796856727e-01
-5.904312187280180702e-01
-5.887914156056711645e-01
-5.803067766219169865e-01
-5.790684750664759628e-01
-5.905170713149111572e-01
-5.860623955229230519e-01
-5.870330283987855724e-01
-5.911278833963450330e-01
-5.907085320608262968e-01
-5.769714444551252708e-01
-5.894192170984386969e-01
-5.881460722810433195e-01
-5.904654690154508279e-01
-5.908936646038321916e-01
-5.871237494557686176e-01
-5.906997783068768104e-01
-5.774950093777694304e-01
-5.907194114760672132e-01
-5.910126747600626951e-01
-5.909477599493013766e-01
-5.896194781022648934e-01
-5.910942951063807849e-01
-5.817889835200771298e-01
-5.781015163396543421e-01
-5.904653241945658770e-01
-5.910596019053039329e-01
-5.894285843388978874e-01
-5.778821079012191886e-01
-5.900124722950059741e-01
-5.806998673225696184e-01
-5.904125260330610470e-01
-5.827437878106690450e-01
-5.804935953765768542e-01
-5.807444954476465027e-01
-5.907165277603910747e-01
-5.907080666532078528e-01
-5.911501784633913514e-01
-5.837321758332391086e-01
-5.875747391798402663e-01
-5.880246702897372613e-01
-5.872462967401458345e-01
-5.901867798357204320e-01
-5.844290658954028883e-01
-5.886474093745640568e-01
-5.909847898405038435e-01
-5.906792512753884505e-01
-5.884952767390073669e-01
-5.876449140183660491e-01
-5.786321873315828368e-01
-5.769368385739676031e-01
