-5.910065629402012632e-01
-5.911162783274264143e-01
-5.745543007621378706e-01
-5.908781279692263411e-01
-5.893710822680802153e-01
-5.908539582857699202e-01
-5.904175964066595839e-01
-5.904728107968182371e-01
-5.776992150464863585e-01
-5.906392940202565001e-01
-5.886088040539831923e-01
-5.812259822966368006e-01
-5.908009176025004194e-01
-5.907210045376629637e-01
-5.811380198107869433e-01
-5.850270422058017061e-01
-5.826717101851315306e-01
-5.908180073717446135e-01
-5.805471701429993914e-01
-5.893136066267103956e-01
-5.910300248185009764e-01
-5.874586900578648851e-01
-5.895479292491287993e-01
-5.771927953580231474e-01
-5.909359612384648131e-01
-5.844004223005683230e-01
-5.878593464264483259e-01
-5.907821235129446791e-01
-5.905564733663410948e-01
-5.834822853909642504e-01
-5.783566356519074247e-01
-5.828373538212687777e-01
-5.837327082523913191e-01
-5.889841382274241255e-01
-5.887789883533329771e-01
-5.905433081904263304e-01
-5.909081314572901533e-01
-5.907618951866240309e-01
-5.879337074117572115e-01
-5.908857648143381880e-01
-5.810517495380551622e-01
-5.752122540840716169e-01
-5.887877856263727949e-01
-5.904076349804014967e-01
-5.865566030958504484e-01
-5.910449725458235548e-01
-5.911083192447037504e-01
-5.907292914459318922e-01
-5.890704774180264280e-01
-5.819780611315579222e-01
-5.884714563259692000e-01
-5.904781435498804854e-01
-5.873466589370579527e-01
-5.873614613780588911e-01
-5.910936844417662428e-01
-5.881465644458145903e-01
-5.817835618624300764e-01
-5.888143041053623961e-01
-5.886131067642779158e-01
-5.910077736595482634e-01
-5.857410774448723600e-01
-5.832948935100645826e-01
-5.905646261641592787e-01
-5.759422023663134382e-01
-5.853524537639529512e-01
-5.804853186825127409e-01
-5.883785326847643660e-01
-5.893715479293675230e-01
-5.911205642739147947e-01
-5.792394330607564257e-01
-5.818510012583644198e-01
-5.781197630682797239e-01
-5.894312736460776136e-01
-5.905922305652708815e-01
-5.906612527439207838e-01
-5.905985710093588636e-01
-5.907692787119955824e-01
-5.908174206385226057e-01
-5.910725247928709791e-01
-5.910822589764208601e-01
-5.910825961151928709e-01
-5.904522918978543089e-01
-5.910484501043171690e-01
-5.910660725900740431e-01
-5.911076021263212965e-01
-5.905777634003968046e-01
-5.837343832360417650e-01
-5.910691440919251249e-01
-5.908649683812470244e-01
-5.800871577927679823e-01
-5.834856917032809065e-01
-5.792412416891963289e-01
-5.778864127466292189e-01
-5.911010344395251082e-01
-5.897041809627623365e-01
-5.891012054750532911e-01
-5.885343639062554644e-01
-5.865772970834584044e-01
-5.910405506262392805e-01
-5.778207265654415892e-01
-5.904834148356528090e-01
-5.853851338730962084e-01
-5.908581436494202421e-01
-5.904616312006325529e-01
-5.909581844577402876e-01
-5.876158763537020491e-01
-5.909658473798842238e-01
-5.911337070980877684e-01
-5.910913617232651518e-01
-5.894024641135544584e-01
-5.886808772453875349e-01
-5.825821472214371965e-01
-5.911369164356798933e-01
-5.894575499811978148e-01
-5.904748615691275404e-01
-5.910449520567269133e-01
-5.883750718900770948e-01
-5.840270308660180376e-01
-5.808334731379360960e-01
-5.900385145911783979e-01
-5.907284234532923506e-01
-5.906386625835509108e-01
-5.909506481954664991e-01
-5.908877876469702528e-01
-5.910302129456610487e-01
-5.826201782444329069e-01
-5.827273604342551039e-01
-5.906802070209593580e-01
-5.846550864050001906e-01
-5.906735108116478727e-01
-5.907078933784575270e-01
-5.858050835201353834e-01
-5.888193779507489012e-01
-5.910972923854203032e-01
-5.906362970242113875e-01
-5.909979351678700255e-01
-5.853309136697859572e-01
-5.882778492638678358e-01
-5.897171766379685209e-01
-5.902709633925766752e-01
-5.852321804383606718e-01
-5.841275522367865847e-01
-5.904978298464627073e-01
-5.907598947057337568e-01
-5.888703417846770094e-01
-5.910289780119271086e-01
-5.906405885586352156e-01
-5.878956065395684050e-01
-5.903338146278471754e-01
-5.875662485020072268e-01
-5.784081452408642576e-01
-5.846832607755274580e-01
-5.876975589314312742e-01
-5.893694450029940413e-01
-5.887508791753859327e-01
-5.800929818184883402e-01
-5.904759381780237959e-01
-5.866272648678929613e-01
-5.839358148047537611e-01
-5.893390708485455320e-01
-5.909578510442585753e-01
-5.907539528677077101e-01
-5.904340715030045317e-01
-5.821795225025923060e-01
-5.788144640507013605e-01
-5.880505748906941221e-01
-5.867383749106735991e-01
-5.910413273492665098e-01
-5.874136661993176745e-01
-5.768403996595949934e-01
-5.887497634509415434e-01
-5.907161281326622770e-01
-5.883059267768473433e-01
-5.892962076583714293e-01
-5.884984642149717615e-01
-5.791185599634260939e-01
-5.909482975372881697e-01
-5.909158912369818495e-01
-5.830509447375149534e-01
-5.891419564256281660e-01
