-1.487432973698683991e+00
-1.497384433873900189e+00
-1.489155966096528783e+00
-1.449917500146635785e+00
-1.468574233592458977e+00
-1.497943078407057538e+00
-1.497334172257193341e+00
-1.496728565783211007e+00
-1.492937086389371171e+00
-1.458577926509984746e+00
-1.491479054332681908e+00
-1.497563008458324685e+00
-1.484646297066443577e+00
-1.483799701795884385e+00
-1.496759027481981530e+00
-1.443701443501719250e+00
-1.435420845874556317e+00
-1.489595427417167439e+00
-1.465571404674061551e+00
-1.463869904407271161e+00
-1.497406468966015591e+00
-1.486357628141500964e+00
-1.497399196268030419e+00
-1.497501581215270772e+00
-1.470127660089143529e+00
-1.494758136809774651e+00
-1.497973340802797093e+00
-1.497497731127747311e+00
-1.483664092847117200e+00
-1.455411714740999951e+00
-1.497938382678636327e+00
-1.497299418092676415e+00
-1.459210478940018429e+00
-1.494999389403470769e+00
-1.496402266674646153e+00
-1.497952156939514889e+00
-1.496735906467744126e+00
-1.489438203402766003e+00
-1.475421615184255852e+00
-1.475775952690252080e+00
-1.497495830298372521e+00
-1.496775239014037862e+00
-1.491242415511020436e+00
-1.497969883733400120e+00
-1.497426713124820008e+00
-1.436278851010807767e+00
-1.481708052807458653e+00
-1.497990676441200986e+00
-1.490206481196888699e+00
-1.496267167159327283e+00
-1.497470431269117608e+00
-1.475427080185123696e+00
-1.463541419484623685e+00
-1.491400485166319623e+00
-1.463664052315958752e+00
-1.416867454775580182e+00
-1.398776953347929730e+00
-1.493162975885876431e+00
-1.497443835490354314e+00
-1.496376334928878560e+00
-1.491304754518874898e+00
-1.497390807845600857e+00
-1.495703952626296296e+00
-1.497197535128303780e+00
-1.497493779526063218e+00
-1.488737976883509173e+00
-1.493390275404759659e+00
-1.497529166058608308e+00
-1.497908569180377736e+00
-1.487012497854390158e+00
-1.496568393201538338e+00
-1.420582183876045956e+00
-1.494180469081708207e+00
-1.486596038338699355e+00
-1.498026472755678906e+00
-1.492305041530140652e+00
-1.416223575600394025e+00
-1.497187213280209317e+00
-1.492547159322508588e+00
-1.496696540393837704e+00
-1.497933098354347958e+00
-1.460720977985271229e+00
-1.492756548576959386e+00
-1.497121024184831395e+00
-1.491790660896309628e+00
-1.496310692519851937e+00
-1.496385446057626023e+00
-1.487249282893695845e+00
-1.497929298558243527e+00
-1.441027795203932538e+00
-1.496517204918869748e+00
-1.497057420440920605e+00
-1.494297192671307339e+00
-1.458863944985874905e+00
-1.497976924532064213e+00
-1.497201915138372197e+00
-1.497941856511839642e+00
-1.468701687880762830e+00
-1.497402366490074410e+00
-1.496969223261781945e+00
-1.497980005347141041e+00
-1.497420882114180340e+00
-1.472407487460383191e+00
-1.431978349813231244e+00
-1.496892144211539044e+00
-1.491513994761713757e+00
-1.490171552875050320e+00
-1.456180346437701001e+00
-1.496545574867137685e+00
-1.488271948655107035e+00
-1.476560399175592675e+00
-1.464119388961204304e+00
-1.490844671853789105e+00
-1.434897170641430630e+00
-1.494321934186824574e+00
-1.497999430873402371e+00
-1.497465650790342107e+00
-1.497390573152312054e+00
-1.496963505872496381e+00
-1.496426618897327199e+00
-1.497622788191744103e+00
-1.493981376529642358e+00
-1.474636636913725152e+00
-1.497949765303143277e+00
-1.490032720618852391e+00
-1.479916585382976546e+00
-1.497987707384833111e+00
-1.481812433578976407e+00
-1.491254273110040440e+00
-1.497942046501644864e+00
-1.490873489768215432e+00
-1.464541741886147275e+00
-1.469296412781783356e+00
-1.477234353550680890e+00
-1.467543273472198262e+00
-1.492870402761706128e+00
-1.422423185088642850e+00
-1.497484020196803822e+00
-1.476321510278590932e+00
-1.458096274414070859e+00
-1.493035170488961949e+00
-1.491822822258778825e+00
-1.497299568966933503e+00
-1.456442916073807492e+00
-1.472664337844558968e+00
-1.442315922358044400e+00
-1.403574300237902417e+00
-1.497994250857242360e+00
-1.485611299292155518e+00
-1.497960730695136800e+00
-1.460531053372629895e+00
-1.447488119133719220e+00
-1.491627100163110509e+00
-1.497883963637956395e+00
-1.485100296099641337e+00
-1.467840508797177090e+00
-1.489074544289120450e+00
-1.461227230035671010e+00
-1.437754457124480023e+00
-1.492300490156718507e+00
-1.497510206193634286e+00
-1.497981907107838406e+00
-1.497872243874677434e+00
-1.497935475089558377e+00
-1.497281484545179620e+00
-1.496880819329031720e+00
-1.428903461673268094e+00
-1.496647795901604905e+00
-1.449659754761465802e+00
-1.473688026198157086e+00
-1.497180585057445779e+00
-1.458440677502163663e+00
-1.497942430206545605e+00
-1.475101126131572737e+00
-1.497961950727709546e+00
-1.468557852559694066e+00
-1.473240533151634946e+00
-1.497130736016639485e+00
-1.495470909641095414e+00
-1.462406984769710316e+00
-1.497540554271050706e+00
-1.479618025018804683e+00
-1.497966698610194936e+00
-1.464109902509459271e+00
-1.497171295114763989e+00
-1.423696303048142209e+00
-1.490437708103069081e+00
-1.478064145200856938e+00
-1.497892671504029050e+00
-1.490967971512087598e+00
-1.497408711590775265e+00
-1.496838014812179818e+00
-1.464925601386436238e+00
-1.461807481252559437e+00
-1.497400175088056340e+00
-1.497923855909117474e+00
-1.491815633379825368e+00
-1.459120108985313191e+00
-1.395011400111922040e+00
-1.494435403735348000e+00
-1.496687826008507027e+00
-1.471434169688233151e+00
-1.487290871568926587e+00
-1.496238528058835282e+00
-1.490846430190809979e+00
-1.493095806107827439e+00
-1.488390167483099713e+00
-1.496589872294076695e+00
-1.449615293421753659e+00
-1.449837018975027814e+00
-1.437056859263190045e+00
-1.454048489459761395e+00
-1.467312532716401829e+00
-1.497351702542015328e+00
-1.483435314155154838e+00
-1.493061000720568909e+00
-1.497904180788406148e+00
-1.497955910169490590e+00
-1.441361476906546368e+00
-1.497947971575864567e+00
-1.457080095314391865e+00
-1.493927804992505326e+00
-1.493569367804535641e+00
-1.488900579751440301e+00
-1.496769693919428601e+00
-1.461004113086470380e+00
-1.496670122497686162e+00
-1.497411724419304146e+00
-1.491568056174525037e+00
-1.497899429180630460e+00
-1.458361455478676572e+00
-1.406457794138201489e+00
-1.496374071815022244e+00
-1.496443344519444718e+00
-1.456601315417298093e+00
-1.493209442363091721e+00
-1.496858618461498036e+00
-1.478848359786876454e+00
-1.494394212269195332e+00
-1.497381606378563657e+00
-1.493727597647317662e+00
-1.497366890550562157e+00
-1.486736648489692225e+00
-1.473035441950865998e+00
-1.496796588652738347e+00
-1.490990052239009156e+00
-1.477362470940657868e+00
-1.497943052330025449e+00
-1.497375801444956078e+00
-1.493440941215463891e+00
-1.448389684089430585e+00
-1.484292917192884698e+00
-1.468628992565878644e+00
-1.491212423198827519e+00
-1.486346855067619099e+00
-1.496648706735082879e+00
-1.492313144036539807e+00
-1.456690279074915662e+00
-1.497473174945422425e+00
-1.496505626716622128e+00
-1.494952872634836449e+00
-1.496455548570462479e+00
-1.496574732714303746e+00
-1.497417518177040829e+00
-1.489680596866616025e+00
-1.426035703399189725e+00
-1.497656406142719998e+00
-1.468551646226056828e+00
-1.456623577752121701e+00
-1.479284341686376347e+00
-1.489991693065472855e+00
-1.490739867330499901e+00
-1.496665239573427453e+00
-1.497957458027609601e+00
-1.492053785600670590e+00
-1.481331464608171000e+00
-1.497444869258412137e+00
-1.497601230868109479e+00
-1.497956936486967816e+00
-1.497938932158955350e+00
-1.448202704318770184e+00
-1.497189082444616570e+00
-1.472063641303190007e+00
-1.497484882601507916e+00
-1.496335887589463010e+00
-1.497221409582504048e+00
-1.493511963875004067e+00
-1.497989560716756596e+00
-1.497893673607119336e+00
-1.497350347467669263e+00
-1.467657616601296677e+00
-1.496808275819727196e+00
-1.496323302627512231e+00
-1.420500536688574567e+00
-1.496573671006568684e+00
-1.496636443079420342e+00
-1.478426974971749797e+00
-1.456704777904757275e+00
-1.496204308473476186e+00
-1.441250414826878323e+00
-1.489699088741996302e+00
-1.496217613347777142e+00
-1.446679269202955975e+00
-1.494349758380063786e+00
-1.436355808057793393e+00
-1.470140916534670605e+00
-1.468779128284164681e+00
-1.468289640971430554e+00
-1.485331790761061921e+00
-1.489362261031725421e+00
-1.497491374851175561e+00
-1.464695575886377110e+00
-1.497979850747593655e+00
-1.471170212381490483e+00
-1.491335493751772656e+00
-1.496505352907785191e+00
-1.461376865633734479e+00
-1.494370568782993569e+00
-1.497326675110467686e+00
-1.420085017808684125e+00
-1.497396230005630269e+00
-1.473240542464860692e+00
-1.497539005481609120e+00
-1.436523479648836865e+00
-1.455861731671699300e+00
-1.492560800404258980e+00
-1.477452835307427659e+00
-1.487525351584860100e+00
-1.489840124041744485e+00
-1.421428603359469189e+00
-1.477957674541481747e+00
-1.477649999090441479e+00
-1.493138426222809567e+00
-1.496940483578451886e+00
-1.465487347223767056e+00
-1.481682002318062796e+00
-1.470657295786746754e+00
-1.489148063824483170e+00
-1.464467606746562733e+00
-1.479412699124746933e+00
-1.497301612288662209e+00
-1.494806013309367909e+00
-1.497940727748879208e+00
-1.427159414865978970e+00
-1.497451695852884068e+00
-1.497893062659510388e+00
-1.469479491242178693e+00
-1.497388293274649396e+00
-1.497444991261669411e+00
-1.498014566727885022e+00
-1.447297373094567075e+00
-1.489859597996779694e+00
-1.407875483163603558e+00
-1.497308719211229100e+00
-1.497942515888222470e+00
-1.496029647306510224e+00
-1.471014493384369626e+00
-1.497905067407497182e+00
-1.491642786429234757e+00
-1.488154358004190936e+00
-1.441743974813231244e+00
-1.458861022495635762e+00
-1.491950749658950581e+00
-1.497910824843653455e+00
-1.493819726870366349e+00
-1.497293679282971635e+00
-1.494466997922369256e+00
-1.474489221588679566e+00
-1.493590275996335759e+00
-1.497976717778452649e+00
-1.496565358021267667e+00
-1.447386608698376431e+00
-1.472017282859393372e+00
-1.454732521676429524e+00
-1.455246114411362424e+00
-1.493887817726441636e+00
-1.497476622701593651e+00
-1.439365835168370023e+00
-1.497388039954909100e+00
-1.453460877069243207e+00
-1.471528998815425648e+00
-1.453900357016333356e+00
-1.418664825388201489e+00
-1.494329157524713292e+00
-1.497193823807843938e+00
-1.497901208006747975e+00
-1.476023958303936734e+00
-1.492602040299185528e+00
-1.497557087109395280e+00
-1.496069199644931569e+00
-1.432367095031746640e+00
-1.487505412899860158e+00
-1.497597768210777058e+00
-1.497935361468204274e+00
-1.461377642356761708e+00
-1.490691313759394898e+00
-1.456754801102885022e+00
-1.484130696632870450e+00
-1.494001835823961510e+00
-1.493494835921534314e+00
-1.497430500813730969e+00
-1.484786955879040971e+00
-1.496796383761771931e+00
-1.493483552948542847e+00
-1.446907640674122586e+00
-1.433707286843069806e+00
-1.473333682172902837e+00
-1.497292324208625569e+00
-1.478617368970968737e+00
-1.493428329245158448e+00
-1.492830936104961648e+00
-1.497930919059523358e+00
-1.496268975787767186e+00
-1.480817486771353497e+00
-1.490922172793158307e+00
-1.497939453699597134e+00
-1.476624646463402524e+00
-1.488852654823073163e+00
-1.488467395544954552e+00
-1.476353586890705838e+00
-1.497461111524113431e+00
-1.497553109430679097e+00
-1.468903425388940587e+00
-1.494266601518698945e+00
-1.488153227844246640e+00
-1.490743194946059003e+00
-1.487316419609793439e+00
-1.451141731121548428e+00
-1.497384974972316041e+00
-1.496146071941562905e+00
-1.443795738049753918e+00
-1.464477108099468960e+00
-1.491613825091131940e+00
-1.497882911243447079e+00
-1.497361119144567265e+00
-1.428054222145088925e+00
-1.475466499344416871e+00
-1.490484009736188664e+00
-1.459212315508135571e+00
-1.492553656228789105e+00
-1.497370871954568639e+00
-1.480841942836501612e+00
-1.476576664258697047e+00
-1.483396498725720658e+00
-1.495758686454006448e+00
-1.497447996639617696e+00
-1.445636702009447827e+00
-1.493558629655250325e+00
-1.476220452466019406e+00
-1.442795709946163907e+00
-1.497965188004978909e+00
-1.496443068847962632e+00
-1.478412804433115735e+00
-1.486917765119084134e+00
-1.448339303263434186e+00
-1.497868039884575619e+00
-1.497446413391240849e+00
-1.488405546878435626e+00
-1.497976989724644437e+00
-1.497479781747766747e+00
-1.443712507613905682e+00
-1.494700987131305947e+00
-1.471294054069527402e+00
-1.437252153881796612e+00
-1.459223230608710065e+00
-1.477939252049633279e+00
-1.497895016574271931e+00
-1.475510524825164094e+00
-1.457268380799301877e+00
-1.497066743911215081e+00
-1.469699188374885335e+00
-1.489931653027393832e+00
-1.449090813525923505e+00
-1.492701204732962861e+00
-1.497947634437092557e+00
-1.497598339111515298e+00
-1.469319707953342213e+00
-1.423640710541018262e+00
-1.477391484898486151e+00
-1.497509992920764699e+00
-1.497883419745572819e+00
-1.489900796913512959e+00
-1.497928765841730847e+00
-1.486015971756511345e+00
-1.496951670625218167e+00
-1.493504835532017960e+00
-1.497970897012361302e+00
-1.493323632755287900e+00
-1.497362914734491124e+00
-1.459205747821339383e+00
-1.484282598604419245e+00
-1.446330891230114712e+00
-1.482946675975778117e+00
-1.497958285042055859e+00
-1.497522051685460820e+00
-1.497266933561273827e+00
-1.493355219491728558e+00
-1.410947685369261517e+00
-1.496434670180984750e+00
-1.497364484944351926e+00
-1.490766254493006482e+00
-1.494321066194185033e+00
-1.447961961158522382e+00
-1.475805225090094819e+00
-1.497395827674278035e+00
-1.468756122753926530e+00
-1.485063925624796166e+00
-1.497174378723808541e+00
-1.490946415119775548e+00
-1.493725775980361714e+00
-1.477024567087152018e+00
-1.454088351928600087e+00
-1.496785317786940350e+00
-1.473952381179639115e+00
-1.496443199233123078e+00
-1.497483945690997853e+00
-1.488552152418502583e+00
-1.497920544126042142e+00
-1.475421412155934586e+00
-1.488531282410928025e+00
-1.488918248803325906e+00
-1.494014775619813218e+00
-1.497976131045230641e+00
-1.496729962767072930e+00
-1.453786171280750050e+00
-1.477203923051216616e+00
-1.494561579317756905e+00
-1.468133756198891415e+00
-1.490126610041567101e+00
-1.489265351795562520e+00
-1.477830338996806159e+00
-1.497377570957847848e+00
-1.497931554221519246e+00
-1.497234900721319928e+00
-1.492591875844606175e+00
-1.497926817514904752e+00
-1.497950141557463422e+00
-1.472041647189267888e+00
-1.496412921004899754e+00
-1.464247360133537068e+00
-1.488248532877274766e+00
-1.497972387128480687e+00
-1.496370407060691132e+00
-1.444086422451742902e+00
-1.496729516663559689e+00
-1.409311888047465100e+00
-1.488039560389676108e+00
-1.462655802496680035e+00
-1.464644220896967663e+00
-1.445079506614216580e+00
-1.497952948563703313e+00
-1.497256633133598580e+00
-1.496557055280514970e+00
-1.487711470813461556e+00
-1.478214667883672728e+00
-1.497982069157966389e+00
-1.471464129404135956e+00
-1.468398805015691533e+00
-1.496873291448661103e+00
-1.446882990428217663e+00
-1.497171868809469952e+00
-1.480460769503348484e+00
-1.451425737940677418e+00
-1.497471401707240357e+00
-1.492842950166174187e+00
-1.495883393340715184e+00
-1.479910851695545926e+00
-1.497970675357588544e+00
-1.497196991235920205e+00
-1.490680993773945584e+00
-1.497477359377750172e+00
-1.497316187486954941e+00
-1.497296069056698098e+00
-1.462302466162451520e+00
-1.479053195805259957e+00
-1.496194673010119214e+00
-1.441800375708349957e+00
-1.496901012265094533e+00
-1.466094044276484265e+00
-1.447371700086601987e+00
-1.449316998251684918e+00
-1.491653495707520261e+00
-1.490671436541684880e+00
-1.484488015302428021e+00
-1.449283496716030850e+00
-1.476486715727456822e+00
-1.497902463429578557e+00
-1.497923203983315243e+00
-1.482134120778151765e+00
-1.482298288035177602e+00
-1.494776201673754468e+00
-1.492222137988516106e+00
-1.497963433393248334e+00
-1.497906808980711713e+00
-1.497930825927265897e+00
-1.467826030456432118e+00
-1.435500559636362805e+00
-1.471411963232764020e+00
-1.485984028556355252e+00
-1.497974363394984021e+00
-1.497221428208955540e+00
-1.497354526312061562e+00
-1.491148527019628300e+00
-1.484732469317474379e+00
-1.497387160786398663e+00
-1.475426376105257287e+00
-1.494321211480506673e+00
-1.491073281743534817e+00
-1.430848752387770428e+00
-1.451210296952136769e+00
-1.494474967249640240e+00
-1.496343264595576539e+00
-1.497951225616940274e+00
-1.490205630899378075e+00
-1.472255033680208935e+00
-1.421759152092942013e+00
-1.430517976411589398e+00
-1.497499589116283669e+00
-1.497332958743878617e+00
-1.474625979323842540e+00
-1.490565785446175351e+00
-1.493304934591957345e+00
-1.497723260202416196e+00
-1.438084312953957333e+00
-1.493232765474327817e+00
-1.497171579168149247e+00
-1.459748777800210728e+00
-1.468755866640218510e+00
-1.497344774433382764e+00
-1.494796370395430340e+00
