-5.796057826398955948e-01
-5.711966019614683754e-01
-5.763018538734959728e-01
-5.686921009353446133e-01
-5.820383315465497143e-01
-5.781781345165418751e-01
-5.824321087009357578e-01
-5.755694727438586122e-01
-5.758323373763906128e-01
-5.671180167726325161e-01
-5.823244915834712154e-01
-5.731458927064286835e-01
-5.818687339804219372e-01
-5.790636816552924282e-01
-5.822587122700261242e-01
-5.826293395391749508e-01
-5.825914067707108623e-01
-5.688288172266530163e-01
-5.757340795851396686e-01
-5.826819024539636738e-01
-5.826495250246571667e-01
-5.795558744601058132e-01
-5.790460759333418972e-01
-5.733556186339902050e-01
-5.825942249528216488e-01
-5.785838721810924179e-01
-5.826519604331897861e-01
-5.659049383855508930e-01
-5.711579520746218330e-01
-5.826289269632743961e-01
-5.804426285929130680e-01
-5.784392820230769283e-01
-5.820119825682686932e-01
-5.804324240914630062e-01
-5.819400006464766628e-01
-5.796766362643884785e-01
-5.763725524327801830e-01
-5.826711857250975735e-01
-5.743842569670724041e-01
-5.826622776246713764e-01
-5.822779869220303661e-01
-5.750748503512786991e-01
-5.822707468203353054e-01
-5.755263243361460335e-01
-5.824895899302410252e-01
-5.824581577933477528e-01
-5.768783146075057155e-01
-5.825923930413173801e-01
-5.801529635234820015e-01
-5.723005107163535721e-01
-5.826253544098781711e-01
-5.822087924487041599e-01
-5.694194955310868389e-01
-5.824385394833134777e-01
-5.826843164420770771e-01
-5.800109023719178802e-01
-5.744734599745916492e-01
-5.802458364076065189e-01
-5.665271559289740688e-01
-5.772915945879267818e-01
-5.826240645281123287e-01
-5.820944157919930584e-01
-5.812484666264700062e-01
-5.823593873090194828e-01
-5.730587963505732185e-01
-5.822936135835098392e-01
-5.819306306100534565e-01
-5.713380530967461235e-01
-5.744478197327899105e-01
-5.823995347625660068e-01
-5.685025264999913341e-01
-5.822750923714684612e-01
-5.826380269161509640e-01
-5.823754256150769359e-01
-5.824381753361868030e-01
-5.805858110568570263e-01
-5.696061735532330639e-01
-5.820546855709599621e-01
-5.766973441957580215e-01
-5.807015521011399395e-01
-5.818583515963601238e-01
-5.804011521420525677e-01
-5.774766558340834743e-01
-5.804972366920756466e-01
-5.819874347678469784e-01
-5.803953351012515194e-01
-5.810971341586755878e-01
-5.819799394837664730e-01
-5.821663651174949772e-01
-5.804494724168526298e-01
-5.822094108468937046e-01
-5.822810886918651230e-01
-5.680708230963992245e-01
-5.805114598504351742e-01
-5.822775743461298115e-01
-5.823208091340111858e-01
-5.701370954073118336e-01
-5.797751222296702034e-01
-5.752271483677523500e-01
-5.823847183517264492e-01
-5.776636104590343601e-01
-5.685488691113042004e-01
-5.822020655057477123e-01
-5.820819891548799641e-01
-5.826979649744080669e-01
-5.790767676687883503e-01
-5.803222029960798389e-01
-5.821884402564810879e-01
-5.811779263920234806e-01
-5.788324151679026253e-01
-5.811810984767126209e-01
-5.789035491204904682e-01
-5.717925352535294659e-01
-5.717005527137862808e-01
-5.821122543445872433e-01
-5.693576799265193111e-01
-5.754985723204063541e-01
-5.820273857123302585e-01
-5.827242580733346111e-01
-5.776606425668197042e-01
-5.814666717804121143e-01
-5.819710984385656483e-01
-5.759756614013659126e-01
-5.823767308636652595e-01
-5.767527821033345825e-01
-5.824841081655668384e-01
-5.813726384683596260e-01
-5.812818293950604565e-01
-5.732156147739934093e-01
-5.658013930103825695e-01
-5.827063180065797932e-01
-5.810887424766170151e-01
-5.825028351998972065e-01
-5.826556661657141811e-01
-5.810083609565245277e-01
-5.823434980145739681e-01
-5.825342626801776058e-01
-5.703026361323045856e-01
-5.709238566949116356e-01
-5.822463647953318722e-01
-5.780242166972803242e-01
-5.738078567690300114e-01
-5.725459062985228664e-01
-5.634349060735749370e-01
-5.823598445884036190e-01
-5.801575330576943523e-01
-5.825183510339903004e-01
-5.794375243156301147e-01
-5.653744328326629764e-01
-5.681169207698749668e-01
-5.678942182592200405e-01
-5.800006759843873150e-01
-5.822595094821499950e-01
-5.680647117576645977e-01
-5.826323430544780857e-01
-5.826594296402382023e-01
-5.822976806691931850e-01
-5.823195271684872276e-01
-5.824996761537241108e-01
-5.810201724550770885e-01
-5.784157270125197536e-01
-5.823777241191910869e-01
-5.683067326924847729e-01
-5.826602473414587147e-01
-5.820470193891870148e-01
-5.822335991568016178e-01
-5.822676967389034397e-01
-5.787570748969065315e-01
-5.674713605574416286e-01
-5.805728544971989757e-01
-5.788296402922915584e-01
-5.819090858592735893e-01
-5.725793454355644352e-01
-5.765239705822514660e-01
-5.734802067770706779e-01
-5.822068753211843140e-01
-5.823931579968976147e-01
-5.731601787290619976e-01
-5.744822022995995647e-01
-5.820758084326135284e-01
