-7.976218464029113386e-01
-8.024148308836279719e-01
-7.975184309151333029e-01
-7.822546787160427062e-01
-7.738833506750836255e-01
-7.972505605687104646e-01
-7.871737330123032006e-01
-7.991900588148567186e-01
-7.537538088098659772e-01
-8.016349163062834737e-01
-8.015848279746010663e-01
-7.979502886385807514e-01
-7.878895984721950851e-01
-8.013761598735216207e-01
-7.879052488265899656e-01
-7.508446886590571800e-01
-7.773502822699822623e-01
-8.020600243041631217e-01
-8.018434425174645330e-01
-7.969036459319051025e-01
-8.012479136877365127e-01
-8.014407980395088504e-01
-7.573433948150543049e-01
-7.960698646349144703e-01
-7.870975644756023071e-01
-7.786625031109335460e-01
-7.775243716948722073e-01
-8.012535039372430390e-01
-8.008408455343392074e-01
-7.599434205976060008e-01
-7.973230543703720974e-01
-7.734167425276002872e-01
-7.502819976738914765e-01
-7.803700585767365805e-01
-7.871919549836350338e-01
-8.018763475519881112e-01
-8.024560757624328300e-01
-8.019507999820677524e-01
-8.024573474504106407e-01
-7.972271460105530005e-01
-7.756919015226086955e-01
-7.883295624081180231e-01
-8.024627418170707793e-01
-7.852525945953872100e-01
-7.998685639778018164e-01
-7.679327604749746072e-01
-8.023330137874741252e-01
-7.490515153041503726e-01
-8.016695095694487128e-01
-8.013855291619907950e-01
-8.024111956755519692e-01
-7.949776242319142039e-01
-7.988836838064123924e-01
-8.019003084367072320e-01
-7.859517213017482851e-01
-8.011667277660731168e-01
-7.500398673677590722e-01
-7.858569802090001888e-01
-8.021031508314609981e-01
-7.511767571248181286e-01
-8.014856146354399913e-01
-8.019347885609542370e-01
-7.912431191683533260e-01
-7.667124688540420951e-01
-8.011967499649129687e-01
-7.498243081712306912e-01
-7.957146510297694597e-01
-7.846348136115652849e-01
-7.860826970753450604e-01
-8.019624357007042459e-01
-7.983898702618212884e-01
-7.839512640986679992e-01
-7.980430459579321845e-01
-8.020848302921995687e-01
-7.795277817625830830e-01
-8.016509345803913833e-01
-7.985666031595979319e-01
-7.807676622577491843e-01
-7.512625502547650713e-01
-7.995323307374017086e-01
-7.990874700444069445e-01
-7.787336886416434956e-01
-8.016190342560687299e-01
-8.024455198609330431e-01
-7.933180948254605624e-01
-8.019163119968227837e-01
-7.949998727000138210e-01
-8.024025361445240589e-01
-7.852888375892238537e-01
-8.024014994993607930e-01
-7.959742617688475574e-01
-8.013406985710648245e-01
-7.911379183090248013e-01
-7.963963078271955043e-01
-7.851278271298045563e-01
-7.474136285582865247e-01
-8.012961377519239869e-01
-7.964971761310236653e-01
-8.019267272254407830e-01
-7.657250277847129638e-01
-8.024090088003141830e-01
-8.015796551637557332e-01
-7.849989717304971526e-01
-8.013635714726561332e-01
-7.857399054852117759e-01
-7.979250509828925697e-01
-8.020402463370809309e-01
-7.325202242691428722e-01
-7.426662141939018857e-01
-7.895658923361559278e-01
-8.014318789646804886e-01
-8.020668835076516512e-01
-7.989726182048401126e-01
-7.231196257705296837e-01
-7.477370420120108552e-01
-8.024142497980967237e-01
-7.946784015547191382e-01
-7.551614489030260557e-01
-8.009016060884321941e-01
-7.920903743375018458e-01
-7.880696611322854928e-01
-7.738264283078986061e-01
-7.979244662533743204e-01
-7.927735641546859169e-01
-7.939837099287972988e-01
-7.850181658070548574e-01
-7.745991409970317543e-01
-7.528413899861532421e-01
-7.947237911611965133e-01
-7.751761951086310054e-01
-7.956224846459536426e-01
-7.972545887944687548e-01
-8.012746689272085554e-01
-7.946441194453144341e-01
-8.013422511778131030e-01
-8.024123858405971532e-01
-7.992290039355138820e-01
-7.858443626541492533e-01
-7.799014222288810361e-01
-7.997796605483544763e-01
-8.013205281302916427e-01
-7.904410040238818436e-01
-7.968980893743752292e-01
-8.019609901918732797e-01
-8.020897879702185707e-01
-7.847578010205810140e-01
-7.982015378933897676e-01
-7.668629847839040226e-01
-7.999561023863609455e-01
-8.023985078217624745e-01
-7.712470278617364894e-01
-7.868492507514349699e-01
-7.897433514173322067e-01
-7.510887090436686453e-01
-7.727320362056330216e-01
-7.996814293514098448e-01
-7.848318066280255412e-01
-8.017584958358342506e-01
-7.916023038632963305e-01
-8.020257032887948556e-01
-7.894789225931353460e-01
-7.810044757341688682e-01
-7.973672128928321889e-01
-7.730761379927134636e-01
-8.023718246272441013e-01
-7.977807676610183529e-01
-7.746529148987538749e-01
-7.436321338045505103e-01
-7.927461754877361821e-01
-8.013660894876282192e-01
-7.789359014479079191e-01
-8.023864162055032168e-01
-8.018685925742319309e-01
-8.024263990173270411e-01
-7.732052993207672031e-01
-8.021113439528638756e-01
-8.013028730495069807e-01
-7.928594260505910096e-01
-8.015915879881516659e-01
-7.728313891926762436e-01
-8.018870967193365562e-01
-7.941074861921825212e-01
-7.911782783135345998e-01
-8.016831403404719447e-01
-7.907672199073439989e-01
-8.023911480826870779e-01
-7.712858357075093041e-01
-7.528191543120473783e-01
-8.024517863988863686e-01
-7.954143004834891562e-01
-8.023671619009901113e-01
-8.011334961788196818e-01
-7.913635534154287443e-01
-8.024411419324553041e-01
-7.912300529838732777e-01
-7.663015105967656559e-01
-7.930105028800070732e-01
-7.531717405012938737e-01
-8.020290213501134469e-01
-8.013490561403462387e-01
-7.962895528291045188e-01
-7.992718953759863076e-01
-7.794620087255155205e-01
-8.009695693997439525e-01
-8.012238082161424746e-01
-8.000026738168717344e-01
-7.881656485130333900e-01
-8.017689295474302869e-01
-7.665156916853983482e-01
-8.023550335967530867e-01
-8.014239159080907005e-01
-7.930782801974571861e-01
-8.023901974904612544e-01
-7.649636981014119597e-01
-8.023702366925243856e-01
-7.877763264783513852e-01
-8.022847123893411814e-01
-7.956997966787362486e-01
-8.016912164629788062e-01
-8.014437349701460933e-01
-7.721475339540346816e-01
-7.981492855234368911e-01
-8.012920535772088959e-01
-7.900271418539529522e-01
-7.788681352504569499e-01
-8.020204548800149436e-01
-8.013497505307782820e-01
-8.013239909985115927e-01
-7.463019686159265698e-01
-8.024186944115249132e-01
-7.986846950705512871e-01
-8.023939847584112828e-01
-7.677923358109838281e-01
-8.012403958447873453e-01
-8.023946705038474958e-01
-7.987111021033077574e-01
-8.024264618302633378e-01
-7.771646812183529152e-01
-7.977646653169684354e-01
-7.937957232270778096e-01
-8.018585145833346806e-01
-7.994259719989980084e-01
-8.023655506902873658e-01
-7.732565329045366642e-01
-7.811394143395857803e-01
-8.010083050265653926e-01
-8.024292578880153348e-01
-7.626122317138191997e-01
-7.742813761337683509e-01
-7.887187413529237467e-01
-8.013600318125065902e-01
-7.925202095885842679e-01
-7.982386167355471907e-01
-8.016328367709593117e-01
-7.910523605618725584e-01
-7.563016898993883963e-01
-7.972852030408285051e-01
-7.950595948209494557e-01
-8.016449668651940419e-01
-8.024376091452947168e-01
-8.016368356217392632e-01
-8.024291959720675216e-01
-7.807033733394926900e-01
-7.921467872061079829e-01
-7.992096772560569606e-01
-7.928056353798746958e-01
-8.024587372722901124e-01
-7.978335904804961798e-01
-8.003877374149801494e-01
-7.994476782125251590e-01
-7.991169432516971316e-01
-7.765184150634470983e-01
-8.019344782162027840e-01
-8.007049470617052522e-01
-7.983721654340754093e-01
-8.024208469697931001e-01
-7.980273759615513773e-01
-8.008056933996208215e-01
-7.976496114635710510e-01
-8.020894489754833989e-01
-7.908615295984531279e-01
-7.953652470999680313e-01
-7.971745003079203640e-01
-8.019931219680156431e-01
-8.019244500732773950e-01
-7.862948587486067176e-01
-8.016948357390653035e-01
-7.829854401499450889e-01
-7.980570155356954132e-01
-7.980470161637448490e-01
-8.012728311396875025e-01
-7.864903425782854285e-01
-8.023841992252761512e-01
-7.830943798142693257e-01
-7.993909735291550023e-01
-8.023561748838302643e-01
-7.737551050182970291e-01
-7.935604401934363006e-01
-7.848577511901471127e-01
-8.023292670104938962e-01
-7.696856165283159079e-01
-7.477165897804755046e-01
-7.547513437330739539e-01
-7.778703316804653767e-01
-7.975051812107999405e-01
-7.803435836660435054e-01
-7.944232151110875995e-01
-8.014423806052300980e-01
-7.886623101783355461e-01
-8.015558320789264446e-01
-7.736891762073512258e-01
-7.693793246198240565e-01
-8.005109142418606050e-01
-7.966439921338581698e-01
-8.017686585926494525e-01
-7.670655186729172792e-01
-8.019047923170969927e-01
-7.962631075833903616e-01
-8.011821662486466877e-01
-8.020902056528800284e-01
-8.017862177955177305e-01
-7.855405330046698609e-01
-7.526399812432428282e-01
-8.007360252866978501e-01
-7.787282953579917066e-01
-7.973929750340958966e-01
-7.499992169664715380e-01
-7.694579172185672666e-01
-8.017667090902220739e-01
-8.014647300392537810e-01
-7.971654239152340393e-01
-7.944158418420247392e-01
-7.985191205608098697e-01
-7.732059616112348932e-01
-8.015163240777235520e-01
-7.597042018561249721e-01
-7.867342690679758332e-01
-8.016065787360949768e-01
-7.799480494623607374e-01
-8.020270562917010126e-01
-7.989511429051243674e-01
-7.909872153073091994e-01
-7.961534944186020590e-01
-7.620339848081686407e-01
-8.013611073246388328e-01
-7.784426698198555483e-01
-7.887885656347295438e-01
-7.351755720391840443e-01
-8.013185898258522455e-01
-7.993220461666270538e-01
-8.018667879546770294e-01
-8.010165963558945057e-01
-7.640060421151155801e-01
-8.023959512638287883e-01
-8.008118791326445107e-01
-7.852442094221397939e-01
-8.008591098686355103e-01
-8.013677725182845046e-01
-7.685133813197158048e-01
-7.813742624635848788e-01
