-1.497829346386608584e+00
-1.482204327178080483e+00
-1.492032448230204089e+00
-1.445974978087362750e+00
-1.497879119990286334e+00
-1.497856991765913470e+00
-1.497873509703096850e+00
-1.496427214173492892e+00
-1.497865470526632770e+00
-1.490943948207315906e+00
-1.496721459021684630e+00
-1.449358495352682574e+00
-1.470127598782894118e+00
-1.438696744320806964e+00
-1.496822297973451121e+00
-1.429333733795103534e+00
-1.489724346371260388e+00
-1.483462836411674424e+00
-1.453353891549524768e+00
-1.492355977585432036e+00
-1.493039960442003711e+00
-1.493392233205852015e+00
-1.422286620763954623e+00
-1.480161619307366117e+00
-1.497459510741648181e+00
-1.491467390609797938e+00
-1.466609238115963443e+00
-1.497894635824379428e+00
-1.456735773412403567e+00
-1.494965581623730166e+00
-1.497192569477376445e+00
-1.481895901081045075e+00
-1.497291000960287555e+00
-1.496924272207436069e+00
-1.494582465318855746e+00
-1.479873102093008264e+00
-1.497380915498253806e+00
-1.491220205491301520e+00
-1.497876242203530772e+00
-1.444682522145924075e+00
-1.494386692931768401e+00
-1.472440776815530761e+00
-1.496770453108367427e+00
-1.428034047065195544e+00
-1.496442964700874789e+00
-1.497875435678181155e+00
-1.489903996633258565e+00
-1.473820375678953631e+00
-1.496383205456552012e+00
-1.497427258109566672e+00
-1.496461511058625682e+00
-1.461543141333279117e+00
-1.493061954555925830e+00
-1.486110749123510821e+00
-1.497890226943311198e+00
-1.476118992483136161e+00
-1.493258263384816154e+00
-1.496317554665622218e+00
-1.475436956556406720e+00
-1.497223104750630363e+00
-1.458899012235817416e+00
-1.442634994564470752e+00
-1.469705306393918498e+00
-1.497436203462895854e+00
-1.410695935068544848e+00
-1.479991329768565400e+00
-1.497851644111690028e+00
-1.492101339092370971e+00
-1.433756338832792743e+00
-1.497463215542850001e+00
-1.489747576815900310e+00
-1.489933416647729381e+00
-1.467850204026219352e+00
-1.497509433356937869e+00
-1.496114755449709399e+00
-1.492801150707420810e+00
-1.496744528813180430e+00
-1.470352108059343799e+00
-1.455503890691217883e+00
-1.497210299996551974e+00
-1.479957872470733626e+00
-1.471674150256332858e+00
-1.496321089034792884e+00
-1.497396532846507533e+00
-1.442243764577326282e+00
-1.415907757757124408e+00
-1.486126996511486276e+00
-1.492690666979071601e+00
-1.468960129124936564e+00
-1.459810821739849551e+00
-1.481457995651182635e+00
-1.496717626629290088e+00
-1.471508129900214179e+00
-1.497006256533679469e+00
-1.493307211836692794e+00
-1.472856056345519526e+00
-1.492589518828210338e+00
-1.421590822217878802e+00
-1.497866835845527156e+00
-1.430709282336649402e+00
-1.464372635288056834e+00
-1.473037762036439879e+00
-1.440816099224504931e+00
-1.487997335316506131e+00
-1.497529019070682033e+00
-1.492090495703634723e+00
-1.494888213863489135e+00
-1.496824656082210048e+00
-1.460255658654388888e+00
-1.492130087157604201e+00
-1.490049252686914905e+00
-1.483940621423427864e+00
-1.447877837745365603e+00
-1.444487875727829440e+00
-1.454273650823053821e+00
-1.452878427160796626e+00
-1.483949779467550023e+00
-1.488037051102039321e+00
-1.497398117957529529e+00
-1.486962591698286040e+00
-1.496665563834723933e+00
-1.496865513203558429e+00
-1.468715315153715117e+00
-1.469424598319348796e+00
-1.497901937393364413e+00
-1.497325509255644782e+00
-1.466965664578494533e+00
-1.480751506104026838e+00
-1.488463589856293900e+00
-1.496522664492842658e+00
-1.489978580204662784e+00
-1.497108345320341094e+00
-1.497055019652363761e+00
-1.497272190106925471e+00
-1.402008312223371966e+00
-1.496089434651550754e+00
-1.497539875497934325e+00
-1.465748604787406428e+00
-1.494696791684147819e+00
-1.497866196958240970e+00
-1.494848860828098758e+00
-1.497842757431683047e+00
-1.497840278250989421e+00
-1.494382253317055209e+00
-1.492669947845754130e+00
-1.460688634244617923e+00
-1.496584786502537234e+00
-1.454052463574227794e+00
-1.482485405569788917e+00
-1.496957719726380809e+00
-1.492683442709860309e+00
-1.475754942214009269e+00
-1.497870305953440173e+00
-1.496516954554137691e+00
-1.480896070999917491e+00
-1.497868040976938708e+00
-1.412908615944799884e+00
-1.496714383764085277e+00
-1.467378903580722316e+00
-1.438733442155537112e+00
-1.497448194241044028e+00
-1.497484889281806453e+00
-1.489866087147858842e+00
-1.488346301885214551e+00
-1.472759831165787681e+00
-1.493835851019141181e+00
-1.496942468387898906e+00
-1.472185608399924739e+00
-1.496846220856425269e+00
-1.494198009772119029e+00
-1.497957751555261119e+00
-1.491261733164903625e+00
-1.492670152736720546e+00
-1.455465903906044467e+00
-1.496350213354346259e+00
-1.493438009573039515e+00
-1.492141478164014323e+00
-1.497240616409000857e+00
-1.497359967259582980e+00
-1.497904112962898715e+00
-1.496293759373840793e+00
-1.496029698690292342e+00
-1.481719387164232238e+00
-1.472211829787013038e+00
-1.497400885848221286e+00
-1.458660237891492351e+00
-1.474945385875073178e+00
-1.497888172445711596e+00
-1.493102703643855556e+00
-1.492019383637127383e+00
-1.469228029651460155e+00
-1.466000814391192897e+00
-1.496705478457626803e+00
-1.487891962220785125e+00
-1.497945150760826571e+00
-1.468254840401825412e+00
-1.450599825410065158e+00
-1.490604855520543559e+00
-1.496739609567341311e+00
-1.463894619075474246e+00
-1.493084046458718284e+00
-1.492134407563027843e+00
-1.460178895322498782e+00
-1.496442278316137298e+00
-1.470998824043092235e+00
-1.485349185233828528e+00
-1.464068470923122867e+00
-1.476890406040367587e+00
-1.469829336209115489e+00
-1.497432997850594028e+00
-1.497086439682063563e+00
-1.497931546000656589e+00
-1.497895813016113742e+00
-1.496987380487737163e+00
-1.463700833199438556e+00
-1.467258150158342822e+00
-1.460859030885514720e+00
-1.497840403048214419e+00
-1.480991623764750464e+00
-1.497890133811053737e+00
-1.497189186913785441e+00
-1.494728086916622622e+00
-1.481721534328428014e+00
-1.463929439363893970e+00
-1.496681034965333446e+00
-1.496583962282058700e+00
-1.479069899236676200e+00
-1.496720597548303111e+00
-1.474215630842265590e+00
-1.471360410964009269e+00
-1.458526429189261897e+00
-1.496152647239980205e+00
-1.405217031417307361e+00
-1.486267521446463569e+00
-1.430440878895935519e+00
-1.473173482743916018e+00
-1.465713115809378131e+00
-1.486310666361716493e+00
-1.497858563838419421e+00
-1.497901400951561435e+00
-1.497864576456961139e+00
-1.496282889908072455e+00
-1.474155434807655318e+00
-1.497459265803811057e+00
-1.497160904509839519e+00
-1.497190414396938785e+00
-1.497392842946466907e+00
-1.492220498090502723e+00
-1.497461287705120547e+00
-1.492289091860768302e+00
-1.475727199977156623e+00
-1.467156680701193316e+00
-1.496780639914688571e+00
-1.488717174092200501e+00
-1.475350702116158708e+00
-1.480139104584124787e+00
-1.497790148882088168e+00
-1.497865138975796206e+00
-1.454555074153360827e+00
-1.477513246172931893e+00
-1.480958074265983804e+00
-1.447235344378170474e+00
-1.443563120840010150e+00
-1.496330198300895198e+00
-1.497935520885405047e+00
-1.496540172425922854e+00
-1.489373658718434079e+00
-1.420283819017824634e+00
-1.490535449636992915e+00
-1.497277779905018313e+00
-1.497853823406514628e+00
-1.493891135258492930e+00
-1.472695237425980075e+00
-1.497381276851412757e+00
-1.497879086462673648e+00
-1.489954351382222875e+00
-1.486844720719274981e+00
-1.497277956856307490e+00
-1.497401864668247207e+00
-1.493984437016663058e+00
-1.497922802744326098e+00
-1.497941734669622882e+00
-1.458999894959744914e+00
-1.495431792391356929e+00
-1.497889899117764934e+00
-1.442140700695929034e+00
-1.481047241883245214e+00
-1.497354661514875396e+00
-1.482799647776302798e+00
-1.452455260259923442e+00
-1.461936688450989230e+00
-1.496432497566458686e+00
-1.488256219243523581e+00
-1.476302653020140632e+00
-1.409243034599241717e+00
-1.480185188287761910e+00
-1.489393205782291396e+00
-1.446578028080877765e+00
-1.493446423141178592e+00
-1.497369034616169436e+00
-1.470023176101860507e+00
-1.496689003361281856e+00
-1.472354987105247481e+00
-1.459670249773082240e+00
-1.475504130991068585e+00
-1.452368099642810328e+00
-1.496816103747007354e+00
-1.463256268231091006e+00
-1.497911500213560565e+00
-1.497893272368130191e+00
-1.496571423886236651e+00
-1.496688659703251822e+00
-1.497330163074550136e+00
-1.497861605537948115e+00
-1.469363680509743197e+00
-1.463891653744396670e+00
-1.497872692001876338e+00
-1.496689709303793414e+00
-1.469768429575380786e+00
-1.476584620242831214e+00
-1.483542267167833550e+00
-1.474040324268755420e+00
-1.496498518092450603e+00
-1.465456244004783137e+00
-1.492907036496219142e+00
-1.496108995219585402e+00
-1.441668233303246005e+00
-1.496908061606702312e+00
-1.497889003185448153e+00
-1.497504830760774119e+00
-1.494821838503596290e+00
-1.497927267504748805e+00
-1.496975662587103351e+00
-1.488086758581814273e+00
-1.479763026749608024e+00
-1.494110044492301448e+00
-1.462997453687605365e+00
-1.489592441758033736e+00
-1.449116828320440753e+00
-1.497872611908134921e+00
-1.435393104730066760e+00
-1.497896599052366717e+00
-1.491007494209227069e+00
-1.494141948809740050e+00
-1.496977447001156314e+00
-1.494397912574824794e+00
-1.452950640050587161e+00
-1.495774233182785018e+00
-1.478714640652653678e+00
-1.468416478885230525e+00
-1.492089941566702826e+00
-1.494799546366450294e+00
-1.497010921528455718e+00
-1.492966478159543975e+00
-1.490774028403577312e+00
-1.491041941968616946e+00
-1.484210889954012735e+00
-1.484207987254378303e+00
-1.465353595493254169e+00
-1.453738818345484241e+00
-1.493854650696632369e+00
-1.496501813111719592e+00
-1.453446630788859828e+00
-1.486873591253426774e+00
-1.419529797909674151e+00
-1.496652612863001330e+00
-1.496666429033395751e+00
-1.459689099741992457e+00
-1.497876124856886371e+00
-1.479598608733978971e+00
-1.483010487100002273e+00
-1.489375029625263913e+00
-1.497529124310132964e+00
-1.467369545651492579e+00
-1.451114382995185359e+00
-1.495885132281002505e+00
-1.471393526000794871e+00
-1.480356481792298062e+00
-1.467801776183661921e+00
-1.497904686657604678e+00
-1.494488660646495326e+00
-1.496523991627511485e+00
-1.497425987785574897e+00
-1.452924659876045688e+00
-1.497346379263219340e+00
-1.484954771986124022e+00
-1.497425264147934421e+00
-1.496710661267754539e+00
-1.496526180235561831e+00
-1.497023700205502017e+00
-1.497871265215692027e+00
-1.485160356322196229e+00
-1.486477998485681518e+00
-1.497909374935445292e+00
-1.497251036977288230e+00
-1.493246341524538501e+00
-1.473782420558747752e+00
-1.497862609503683551e+00
-1.484512597257164224e+00
-1.496038181176301940e+00
-1.497906830562171443e+00
-1.497252914523598655e+00
-1.483650671718534930e+00
-1.455299811838087543e+00
-1.471799463434037669e+00
-1.452823324529346927e+00
-1.479370048204329713e+00
-1.492308938344833358e+00
-1.496452419487652286e+00
-1.443608763096746905e+00
-1.462046800581631167e+00
-1.492936728922543033e+00
-1.496736374152717097e+00
-1.463459795741257174e+00
-1.493164929030355914e+00
-1.445633167801317676e+00
-1.487632961412784560e+00
-1.426592147378143771e+00
-1.494039801349756225e+00
-1.477875352306184276e+00
-1.488032970512178643e+00
-1.497299565402683719e+00
-1.490251762261507018e+00
-1.496515779225048526e+00
-1.496577384350714190e+00
-1.489966879999157889e+00
-1.430719810007032855e+00
-1.496595848752078517e+00
-1.477285939669129355e+00
-1.474485692502823575e+00
-1.486830812347945674e+00
-1.497847678540167315e+00
-1.492711669234451755e+00
-1.497872144384202464e+00
-1.496978091476377948e+00
-1.497038351772245868e+00
-1.497460630191382869e+00
-1.496201368449148639e+00
-1.475887266853717072e+00
-1.478708616392579778e+00
-1.492064416808900340e+00
-1.496380564225730403e+00
-1.496479981047925456e+00
-1.472013140497621997e+00
-1.463208364723143085e+00
-1.484028619183120234e+00
-1.497922771079358562e+00
-1.497950824377951129e+00
-1.496807727431771262e+00
-1.494001549137649043e+00
-1.484116921136048539e+00
-1.496495247287568553e+00
-1.497475115982708438e+00
-1.454904884500321849e+00
-1.493054413637039168e+00
-1.493307711956915362e+00
-1.478002412645039065e+00
-1.490637763803717597e+00
-1.464187248078999026e+00
-1.442801857767519458e+00
-1.463885577795919879e+00
-1.493561225412306293e+00
-1.497423184504625304e+00
-1.416823791740354999e+00
-1.497386692492184146e+00
-1.465612544147190555e+00
-1.497366495830831035e+00
-1.445472764251646502e+00
-1.494648977583167060e+00
-1.497878740010675891e+00
-1.497939877612409099e+00
-1.488088719015833838e+00
-1.459200159115609630e+00
-1.478302123891082509e+00
-1.497359536988553508e+00
-1.461682606888827785e+00
-1.494296621931609614e+00
-1.456454530758676036e+00
-1.497134264958915217e+00
-1.497847475511846049e+00
-1.497897394401845439e+00
-1.497903837291416629e+00
-1.461525408951458438e+00
-1.497898811874804004e+00
-1.466587735740360721e+00
-1.437911643115696414e+00
-1.435121329901632770e+00
-1.497944351686057551e+00
-1.470105935288485988e+00
-1.446341311959442599e+00
-1.410407992480215533e+00
-1.474860772890862926e+00
-1.492758225118634208e+00
-1.474061148641523822e+00
-1.497904237760123713e+00
-1.497445593988415702e+00
-1.491295066131171687e+00
-1.421555748609718783e+00
-1.484183465763819321e+00
-1.497183026214954360e+00
-1.491415081014749511e+00
-1.471070343097564681e+00
-1.497907450823006137e+00
-1.479026454435554250e+00
-1.497933062193808063e+00
-1.497875418914374812e+00
-1.497900713635501369e+00
-1.493716271994528277e+00
-1.489972228584703906e+00
-1.496949925487753852e+00
-1.458794234720882876e+00
-1.497919256267961963e+00
-1.497259502699491485e+00
-1.467828949382421477e+00
-1.494820860614892943e+00
-1.480190549911823972e+00
-1.497906392840561374e+00
-1.462962942598280414e+00
-1.459255734858927234e+00
-1.488046359671172603e+00
-1.497868046564874156e+00
-1.497858863724288447e+00
-1.456958791641411288e+00
-1.491468592015919192e+00
-1.409765074429926379e+00
-1.492897147713121875e+00
-1.474908289899942382e+00
-1.493391693038758739e+00
-1.497849358646091922e+00
-1.497554505644258960e+00
-1.496574913551923736e+00
-1.497887391997394069e+00
-1.491671203104671939e+00
-1.496520617445823653e+00
-1.497875603316244586e+00
-1.495255210837242110e+00
-1.476537636415925725e+00
-1.428154284534868701e+00
-1.497443249849495395e+00
-1.496283845445034011e+00
-1.464729359773811801e+00
-1.493552398336944087e+00
-1.491422082697865470e+00
-1.492239624662217601e+00
-1.496973468391117557e+00
-1.496994386827465995e+00
-1.443531083343443377e+00
-1.493988098045703872e+00
-1.473111160499867900e+00
-1.497863118005809291e+00
-1.496972216693577273e+00
-1.497910509286341174e+00
-1.473697485802587970e+00
-1.437630234686550601e+00
-1.475254347948250278e+00
-1.483151299115163191e+00
-1.497912448299941524e+00
-1.497206068066772922e+00
-1.458437903253254397e+00
-1.472290002209958537e+00
-1.497917855558809741e+00
-1.497835420472440227e+00
-1.494184472998496993e+00
-1.480889823688086970e+00
-1.473748717857417567e+00
-1.491193742891666396e+00
-1.493674772260603412e+00
-1.497351270569381221e+00
-1.493875997541365130e+00
-1.483472509244349702e+00
-1.492933694673594935e+00
-1.496822394830998881e+00
-1.497090914687034591e+00
-1.491448979293820365e+00
-1.447743727294620975e+00
-1.453771541295465930e+00
-1.481315176752288743e+00
-1.466471439627823337e+00
-1.479318550722566350e+00
-1.497324914140519603e+00
-1.497869061706480487e+00
-1.463518690718230708e+00
-1.474064334696051581e+00
-1.493370454227444633e+00
-1.474496183851626618e+00
-1.497915568230566485e+00
-1.472709503425178035e+00
-1.493371304524955256e+00
-1.488126186123010619e+00
-1.497865464938697322e+00
-1.471653141481694682e+00
-1.496584291038927539e+00
-1.497875918103274806e+00
-1.497016091300067409e+00
-1.497831607637819751e+00
-1.489228332349923356e+00
-1.470902590481457217e+00
-1.449686488537010653e+00
-1.497909004269060596e+00
-1.493310802085217937e+00
-1.461011955914911731e+00
-1.463101864261445506e+00
-1.497382359979567035e+00
-1.497911308361110194e+00
-1.473236217563864692e+00
-1.497471728762504561e+00
-1.474629578580972655e+00
-1.496639397395667537e+00
-1.483249691249695523e+00
-1.493537174938139422e+00
-1.491621891436991199e+00
-1.496880729151782496e+00
-1.497925421623405917e+00
-1.497897718502101405e+00
-1.497516973344501956e+00
-1.493477942822393878e+00
-1.496304931519445880e+00
-1.448965875832256778e+00
-1.473885864419755443e+00
-1.493427629051622851e+00
-1.488484473368045791e+00
-1.496678827730831607e+00
-1.497871768129882319e+00
-1.490933403773126109e+00
-1.472623038506028159e+00
-1.457158146826443179e+00
-1.496833181409058078e+00
-1.471709588011619552e+00
-1.496062147831437095e+00
-1.497906273631271823e+00
