-1.497890376238458332e+00
-1.482273517363533966e+00
-1.492089520137849457e+00
-1.445991097023775040e+00
-1.497944309175049282e+00
-1.497918817253581558e+00
-1.497935112743469244e+00
-1.496469777562722925e+00
-1.497920762741019374e+00
-1.491047486150467893e+00
-1.496775377675796381e+00
-1.449233803928105635e+00
-1.470360033523239407e+00
-1.438805703767406241e+00
-1.496874450368067322e+00
-1.429751449061040347e+00
-1.489766119087682972e+00
-1.483602810110758785e+00
-1.453411981504629136e+00
-1.492354656476476249e+00
-1.493075804317121058e+00
-1.493447823708714095e+00
-1.422708452662097223e+00
-1.480216177234241703e+00
-1.497519548241901477e+00
-1.491481644561054365e+00
-1.466784062914078479e+00
-1.497958094944976226e+00
-1.456666139125764925e+00
-1.495040025396369598e+00
-1.497254672812055043e+00
-1.481808051545137728e+00
-1.497353866646222942e+00
-1.496984145097766783e+00
-1.494622325466511858e+00
-1.479953488281644525e+00
-1.497443096594436085e+00
-1.491272282671542548e+00
-1.497934305297110136e+00
-1.444707039980148933e+00
-1.494434349298807252e+00
-1.472425432891049990e+00
-1.496830098919753160e+00
-1.427750543036328201e+00
-1.496493599893567339e+00
-1.497935520424141131e+00
-1.489906488261698803e+00
-1.473999456282311549e+00
-1.496424818690898606e+00
-1.497481581730446321e+00
-1.496510110463260990e+00
-1.461608758378056372e+00
-1.493058315564181449e+00
-1.485887772129864226e+00
-1.497946569105247816e+00
-1.476139081942399178e+00
-1.493323007234181876e+00
-1.496365472661663754e+00
-1.475531540387325702e+00
-1.497285442551302026e+00
-1.458890911652320987e+00
-1.442762752586879138e+00
-1.469606419080723425e+00
-1.497492207008913834e+00
-1.410765993020104414e+00
-1.480069379626391957e+00
-1.497914838582767416e+00
-1.492134742566474381e+00
-1.433930984876455428e+00
-1.497519413456998683e+00
-1.489788720281475243e+00
-1.489938094000270885e+00
-1.468050267401066478e+00
-1.497561447814185209e+00
-1.496178088923466820e+00
-1.492867187670009255e+00
-1.496807846801655240e+00
-1.470323075024982939e+00
-1.455733435476368243e+00
-1.497273761910697720e+00
-1.479908257294055840e+00
-1.471911618532549593e+00
-1.496392005759322963e+00
-1.497455136033736922e+00
-1.442096662143908636e+00
-1.415926140460343596e+00
-1.486207953517198588e+00
-1.492739544241746152e+00
-1.469008332064058564e+00
-1.459752685420767193e+00
-1.481571270224687487e+00
-1.496768946068965045e+00
-1.471480580064430388e+00
-1.497066695785333357e+00
-1.493278037013379134e+00
-1.472808335046896566e+00
-1.492656893611251423e+00
-1.421665314890579790e+00
-1.497927797309355213e+00
-1.430996416685145434e+00
-1.464652796381292310e+00
-1.473008954481443311e+00
-1.440884880166129145e+00
-1.488032061984200238e+00
-1.497573178792751314e+00
-1.492127324318443859e+00
-1.494931520513690826e+00
-1.496876295445580540e+00
-1.460310642395743930e+00
-1.492170033586066369e+00
-1.490082243208264101e+00
-1.483964959143300399e+00
-1.447950295966054846e+00
-1.444410029800186068e+00
-1.454327729708654093e+00
-1.452583670868237808e+00
-1.484012579377999241e+00
-1.488135576585902786e+00
-1.497465533887381905e+00
-1.486908865391113554e+00
-1.496723362554664316e+00
-1.496904370577986976e+00
-1.468707887891825603e+00
-1.469546587643870472e+00
-1.497960249403234245e+00
-1.497389232967765826e+00
-1.467241808960704219e+00
-1.480773596250640978e+00
-1.488524769720690033e+00
-1.496563334278431245e+00
-1.489941431228578139e+00
-1.497163821895192592e+00
-1.497104932588562809e+00
-1.497329069403184221e+00
-1.402282679557276035e+00
-1.496143395668388498e+00
-1.497588997807018929e+00
-1.465824434194363368e+00
-1.494734013693619135e+00
-1.497924796516765911e+00
-1.494851821002834535e+00
-1.497904135251385549e+00
-1.497903228629114514e+00
-1.494406397141297083e+00
-1.492710560905060602e+00
-1.460801110854028417e+00
-1.496631228180801187e+00
-1.453852302025256060e+00
-1.482536876848604024e+00
-1.497009326556504760e+00
-1.492742144436632001e+00
-1.475797626422199249e+00
-1.497931147616640368e+00
-1.496580068484961279e+00
-1.480524168191383660e+00
-1.497929034954348371e+00
-1.413081802643390228e+00
-1.496743975486067413e+00
-1.467340213847506458e+00
-1.438867205207906341e+00
-1.497499525037017998e+00
-1.497519844750663465e+00
-1.489879267272624208e+00
-1.488409267094631616e+00
-1.472768784145729981e+00
-1.493884779441064348e+00
-1.497001806010553659e+00
-1.472264356613669500e+00
-1.496911303966397710e+00
-1.494241291278152195e+00
-1.498014544763537126e+00
-1.491307711297032101e+00
-1.492753451644554641e+00
-1.455607152755988398e+00
-1.496384900095047543e+00
-1.493516629944351859e+00
-1.492226961747239233e+00
-1.497293321926957521e+00
-1.497421947750447124e+00
-1.497962720985242191e+00
-1.496342571359105200e+00
-1.496080883420695784e+00
-1.481654899912395074e+00
-1.472371245673644413e+00
-1.497446329758812977e+00
-1.458475581584562031e+00
-1.475067108773082003e+00
-1.497948884439375128e+00
-1.493152237923608405e+00
-1.492055637057128958e+00
-1.469193367047124443e+00
-1.465975539522772930e+00
-1.496756668568850257e+00
-1.487985933735335609e+00
-1.498007006228591287e+00
-1.468168746258716073e+00
-1.450681519277026599e+00
-1.490594467126047817e+00
-1.496787319172174779e+00
-1.463871440909093602e+00
-1.493140256025262680e+00
-1.492188567487156003e+00
-1.460281263754382497e+00
-1.496503366956699166e+00
-1.471391811933892235e+00
-1.485396918346894912e+00
-1.464005913236875900e+00
-1.476906341168923831e+00
-1.470220073684862072e+00
-1.497488894459583220e+00
-1.497155523254867671e+00
-1.497987669889157214e+00
-1.497952960730099203e+00
-1.497056112725860366e+00
-1.463808020254133924e+00
-1.467239407490648517e+00
-1.460879384343027665e+00
-1.497901452876556849e+00
-1.481002091106759178e+00
-1.497952843921202204e+00
-1.497253447640061186e+00
-1.494777575911573120e+00
-1.481766856572299229e+00
-1.463808962580381401e+00
-1.496742368824355074e+00
-1.496633735500777940e+00
-1.479188199081528987e+00
-1.496766215932174404e+00
-1.474285419133187558e+00
-1.471383803341312468e+00
-1.458477370499117409e+00
-1.496204509447202069e+00
-1.405740452722535450e+00
-1.486325940209263452e+00
-1.430421648639688570e+00
-1.473216703553247964e+00
-1.465771470918008523e+00
-1.486358025863417698e+00
-1.497921612432321581e+00
-1.497956094955572137e+00
-1.497926634444292082e+00
-1.496327196268474768e+00
-1.474171984442468553e+00
-1.497520717086973097e+00
-1.497196879133588787e+00
-1.497248150224307128e+00
-1.497450456697493992e+00
-1.492284404334032644e+00
-1.497515592645091598e+00
-1.492345936116502125e+00
-1.475798426951544062e+00
-1.467187025606779160e+00
-1.496843927790627804e+00
-1.488767483544340742e+00
-1.475486959308211832e+00
-1.480073241587273492e+00
-1.497849451029403811e+00
-1.497922475573647105e+00
-1.454740974086073946e+00
-1.477561528295634918e+00
-1.480996726745086756e+00
-1.447369212407687344e+00
-1.443412893418642318e+00
-1.496397409883958085e+00
-1.497991371337199729e+00
-1.496605865869215846e+00
-1.489417668139106699e+00
-1.420235900327933454e+00
-1.490598619770694855e+00
-1.497337510544388239e+00
-1.497913816627594263e+00
-1.493899302546393137e+00
-1.472719882622093746e+00
-1.497439003448714168e+00
-1.497941261182508033e+00
-1.490018072481917866e+00
-1.486856602185179455e+00
-1.497332038131790943e+00
-1.497456374052731132e+00
-1.494019072687011285e+00
-1.497979744416539027e+00
-1.497999587823587886e+00
-1.459001093036640384e+00
-1.495492299715389217e+00
-1.497949427237938780e+00
-1.442157143520244267e+00
-1.481105928277181460e+00
-1.497416541484806185e+00
-1.482929233891848497e+00
-1.452380270168929233e+00
-1.462050995011142884e+00
-1.496496066748565834e+00
-1.488258714134793603e+00
-1.476413803168308947e+00
-1.409003090045828133e+00
-1.480174297585958421e+00
-1.489437197130395463e+00
-1.446436762408115584e+00
-1.493487036936171242e+00
-1.497419688496258283e+00
-1.470070363251361423e+00
-1.496746265694229860e+00
-1.472656505980077135e+00
-1.459675455213920614e+00
-1.475522659817459115e+00
-1.452412665899847077e+00
-1.496880800981959636e+00
-1.463215237315181216e+00
-1.497969618216691723e+00
-1.497952438081516569e+00
-1.496620561810373395e+00
-1.496746024389421281e+00
-1.497390914444423737e+00
-1.497922987627221758e+00
-1.469209899543836295e+00
-1.464030303019254742e+00
-1.497931356854482088e+00
-1.496742106536554484e+00
-1.469838930709598257e+00
-1.476587025173883960e+00
-1.483484001376377703e+00
-1.474098997762192997e+00
-1.496559871599215441e+00
-1.465345641261689202e+00
-1.492956204730382597e+00
-1.496173093833484291e+00
-1.442062319683553806e+00
-1.496975548804707401e+00
-1.497943370213815850e+00
-1.497566005611508988e+00
-1.494858871620157847e+00
-1.497988177000769250e+00
-1.497024383944407067e+00
-1.488116354709354328e+00
-1.479791750659811944e+00
-1.494152321605768385e+00
-1.462793963789225105e+00
-1.489703005791464419e+00
-1.448903818862691262e+00
-1.497932832450297180e+00
-1.435397982466858569e+00
-1.497956153838542415e+00
-1.491075834330642280e+00
-1.494175415219178404e+00
-1.497039657004110236e+00
-1.494462217608362842e+00
-1.453175120146237065e+00
-1.495816460832501082e+00
-1.478760555513695785e+00
-1.468461246108329066e+00
-1.492105990536615412e+00
-1.494823449426666562e+00
-1.497062008641113273e+00
-1.493005905055382110e+00
-1.490861384279219770e+00
-1.491086369367156994e+00
-1.484354612857714528e+00
-1.484417523686108797e+00
-1.465150027003128352e+00
-1.453820057617224215e+00
-1.493874760577137417e+00
-1.496555156203014603e+00
-1.453447400120114530e+00
-1.486889346198826178e+00
-1.419482189563497698e+00
-1.496703386064716312e+00
-1.496710596641934732e+00
-1.459611802003143666e+00
-1.497933452718789971e+00
-1.479634240215572216e+00
-1.483218842565774853e+00
-1.489427761515970339e+00
-1.497579490815649228e+00
-1.467428703618291808e+00
-1.451126364329041518e+00
-1.495946162184110140e+00
-1.471465988740175757e+00
-1.480341725056209423e+00
-1.467894827110166389e+00
-1.497966179817468824e+00
-1.494508346110237085e+00
-1.496580672754488361e+00
-1.497483533433877634e+00
-1.452926024280703388e+00
-1.497385110899083882e+00
-1.484988235192805650e+00
-1.497486214533737758e+00
-1.496773453075342264e+00
-1.496581484649836202e+00
-1.497076714032282263e+00
-1.497925147889472175e+00
-1.485251020027327007e+00
-1.486524308567620745e+00
-1.497966979932823461e+00
-1.497289361532140761e+00
-1.493305442018322049e+00
-1.473895843324690924e+00
-1.497920050195581165e+00
-1.484340107656399788e+00
-1.496093164829815469e+00
-1.497966748447991936e+00
-1.497318676925557757e+00
-1.483766208770247896e+00
-1.455451555794207597e+00
-1.471875183629886230e+00
-1.453117829458351551e+00
-1.479393298824485115e+00
-1.492366045494319060e+00
-1.496494475591849893e+00
-1.443604585468371448e+00
-1.462052369728047196e+00
-1.492978117819738770e+00
-1.496801439812807777e+00
-1.463440851506634388e+00
-1.493181194530294631e+00
-1.445560097159639179e+00
-1.487593810297890728e+00
-1.426367415265449967e+00
-1.494099209992509891e+00
-1.477883393797614575e+00
-1.488032585433791022e+00
-1.497358333614629222e+00
-1.490231723603966385e+00
-1.496578864928938879e+00
-1.496639445765175935e+00
-1.490034617136603234e+00
-1.430922079954948467e+00
-1.496646042766867968e+00
-1.477009181496154566e+00
-1.474553555803375771e+00
-1.486793267341146363e+00
-1.497905553975263926e+00
-1.492748261838706014e+00
-1.497933365204864309e+00
-1.497032252114073536e+00
-1.497090840444905258e+00
-1.497515163670437577e+00
-1.496269191561145906e+00
-1.475807119337558371e+00
-1.478785766484404629e+00
-1.492006902585337746e+00
-1.496423709681804937e+00
-1.496524211713937458e+00
-1.471947493277677932e+00
-1.463241042115421164e+00
-1.484168999807102596e+00
-1.497979610931643668e+00
-1.498008126042700727e+00
-1.496881179264631490e+00
-1.494046900062602434e+00
-1.484272348920920415e+00
-1.496536408622114678e+00
-1.497531066858627913e+00
-1.454778523118850364e+00
-1.493095043365626262e+00
-1.493370223714181932e+00
-1.477965852136243319e+00
-1.490740598323450739e+00
-1.464058844886288346e+00
-1.443004816365062393e+00
-1.463635805321738870e+00
-1.493596295516247174e+00
-1.497475848863076608e+00
-1.416682426547705376e+00
-1.497431128119056210e+00
-1.465699566311878366e+00
-1.497415840448360846e+00
-1.445187169200765398e+00
-1.494713309051288075e+00
-1.497938142272032369e+00
-1.497999545363606133e+00
-1.488169458980637128e+00
-1.459037857600058441e+00
-1.478302586455255030e+00
-1.497412441435087116e+00
-1.461689403512160812e+00
-1.494366216335634601e+00
-1.456385830973326856e+00
-1.497185560316686370e+00
-1.497908542044857017e+00
-1.497955261170239361e+00
-1.497966807111944521e+00
-1.461437935654521958e+00
-1.497961981865839842e+00
-1.466617380655219627e+00
-1.437776692515519317e+00
-1.435156539517160157e+00
-1.498001066290391314e+00
-1.470090444026189935e+00
-1.446456958783862712e+00
-1.410386604368412566e+00
-1.474854308496341693e+00
-1.492773027079778325e+00
-1.474051266208615374e+00
-1.497962128924733571e+00
-1.497496323817594011e+00
-1.491297650907145167e+00
-1.421364265154865691e+00
-1.484205122933044851e+00
-1.497237197551117616e+00
-1.491427863544346533e+00
-1.470881170085842848e+00
-1.497966491416213630e+00
-1.479012816713687783e+00
-1.497992154033556123e+00
-1.497937653868427255e+00
-1.497956848236960958e+00
-1.493799809171466375e+00
-1.489997946752109614e+00
-1.497019966458952966e+00
-1.458721519737622874e+00
-1.497977336970482520e+00
-1.497314540090871615e+00
-1.467854045490996739e+00
-1.494881460526970907e+00
-1.480282756201655836e+00
-1.497969532115750235e+00
-1.462697743718651688e+00
-1.458905640890450606e+00
-1.488132637331266883e+00
-1.497928847800498398e+00
-1.497916831434178642e+00
-1.456952223358530585e+00
-1.491464637388752790e+00
-1.409695366510712145e+00
-1.492936486371251315e+00
-1.475031498318744250e+00
-1.493445906576256865e+00
-1.497909645280965929e+00
-1.497615305309843103e+00
-1.496639494868158504e+00
-1.497946384475385750e+00
-1.491705965763527209e+00
-1.496582252376206235e+00
-1.497940006166520899e+00
-1.495305558529679280e+00
-1.476614681466639212e+00
-1.428233899956342201e+00
-1.497501724427233949e+00
-1.496335880318493849e+00
-1.464616092632808675e+00
-1.493575327125127084e+00
-1.491488406765618224e+00
-1.492278398735853662e+00
-1.497029229872490097e+00
-1.497043302473168636e+00
-1.443449602296103862e+00
-1.494030107939126717e+00
-1.473047553376390928e+00
-1.497923275705997703e+00
-1.497034024957643039e+00
-1.497967981391014947e+00
-1.473575665205367535e+00
-1.437872069216768356e+00
-1.475237385545064672e+00
-1.483211485083679948e+00
-1.497969838956505706e+00
-1.497258989245595417e+00
-1.458557987240241216e+00
-1.472294281385582604e+00
-1.497974817658515256e+00
-1.497894272342340294e+00
-1.494217184173575852e+00
-1.480830277568016884e+00
-1.473632444090670068e+00
-1.491271716395017322e+00
-1.493766251636467146e+00
-1.497405136401974701e+00
-1.493961314188482215e+00
-1.483521086803527345e+00
-1.492956600437055137e+00
-1.496875824830966817e+00
-1.497148065294863217e+00
-1.491493679348378398e+00
-1.447863667914760066e+00
-1.453870083405947700e+00
-1.481425864269712900e+00
-1.466622142872397561e+00
-1.479335268168184836e+00
-1.497389619484456480e+00
-1.497932216346804069e+00
-1.463722470875989057e+00
-1.474080536700059563e+00
-1.493417372926245434e+00
-1.474579377882608622e+00
-1.497976589725092733e+00
-1.472671201480271863e+00
-1.493380985676518780e+00
-1.488196760667662044e+00
-1.497924116147320017e+00
-1.471303300102108524e+00
-1.496637536323712547e+00
-1.497931461862410663e+00
-1.497087019681002662e+00
-1.497893005819350254e+00
-1.489322228336910081e+00
-1.470926037081723425e+00
-1.449684835643144432e+00
-1.497969789444563604e+00
-1.493318114753110271e+00
-1.460993685154034383e+00
-1.463074257412639190e+00
-1.497436080613059106e+00
-1.497972958763003293e+00
-1.473246437822326449e+00
-1.497520215811356525e+00
-1.474533311309685013e+00
-1.496683306693890492e+00
-1.483401391759854748e+00
-1.493598951980103839e+00
-1.491644082234321766e+00
-1.496952351198364450e+00
-1.497982744389134258e+00
-1.497955598243967179e+00
-1.497574423586736758e+00
-1.493474860920974923e+00
-1.496339219805813414e+00
-1.448977028061779526e+00
-1.473926070528360111e+00
-1.493494608364074994e+00
-1.488537990792035970e+00
-1.496746685328892879e+00
-1.497930447964217260e+00
-1.490979271799351746e+00
-1.472700872460393828e+00
-1.457337441440499370e+00
-1.496890335588266341e+00
-1.471821436269116434e+00
-1.496116942448685982e+00
-1.497970223647216326e+00
