-5.335892113353496446e-01
-5.163826691414600267e-01
-5.733572291638141527e-01
-5.952112479563241854e-01
-5.496640699412113085e-01
-5.524439150895362749e-01
-5.912161888982540026e-01
-6.106558042074924364e-01
-6.165837711151128664e-01
-6.189145902599578752e-01
-5.754882721658235445e-01
-6.076478781606441393e-01
-5.560051808561569109e-01
-6.238955604340320482e-01
-5.958577441479450121e-01
-6.237440007235294237e-01
-5.581817171032911196e-01
-6.239287676717525377e-01
-6.238777833487277880e-01
-6.054484723563676729e-01
-5.604155669416671648e-01
-5.690489476974492922e-01
-5.881250231023317232e-01
-6.235867115165477648e-01
-5.944617940540796175e-01
-6.222460503186469927e-01
-6.208140114750152483e-01
-6.237762095834499254e-01
-5.728246653880363359e-01
-5.642768564130550280e-01
-5.598472590054756060e-01
-5.496729733850246324e-01
-6.231220970358138933e-01
-5.970942145641332521e-01
-6.220407011415248766e-01
-6.031791782434469118e-01
-5.564121352936511888e-01
-5.931633124555831804e-01
-5.526106926109081163e-01
-6.106558042074924364e-01
-5.721700331624036684e-01
-5.340507599021678820e-01
-5.877431864346748247e-01
-6.185573311950450792e-01
-5.825055735613590135e-01
-5.903001251127010240e-01
-5.825273087676053896e-01
-6.180160688664203539e-01
-6.101560863162761583e-01
-6.232337253596073046e-01
-5.575221302415614977e-01
-6.237342367376571550e-01
-6.035613092090373888e-01
-6.237928094770198717e-01
-6.235754201616531267e-01
-6.183800744320636644e-01
-5.922749853189474001e-01
-6.124088736678844347e-01
-5.780347669924980059e-01
-6.010428751315360918e-01
-5.702581303622012987e-01
-5.446757423187976732e-01
-5.696383091117626085e-01
-6.223003054465537920e-01
-5.524121867920642748e-01
-6.237176405693775072e-01
-5.670530880297904863e-01
-5.789183536972289934e-01
-5.888921441938167467e-01
-6.037716409619336977e-01
-5.876865117307191744e-01
-6.237544762398486986e-01
-5.392405027951484575e-01
-5.478172349240070238e-01
-5.199106531645542040e-01
-6.170660267080551042e-01
-5.437427433635478868e-01
-5.435848506595378771e-01
-6.127490671779399767e-01
-5.508323843087440386e-01
-6.236183839346652880e-01
-6.240741210486179247e-01
-6.033919835891013994e-01
-4.953658404256587877e-01
-6.227959292437320604e-01
-5.985503094698673143e-01
-6.179649504329448595e-01
-5.969134560282712831e-01
-6.013332354332691088e-01
-6.067366628404146089e-01
-5.405791597868686571e-01
-4.222252043391948595e-01
-6.102840835656410112e-01
-5.682256343271022692e-01
-6.240069913174396410e-01
-6.231825286950355425e-01
-5.886039371098762407e-01
-5.743895834739690676e-01
-6.238920512105708971e-01
-6.231164755727535143e-01
-6.236936012710815325e-01
-6.060992880220895662e-01
-5.439443262721782579e-01
-5.624445425774341478e-01
-6.093306215907817736e-01
-5.471543604935890093e-01
-6.157607818450218096e-01
-6.046539778317695513e-01
-5.922749853189474001e-01
-5.407464290465598955e-01
-6.232923316265827074e-01
-6.229310119952445879e-01
-5.928375693465953722e-01
-5.765810041184907808e-01
-5.888952287341838732e-01
-5.323443310763126268e-01
-6.180160688664203539e-01
-6.182184564377551927e-01
-5.459927702750450029e-01
-5.921037840153461351e-01
-5.951181492264753237e-01
-6.010428751315360918e-01
-5.437427433635478868e-01
-5.788012342955356493e-01
-5.941353226508384600e-01
-5.118254544641261949e-01
-6.232240954841857805e-01
-5.980625758375411882e-01
-6.010428751315360918e-01
-5.567300608809476747e-01
-5.561064156200176134e-01
-5.544612231160884752e-01
-6.240620362068897142e-01
-5.541225867773776903e-01
-5.818754779602771654e-01
-6.060120435859447374e-01
-5.735778725202566042e-01
-6.237975405956989183e-01
-5.980055397804265871e-01
4.710527089927906141e-01
-6.212285133506542101e-01
-6.062834291215425386e-01
-5.854788842107540026e-01
-5.575197199787383928e-01
-5.921771945859676256e-01
-5.903537450786119356e-01
-5.449653910900836840e-01
-6.213891106154209032e-01
-6.238955604340320482e-01
-5.088173272516017809e-01
-6.239458444024806871e-01
-6.096393438483959093e-01
-5.963041885252481356e-01
-5.584647292699104204e-01
-6.067366628404146089e-01
-5.993379848505741014e-01
-5.431391941811328783e-01
-6.010725489314084902e-01
-6.241258951331859484e-01
-6.157571794893031969e-01
-6.233675377871280565e-01
-5.989945093597656145e-01
-6.207985179926639452e-01
-6.237476068045383348e-01
-5.577855399306302919e-01
-5.384854050781017198e-01
-6.238128701652770891e-01
-5.980625758375411882e-01
-6.141930008734947100e-01
-6.164440634156947985e-01
-5.761419041510110750e-01
-6.149529954846387758e-01
-5.860757502223735704e-01
-6.033558072950130358e-01
-6.237852657641654863e-01
-5.651257643903976335e-01
-6.209569843913799181e-01
-6.199661540295368090e-01
-6.235466646458392992e-01
-5.813855817969327822e-01
-5.937640117909198656e-01
-6.171967434193378343e-01
-5.536046596671825304e-01
-5.834269719626193895e-01
-5.744973281826263323e-01
-5.700000832285171404e-01
-5.724451104606872454e-01
-6.109168203975444689e-01
-5.351005914117580309e-01
-5.965966778303867235e-01
-6.237762095834499254e-01
-5.444948682989364519e-01
-6.134241382087951555e-01
-5.564086763616090670e-01
-5.981954234148746385e-01
-6.012820648457294359e-01
-5.605639657433515444e-01
-6.231938945557361498e-01
-6.144966958518510713e-01
-6.071198219861274614e-01
-5.888319137002712145e-01
-5.258263769056087389e-01
-5.871745432223564043e-01
-5.877431864346748247e-01
-5.695018740798717394e-01
-6.157728406097179308e-01
-6.139132054950481310e-01
-5.767374104316717043e-01
-6.199917803014999285e-01
-6.151730632837301149e-01
-6.229181783701663866e-01
-6.236574510540252581e-01
-5.971763330008273973e-01
-5.802304977978950395e-01
-6.233088197614436998e-01
-5.419459911491161241e-01
-6.224522861148601427e-01
-6.218092563058620348e-01
4.710527089927906141e-01
-5.641015777792220964e-01
-5.452602589930778398e-01
-5.875677587892299547e-01
-5.544063048865085497e-01
-6.142876716758495226e-01
-5.205450850035434618e-01
-5.836142944599872484e-01
-5.940871080811506166e-01
-5.910917139108663454e-01
-5.644274848009830370e-01
-6.235110769476180925e-01
-6.095674680973773851e-01
-6.234492930080181017e-01
-5.671373559589868441e-01
-6.033919835891013994e-01
-5.596803809012657061e-01
-5.019029202367549791e-01
-5.711817974652534380e-01
-5.757487221117502108e-01
-6.238382244910484209e-01
-5.602075802590137377e-01
-6.177120330240016832e-01
-5.973588591869359865e-01
-5.882332744504695787e-01
-6.105233477856403246e-01
-5.712542189713006868e-01
-5.761725167240386858e-01
-5.963440845216995134e-01
-5.711075673307662859e-01
-6.241818489934688463e-01
-6.199917803014999285e-01
-6.130534979011302843e-01
-6.123834150339847460e-01
-6.235276880170589342e-01
-5.648139054383521929e-01
-5.842741327788120165e-01
-6.238741958941703691e-01
-5.872935923244243517e-01
-5.203752564694171800e-01
-5.627372870649581804e-01
-6.093306215907817736e-01
-5.437663915063625231e-01
-6.237829672600513353e-01
-6.237503188158756151e-01
-6.231938945557361498e-01
-6.232240954841857805e-01
-5.947518246676212206e-01
-5.951890284623390093e-01
-6.234151544477229967e-01
-6.157728406097179308e-01
-5.921771945859676256e-01
-5.754007185305839434e-01
-5.562040443028694048e-01
-5.451791556979900255e-01
-6.225223513747936144e-01
-5.906508891339784517e-01
-5.542936558331733599e-01
-6.240620362068897142e-01
-5.672880830671077623e-01
-5.475195991303211107e-01
-5.759219853635316744e-01
-5.853704708124881639e-01
-5.866693975831752672e-01
-6.238267245198970690e-01
-6.157571794893031969e-01
-5.772505822088008776e-01
-5.888921441938167467e-01
-5.660255598332172289e-01
-5.719522508289104357e-01
-5.875733765270000353e-01
-5.599287869836574449e-01
-5.485939803029781237e-01
-5.973588591869359865e-01
-6.239977823998218431e-01
-6.066330830063110247e-01
-5.623907791878467455e-01
-6.105606230403667345e-01
-5.962321935649400606e-01
-5.607519774194246187e-01
-6.157728406097179308e-01
-6.233030492867713823e-01
-5.318789044822936907e-01
-6.239237236286884203e-01
-6.240741210486179247e-01
-5.985503094698673143e-01
-6.144908899869209185e-01
-6.180160688664203539e-01
-6.162455575968509569e-01
-6.205667937602287187e-01
-5.726458011622911348e-01
-5.649145385678296938e-01
-6.192582520152812853e-01
-6.232597353364711656e-01
-5.438004257585292711e-01
-5.747453412468915834e-01
-5.936400825585609331e-01
-5.681356015111690416e-01
-5.922749853189474001e-01
-5.953787593598848238e-01
-6.106721507813220873e-01
-6.236574510540252581e-01
