-5.335805502370644104e-01
-5.165444075383409661e-01
-5.734027422781052818e-01
-5.952970927560561343e-01
-5.497279625050112140e-01
-5.526161139176855031e-01
-5.911773422235455655e-01
-6.106980542017024227e-01
-6.166393654792988732e-01
-6.189023697341076158e-01
-5.755258595224935769e-01
-6.076929329141773639e-01
-5.560622906073104943e-01
-6.239374745519791210e-01
-5.958735674921006309e-01
-6.237842371472760439e-01
-5.582405799472779373e-01
-6.239706869472044781e-01
-6.239202840528076388e-01
-6.054663169260801059e-01
-5.604354515058789232e-01
-5.691054609284651455e-01
-5.882017835342187029e-01
-6.236315566331771532e-01
-5.944935714697169304e-01
-6.222905507763847321e-01
-6.208431292932077294e-01
-6.238191873741342208e-01
-5.729137550416519842e-01
-5.644139606570703904e-01
-5.598514307408855029e-01
-5.496191581875864429e-01
-6.231629890232556201e-01
-5.970777486540093104e-01
-6.220900176267244452e-01
-6.032029429196243964e-01
-5.563647120188937034e-01
-5.931917107004113232e-01
-5.526248211876824135e-01
-6.106980542017024227e-01
-5.724899141187257401e-01
-5.340415580150449371e-01
-5.878759730424027996e-01
-6.185853841182148427e-01
-5.826597712412441288e-01
-5.903945687184847246e-01
-5.825464739454486729e-01
-6.180590362627688128e-01
-6.101809343868728197e-01
-6.232775901329992152e-01
-5.575150774981065815e-01
-6.237756482031835414e-01
-6.035945402724752773e-01
-6.238347141816317221e-01
-6.236142086681419894e-01
-6.184301472101184638e-01
-5.923187275799663976e-01
-6.124307353242834928e-01
-5.780642320636635301e-01
-6.010925924989657387e-01
-5.702857064986250890e-01
-5.446842445540888145e-01
-5.697359552600735899e-01
-6.223345326139665401e-01
-5.524198954445936893e-01
-6.237624201258353818e-01
-5.670580767081265794e-01
-5.789426227107343781e-01
-5.889277790059170847e-01
-6.038318298074978330e-01
-5.877582892071118170e-01
-6.237949474236390568e-01
-5.392861463193276972e-01
-5.476065560982471547e-01
-5.200485105683491094e-01
-6.171262197985178943e-01
-5.438825237933027079e-01
-5.435732336881728965e-01
-6.127995195535120843e-01
-5.509559612137407969e-01
-6.236619942856507226e-01
-6.241183420104225998e-01
-6.035430465308972980e-01
-4.951054031429683033e-01
-6.228369013846960511e-01
-5.985311392833871924e-01
-6.179820284837854727e-01
-5.969872164398635217e-01
-6.013344697573016484e-01
-6.068002392926004074e-01
-5.405472357704492747e-01
-4.220290326110976431e-01
-6.103457034603080311e-01
-5.682885793818800435e-01
-6.240489214762675596e-01
-6.232179743660145599e-01
-5.886291791042205235e-01
-5.744105317280453482e-01
-6.239365667176651753e-01
-6.231588049576383126e-01
-6.237374994469002676e-01
-6.061485130640884567e-01
-5.440290014643947014e-01
-5.625648679001591379e-01
-6.093318008822335985e-01
-5.471977844722224482e-01
-6.157401396219764900e-01
-6.047377389414227977e-01
-5.923187275799663976e-01
-5.407161678814896844e-01
-6.233318089013759611e-01
-6.229716634812361153e-01
-5.928168827140756214e-01
-5.765823130182700096e-01
-5.889296195514218679e-01
-5.320796674069159238e-01
-6.180590362627688128e-01
-6.182453665528591102e-01
-5.459433016078076850e-01
-5.919634348789304390e-01
-5.951299457885816935e-01
-6.010925924989657387e-01
-5.438825237933027079e-01
-5.786960454612064542e-01
-5.941530232137770540e-01
-5.119194198874001955e-01
-6.232658761624535471e-01
-5.980996079946484523e-01
-6.010925924989657387e-01
-5.567208535442852435e-01
-5.561439657845758111e-01
-5.544701136806566844e-01
-6.241045830144915652e-01
-5.541248538685130676e-01
-5.819068625011906137e-01
-6.060306025040015365e-01
-5.736396274284618624e-01
-6.238372485366009412e-01
-5.980639854553526646e-01
4.710573986972053651e-01
-6.212673183078410988e-01
-6.063703575295416037e-01
-5.855050056444868201e-01
-5.575699442959435315e-01
-5.922494592107462319e-01
-5.904021145913984636e-01
-5.449178417991047407e-01
-6.214289215587890380e-01
-6.239374745519791210e-01
-5.084443577280692850e-01
-6.239884162879587581e-01
-6.096567188367989498e-01
-5.963090522786509418e-01
-5.586103100157312484e-01
-6.068002392926004074e-01
-5.994053732918248611e-01
-5.430578065549669375e-01
-6.011001492639225230e-01
-6.241673117719703789e-01
-6.158124699817595360e-01
-6.234066269731846077e-01
-5.989837250061217366e-01
-6.208409937769239217e-01
-6.237910099248495932e-01
-5.577779203765900196e-01
-5.385614865825419928e-01
-6.238530630538757782e-01
-5.980996079946484523e-01
-6.142894261724544114e-01
-6.164611063567355664e-01
-5.761375965871764482e-01
-6.150113217125257048e-01
-5.860894987041280757e-01
-6.033762011961882887e-01
-6.238268512089842899e-01
-5.651293472043672494e-01
-6.209814843668782780e-01
-6.200113324206265597e-01
-6.235895947349202606e-01
-5.814630136653851089e-01
-5.938553264623299688e-01
-6.172532794642395793e-01
-5.536657097749848599e-01
-5.834869527765697006e-01
-5.745372123451021329e-01
-5.700054233642058987e-01
-5.725164874973609486e-01
-6.109527367737801473e-01
-5.351651208838633655e-01
-5.967036823230577047e-01
-6.238191873741342208e-01
-5.444332241840813547e-01
-6.134567764615799224e-01
-5.564065162772893203e-01
-5.982484937008646364e-01
-6.013431361773199368e-01
-5.606065658121852646e-01
-6.232326661721575567e-01
-6.145465884865484174e-01
-6.071797031272131440e-01
-5.888443137810944750e-01
-5.258288645954336538e-01
-5.871389427545490314e-01
-5.878759730424027996e-01
-5.695318711482663110e-01
-6.158237044617409506e-01
-6.139605208571727868e-01
-5.767185853365955905e-01
-6.199976207506691095e-01
-6.152523780095358052e-01
-6.229525981655765765e-01
-6.236992399556903210e-01
-5.972460295166059918e-01
-5.803236344523456935e-01
-6.233549730257217369e-01
-5.418134614354020995e-01
-6.224980082004166748e-01
-6.218622255050487713e-01
4.710573986972053651e-01
-5.640713821027830699e-01
-5.452069243654439346e-01
-5.875011381820548495e-01
-5.545015270043824884e-01
-6.143210227740512064e-01
-5.204854259727135224e-01
-5.836288541623718684e-01
-5.941310475854556516e-01
-5.908823662259239384e-01
-5.643792343300062520e-01
-6.235537822107470873e-01
-6.096263302842099829e-01
-6.234974654000802197e-01
-5.672288422417421927e-01
-6.035430465308972980e-01
-5.596285655732579079e-01
-5.019039421006548096e-01
-5.711259088594510258e-01
-5.757527234088825052e-01
-6.238784963394147232e-01
-5.602851139248713475e-01
-6.177577541862755428e-01
-5.974107897830132075e-01
-5.882501167982918666e-01
-6.105946573739552408e-01
-5.713449423671824734e-01
-5.761365892319966209e-01
-5.963148917629577106e-01
-5.711246276904816677e-01
-6.242241455812442830e-01
-6.199976207506691095e-01
-6.131134522708826529e-01
-6.123931228125797377e-01
-6.235670718920439670e-01
-5.648194475437596784e-01
-5.842254188462874254e-01
-6.239170681403947150e-01
-5.873464795764949953e-01
-5.204907737894117759e-01
-5.626556294431526162e-01
-6.093318008822335985e-01
-5.434986364812336435e-01
-6.238275415964207316e-01
-6.237954092313099386e-01
-6.232326661721575567e-01
-6.232658761624535471e-01
-5.948577630806219929e-01
-5.952112882590829823e-01
-6.234524923292359411e-01
-6.158237044617409506e-01
-5.922494592107462319e-01
-5.754741643610841173e-01
-5.563001982948025947e-01
-5.451807270085070600e-01
-6.225580422281029591e-01
-5.907258143339293444e-01
-5.544196016972897656e-01
-6.241045830144915652e-01
-5.674199814818801091e-01
-5.475234136881910185e-01
-5.759509791613702800e-01
-5.854234535851360333e-01
-5.865707278588501161e-01
-6.238685649804036615e-01
-6.158124699817595360e-01
-5.773536454245093985e-01
-5.889277790059170847e-01
-5.660073066397697250e-01
-5.719741297458380558e-01
-5.875661745687404958e-01
-5.599259856248639533e-01
-5.486005740322758006e-01
-5.974107897830132075e-01
-6.240401299043649708e-01
-6.067181295926538098e-01
-5.623616968917053427e-01
-6.105815831984480191e-01
-5.962607508595428873e-01
-5.607656688101521070e-01
-6.158237044617409506e-01
-6.233412303957935885e-01
-5.318771457739164266e-01
-6.239644403422468510e-01
-6.241183420104225998e-01
-5.985311392833871924e-01
-6.144877513288817816e-01
-6.180590362627688128e-01
-6.162703739632637845e-01
-6.205898367580622299e-01
-5.727638275463026174e-01
-5.650134422466266404e-01
-6.192828649328927515e-01
-6.233044665413827179e-01
-5.437573042450550842e-01
-5.746906952035829574e-01
-5.937177621180643738e-01
-5.681603472080716255e-01
-5.923187275799663976e-01
-5.953551912563149751e-01
-6.107086591612216342e-01
-6.236992399556903210e-01
