-5.648040685903237268e-01
-5.091748282413885995e-01
-5.477509152244732782e-01
-4.909198794614479944e-01
-5.262410312991545602e-01
-4.826733198117421075e-01
-5.285872554507062837e-01
-5.389336746286557123e-01
-5.370502577263818189e-01
-5.713755216550038263e-01
-5.477489650350020334e-01
-5.134105410527394220e-01
-5.761988971482918664e-01
-5.305965121936009332e-01
-5.721386250209019586e-01
-5.084818944435522958e-01
-5.110343553226397439e-01
-5.399110934797630712e-01
-5.581624124299691125e-01
-5.618232440303967401e-01
-5.508556541155980035e-01
-5.055006098102734491e-01
-5.348179757695601388e-01
-5.767781462620900079e-01
-5.771469462763474390e-01
-5.345457315545485422e-01
-5.770016562294171258e-01
-5.507671393554613992e-01
-5.648040685903237268e-01
-5.672512695293829843e-01
-5.656888585638211175e-01
-5.377490844678090021e-01
7.841030246504088197e-02
-5.020647335898087427e-01
-5.217056375097439691e-01
-5.772149924289391443e-01
-5.068069275569127008e-01
-5.499307194825218126e-01
-5.738366682182953760e-01
-5.427124493855939313e-01
-4.898629363726780817e-01
-5.712250795315907403e-01
-5.249801546435759469e-01
-5.756304849039719507e-01
-5.340377714585469171e-01
-4.686139997195408746e-01
-5.050596807252571985e-01
-4.952660303663418695e-01
-5.483764156799719736e-01
-5.371792528878853723e-01
-5.765981178831265375e-01
-5.771949391912625238e-01
-5.764404747735665246e-01
-4.653847392748997613e-01
-5.751926627110646173e-01
-5.762791920553849145e-01
-5.094358053158924982e-01
-5.737164568256543085e-01
-5.770429808746979639e-01
-4.749946843933270380e-01
-5.764202538978264734e-01
-5.125915248047516748e-01
-5.767604809354947015e-01
-5.592741638522551462e-01
-5.578778170149729654e-01
-5.701025396686003610e-01
-5.281904440473721429e-01
-5.020433094453022882e-01
-3.664832662891552850e-01
-5.500492544945285722e-01
-5.120070677351162836e-01
-5.771150540661023065e-01
-5.415375901486680910e-01
-5.763823118161366388e-01
-5.103579096596644327e-01
-5.689951207589314386e-01
-5.134105410527394220e-01
-5.264036737482951089e-01
-5.763472978126213953e-01
-5.605282325398133203e-01
-4.970851641248867914e-01
-4.874166760694191858e-01
-5.147767726432488367e-01
-5.071392309021161005e-01
-5.351985234867737695e-01
-5.504917770724699899e-01
-5.666655253719494745e-01
-5.760888371717141077e-01
-4.965298201989338800e-01
-5.492973540078804895e-01
-5.145458325844214365e-01
-5.764041233908341333e-01
-5.283675257217095300e-01
-5.571094405006573602e-01
-4.832149472188160821e-01
-5.757045921038792535e-01
-4.753313686799214288e-01
-5.315824009578631326e-01
-5.283736538242504999e-01
-5.472281713139222070e-01
-5.664915543150113031e-01
-5.246869687091515466e-01
-5.759816680204079553e-01
-5.449147194724486276e-01
-5.767790924858258172e-01
-5.763402383875058099e-01
-4.859071362864182397e-01
-5.468730934064791604e-01
-5.560340162467167779e-01
-5.106057532232211038e-01
-5.610984254728959009e-01
-5.077968750249550745e-01
-5.761988971482918664e-01
-5.619003016602204248e-01
-5.696591425787613794e-01
-5.769750017773316308e-01
-5.188120778750584527e-01
-5.763402383875058099e-01
-5.702143374931023523e-01
-5.755456786703274652e-01
-5.462119326095984384e-01
-5.764506187390492364e-01
-5.142133914034769937e-01
-5.531299494307444498e-01
-5.752322662722275659e-01
-5.569772765140936777e-01
-5.707169573854611322e-01
-5.025752846252129480e-01
-5.399356496620879575e-01
-5.707169573854611322e-01
-5.765374962340996667e-01
-5.760470841180489465e-01
-5.710128087650940820e-01
-5.765046801518605157e-01
-5.441477795232043668e-01
-5.764009568940804407e-01
-5.751405198227570459e-01
-5.760956954311535760e-01
-5.770543616365597650e-01
-5.449147194724486276e-01
-5.196059130232737466e-01
-4.973752077769444391e-01
-5.260050341587469980e-01
-5.319173809241459772e-01
-5.560340162467167779e-01
-5.370502577263818189e-01
-4.971915062617466852e-01
-5.610696587812111780e-01
-5.681954015146897241e-01
-5.540788423370526239e-01
-5.415208496253893777e-01
-5.262355625729964181e-01
-5.770543616365597650e-01
5.190846074271990851e-01
-5.293455895136998102e-01
-5.440899066727564737e-01
-5.283736538242504999e-01
-5.769931402157948419e-01
-5.590961471300528451e-01
-5.764019701730416223e-01
-5.232474830102131769e-01
-5.283618968080685541e-01
-5.504549246381924554e-01
-5.062834460388825342e-01
-5.749710191141770288e-01
-5.749710191141770288e-01
-5.611947987329171106e-01
-5.717281725358174249e-01
-5.478466030310795709e-01
-5.362724091958210870e-01
-5.102624509584114953e-01
-5.097700085591481134e-01
-5.764327000927136346e-01
-4.925139423560307428e-01
-4.857365366172001764e-01
-5.263583183389113351e-01
-5.748764451693699762e-01
-5.771522920679257318e-01
-5.371792528878853723e-01
-5.019383307646916315e-01
-3.664832662891552850e-01
-5.618232440303967401e-01
-5.680154606800482675e-01
-5.761988971482918664e-01
-5.765829335998700067e-01
-5.178150523554490015e-01
-5.769934307884381219e-01
-5.212666027348444864e-01
-4.948588859390423700e-01
-5.765798974882767602e-01
-5.665524181079075738e-01
-5.705111313711808130e-01
-5.610696587812111780e-01
-5.672512695293829843e-01
-5.769862223517105981e-01
-5.669794425468848154e-01
-4.821424324165985986e-01
-5.416083362054036066e-01
-5.393495343726084634e-01
-5.142924402009652063e-01
-5.220701236378357812e-01
-5.228491824220822259e-01
-5.757542912017510339e-01
-5.769360762190030023e-01
-5.477826714616225168e-01
-3.731319259952710077e-01
-5.764483239602253839e-01
-5.764676693927452966e-01
-5.757593873988793298e-01
-4.925559189271138116e-01
-5.767547551643059656e-01
-5.538327291708395883e-01
-4.820768263291523859e-01
-5.312013708155558511e-01
-5.331548031520054742e-01
-5.751926627110646173e-01
-5.686843626301691934e-01
-5.763080965828106805e-01
-5.358148187499449655e-01
-5.400112316112921640e-01
-5.370728651162193223e-01
-5.679185267638371393e-01
-5.578778170149729654e-01
-5.217869084428952142e-01
-5.110880572449372217e-01
-5.525324761968062326e-01
-5.385873492907689020e-01
-5.182779345761940881e-01
-5.047885950755284235e-01
-4.973094116996930047e-01
-5.504549246381924554e-01
-5.769562188636467859e-01
-5.763483669709370538e-01
-5.669794425468848154e-01
-5.748542647909329339e-01
-4.672724109243557855e-01
-5.151949811827347681e-01
-5.759484831344292566e-01
-5.770213630150959894e-01
-5.707169573854611322e-01
-5.619003016602204248e-01
-5.770470675181553766e-01
-5.504917770724699899e-01
-5.508556541155980035e-01
-4.924843523751900598e-01
-4.919913251053498193e-01
-5.690691087495491907e-01
-4.607364263486073419e-01
-5.147390615295575067e-01
-5.767928648840592309e-01
-5.298117341574237749e-01
-5.504937458883927270e-01
-5.038382064651654169e-01
-5.656381834398911401e-01
-4.873798292230770990e-01
-5.504549246381924554e-01
-5.722175341200039789e-01
-5.768122773718045160e-01
-5.639963213454888269e-01
-5.660874925654337808e-01
-5.390552196752236291e-01
-5.405929077517197534e-01
-5.477489650350020334e-01
-5.320297654818699762e-01
-4.887798976253674432e-01
-5.394838161867068216e-01
-5.708309978347227975e-01
-5.686843626301691934e-01
-5.273609206180975839e-01
-5.691637422990010187e-01
-5.652611766111061975e-01
-5.755456786703274652e-01
-5.440375402670309946e-01
-5.696559034388468667e-01
-5.757552523266480371e-01
-5.637111615490124628e-01
-5.430060437049673006e-01
-5.768423963438675806e-01
-5.476101197402880594e-01
-4.977135460924313470e-01
-5.171461131524250909e-01
-5.669794425468848154e-01
-5.477489650350020334e-01
-5.764221165429757043e-01
-5.477826714616225168e-01
-5.764533083986447259e-01
-5.407749878343151018e-01
-5.430989789877043172e-01
-5.021955993127034112e-01
-5.147944603215859338e-01
-5.216489683937237665e-01
-5.710128087650940820e-01
-5.653709981691048547e-01
-5.717281725358174249e-01
-5.363720486041114732e-01
-4.950661126624749109e-01
-5.312590047817633554e-01
-4.399218734454319879e-01
-5.683354370396540567e-01
-5.701829295705960199e-01
-5.276818934928582117e-01
-5.368396889518902704e-01
-5.127136118810580179e-01
-5.627467937868044778e-01
-5.766918685387776300e-01
-5.289983105014965936e-01
-5.431914742205248281e-01
-5.109379392217801019e-01
-5.573210667919323846e-01
-5.568362575124905511e-01
-5.429482323218093320e-01
-5.274103384565518304e-01
-5.731993381034539148e-01
-5.059360217403576776e-01
-5.769594747673676416e-01
-5.710258472811386987e-01
-5.767491001736329004e-01
-5.359070457618639871e-01
-5.426525052737400934e-01
-5.752759341251061365e-01
