-5.648155299599039170e-01
-5.092899083155761897e-01
-5.477447650160376380e-01
-4.910263964706493289e-01
-5.262173471117734813e-01
-4.828484481740457079e-01
-5.285888595562379111e-01
-5.388813973740755880e-01
-5.371393911219988215e-01
-5.714069337263055770e-01
-5.478883239875123046e-01
-5.134007670612606988e-01
-5.762185229840532941e-01
-5.306581313659385346e-01
-5.721903483498093079e-01
-5.085253900478540201e-01
-5.110995969782279325e-01
-5.399924565408856791e-01
-5.581277694790197641e-01
-5.618538871443271576e-01
-5.507569671088952123e-01
-5.056612523868505571e-01
-5.347829458444011141e-01
-5.767931310905903830e-01
-5.771591727470057887e-01
-5.345635842199512044e-01
-5.770153162128079938e-01
-5.507778029651148044e-01
-5.648155299599039170e-01
-5.672404318373672760e-01
-5.656654683098630843e-01
-5.379120082902202338e-01
7.834419524048653882e-02
-5.020950493658553615e-01
-5.217670460122976195e-01
-5.772263266419945804e-01
-5.069584828338506988e-01
-5.500157176724330688e-01
-5.738633169514477661e-01
-5.427534579359218903e-01
-4.897721971499609528e-01
-5.712339465625043688e-01
-5.249938000514505765e-01
-5.756468146311237710e-01
-5.341459881240355756e-01
-4.689926112009266679e-01
-5.050888431784932298e-01
-4.955947775811030964e-01
-5.484485702216230774e-01
-5.372320444744087542e-01
-5.766127088308092841e-01
-5.772126120810399108e-01
-5.764580641702362618e-01
-4.655428381701803842e-01
-5.752049527927147743e-01
-5.763143887879105254e-01
-5.095680296967431966e-01
-5.737558703669231042e-01
-5.770546748541400817e-01
-4.750378504578541272e-01
-5.764336142789175943e-01
-5.129526598238829393e-01
-5.767746310324817216e-01
-5.593365311362656911e-01
-5.579757158404039519e-01
-5.701092554816503677e-01
-5.283776313742429842e-01
-5.021783197928152420e-01
-3.663639678819763379e-01
-5.501253224221993587e-01
-5.120888539840591225e-01
-5.771352666462812309e-01
-5.415128433213676207e-01
-5.763851459829568702e-01
-5.104856500073051695e-01
-5.689953839040314820e-01
-5.134007670612606988e-01
-5.266437739736089529e-01
-5.763666817897765693e-01
-5.605427463085077555e-01
-4.972828688445997680e-01
-4.868665590133712806e-01
-5.149358704988420410e-01
-5.071833806418865054e-01
-5.352860809345133530e-01
-5.506159706773804396e-01
-5.667047622595036138e-01
-5.761056252428855551e-01
-4.965427949331864821e-01
-5.493780267206438417e-01
-5.142477549236512679e-01
-5.764326483867151518e-01
-5.284291704537542600e-01
-5.572613411753500889e-01
-4.835938022462082930e-01
-5.757189761380649973e-01
-4.752583180414096109e-01
-5.317220468467702688e-01
-5.284837281998558955e-01
-5.471990087032596595e-01
-5.665158072355273022e-01
-5.251057771583705902e-01
-5.760001774667301566e-01
-5.448955498299938860e-01
-5.767923951921893888e-01
-5.763541982578433975e-01
-4.861066931999219465e-01
-5.467502665803717354e-01
-5.561228669385398504e-01
-5.108301121300842240e-01
-5.611214237398124416e-01
-5.078697873444715238e-01
-5.762185229840532941e-01
-5.618966388339599050e-01
-5.696867111446961562e-01
-5.769887642371807068e-01
-5.189545640856854103e-01
-5.763541982578433975e-01
-5.702258859377853373e-01
-5.755595693943507118e-01
-5.462441183727193561e-01
-5.764638545966087602e-01
-5.142330678574498215e-01
-5.530628594741919812e-01
-5.752438147144836034e-01
-5.570779956578519876e-01
-5.707253245408605569e-01
-5.026343880568064915e-01
-5.399848413010372994e-01
-5.707253245408605569e-01
-5.765550148932497843e-01
-5.760626041385152885e-01
-5.710489262453983805e-01
-5.765210607385599095e-01
-5.441682222353813048e-01
-5.764178530916407306e-01
-5.751525005589751549e-01
-5.761161225154197707e-01
-5.770627077676685479e-01
-5.448955498299938860e-01
-5.196458516773583280e-01
-4.974854714475168138e-01
-5.260959252035157796e-01
-5.320169080344206991e-01
-5.561228669385398504e-01
-5.371393911219988215e-01
-4.972901309767112643e-01
-5.611207378793821032e-01
-5.681731139297959698e-01
-5.541065893311722945e-01
-5.415763949352163653e-01
-5.262910829034362914e-01
-5.770627077676685479e-01
5.193730420589576235e-01
-5.294319497047432765e-01
-5.442302170004741368e-01
-5.284837281998558955e-01
-5.770003966298119513e-01
-5.591285173806841424e-01
-5.764204496505404007e-01
-5.233747767054420796e-01
-5.284110564713451197e-01
-5.502871087230195579e-01
-5.064001510421980434e-01
-5.749823562858541459e-01
-5.749823562858541459e-01
-5.612478575950685666e-01
-5.717445417296104226e-01
-5.478214176933322577e-01
-5.362388502407036128e-01
-5.104034248634701232e-01
-5.099138696224532197e-01
-5.764435117349492321e-01
-4.926762944328376137e-01
-4.858534801616547494e-01
-5.264071897960094226e-01
-5.749055018357307478e-01
-5.771648019194720591e-01
-5.372320444744087542e-01
-5.020445030964983957e-01
-3.663639678819763379e-01
-5.618538871443271576e-01
-5.680498143560035462e-01
-5.762185229840532941e-01
-5.765954644376968252e-01
-5.179650923490100034e-01
-5.770062107741387170e-01
-5.213430377575444252e-01
-4.947673642789744974e-01
-5.765953765067397541e-01
-5.665916647774870141e-01
-5.705257983874142402e-01
-5.611207378793821032e-01
-5.672404318373672760e-01
-5.770000509220590823e-01
-5.670742237861631230e-01
-4.822579803852748981e-01
-5.416006115877159965e-01
-5.393941208614355665e-01
-5.147387423215167290e-01
-5.222101749776575375e-01
-5.229067301680921931e-01
-5.757733205753162720e-01
-5.769500676883024815e-01
-5.477504276004703243e-01
-3.731336981418776899e-01
-5.764672201759177828e-01
-5.764827343664035153e-01
-5.757795418573470325e-01
-4.925681084048749159e-01
-5.767676230291289841e-01
-5.537606097766510915e-01
-4.821325624911717567e-01
-5.312700904664642287e-01
-5.330967826093835349e-01
-5.752049527927147743e-01
-5.687047063549910408e-01
-5.763235768454668673e-01
-5.358885172316901757e-01
-5.399816809195977507e-01
-5.371848872393576446e-01
-5.679701004601926950e-01
-5.579757158404039519e-01
-5.218249691526830603e-01
-5.112196384855850484e-01
-5.525989234315027421e-01
-5.386513711371926361e-01
-5.183798696471954015e-01
-5.048944087849729367e-01
-4.974254943297672926e-01
-5.502871087230195579e-01
-5.769694251817418795e-01
-5.763723605782085091e-01
-5.670742237861631230e-01
-5.748654415429930165e-01
-4.677398610870859841e-01
-5.152767023815564285e-01
-5.759673197382280119e-01
-5.770354361345876315e-01
-5.707253245408605569e-01
-5.618966388339599050e-01
-5.770616365055305508e-01
-5.506159706773804396e-01
-5.507569671088952123e-01
-4.926392381746375615e-01
-4.923879361578807345e-01
-5.690453320318324959e-01
-4.609721645015738001e-01
-5.148311461911474485e-01
-5.768095270184269152e-01
-5.296741559228415053e-01
-5.504034315714115833e-01
-5.039226130270509918e-01
-5.656426206502537246e-01
-4.869908527173349433e-01
-5.502871087230195579e-01
-5.722494410772710483e-01
-5.768257727883542296e-01
-5.640066356538789849e-01
-5.661025781241342258e-01
-5.390375559643841852e-01
-5.405786030102008866e-01
-5.478883239875123046e-01
-5.319716511888954447e-01
-4.882638729198456873e-01
-5.394879799119250974e-01
-5.708450882844392504e-01
-5.687047063549910408e-01
-5.273899843890842432e-01
-5.692081140648406201e-01
-5.652382597306846446e-01
-5.755595693943507118e-01
-5.440497725857041944e-01
-5.697123751540190684e-01
-5.757737263329768540e-01
-5.637045437479820675e-01
-5.431284756031365957e-01
-5.768503903975231717e-01
-5.476063450644107489e-01
-4.978587871900913564e-01
-5.171896535200850575e-01
-5.670742237861631230e-01
-5.478883239875123046e-01
-5.764407646461573442e-01
-5.477504276004703243e-01
-5.764692933702073585e-01
-5.407235314265841364e-01
-5.431927774263878295e-01
-5.023502224404796657e-01
-5.148155091107460279e-01
-5.216750944053122341e-01
-5.710489262453983805e-01
-5.654406454388438696e-01
-5.717445417296104226e-01
-5.364266974745356409e-01
-4.952979609179804510e-01
-5.312668137610870867e-01
-4.402331861648216549e-01
-5.683706626347934110e-01
-5.701922627228263041e-01
-5.276684159910274285e-01
-5.368301049538978242e-01
-5.128243505661403967e-01
-5.627202567891032015e-01
-5.767085625536876314e-01
-5.289392003563178069e-01
-5.432644061167458682e-01
-5.110748816741157441e-01
-5.573534134542227347e-01
-5.569666055695470241e-01
-5.429771078199489009e-01
-5.273987397500526919e-01
-5.732707492523431148e-01
-5.060679765005353659e-01
-5.769828340309641757e-01
-5.711029572639222396e-01
-5.767649541752924991e-01
-5.358838743783767011e-01
-5.426839388878811343e-01
-5.752963258542149738e-01
