-5.910292809406421100e-01
-5.887320620516440783e-01
-5.832332895645997439e-01
-5.896286984482905780e-01
-5.754756426015994464e-01
-5.910908599892756854e-01
-5.906768796542785083e-01
-5.814085417935750399e-01
-5.811287282543382560e-01
-5.906592636877796565e-01
-5.907292637551329051e-01
-5.908562020907304202e-01
-5.805342161605260287e-01
-5.831731373021504794e-01
-5.878914316693446551e-01
-5.774858595380685244e-01
-5.910917186686894809e-01
-5.845373311588666354e-01
-5.794444774786136065e-01
-5.901400606656572734e-01
-5.904750955799720202e-01
-5.907381094569466029e-01
-5.908448874527714167e-01
-5.770751379007599269e-01
-5.902961568484208499e-01
-5.905972841704389964e-01
-5.907903119498989497e-01
-5.885135542178652202e-01
-5.836726419204971705e-01
-5.903637038121125613e-01
-5.762103192085525905e-01
-5.813450609842440997e-01
-5.911102613011500750e-01
-5.911109076390168582e-01
-5.778960270384452258e-01
-5.897321758369109546e-01
-5.906512599015734111e-01
-5.879412704656026278e-01
-5.754379128614566241e-01
-5.718149609441063319e-01
-5.805160516450307284e-01
-5.908674440855286036e-01
-5.886444516057274257e-01
-5.796706892127296840e-01
-5.904797531241676722e-01
-5.814398826608560000e-01
-5.795985070565841113e-01
-5.906193434769413386e-01
-5.881578811952969943e-01
-5.887698867866895114e-01
-5.876006839374205981e-01
-5.904644570822021876e-01
-5.870778971860310946e-01
-5.907742764378092204e-01
-5.905126828277609263e-01
-5.909986106256148730e-01
-5.774008800784251605e-01
-5.830428508618972216e-01
-5.753238677555820857e-01
-5.748150704005858813e-01
-5.806618259796998416e-01
-5.823129742914936458e-01
-5.770454687575004016e-01
-5.858996409500143443e-01
-5.869741189802191172e-01
-5.910151453266045962e-01
-5.903184387410185252e-01
-5.875996063972017680e-01
-5.888391976753375445e-01
-5.908955979669592296e-01
-5.904338603416583453e-01
-5.848113416271409903e-01
-5.910447697663805400e-01
-5.840838068673512851e-01
-5.834703074345490847e-01
-5.901420127177736674e-01
-5.909881611863276873e-01
-5.839083363810679828e-01
-5.902860538611314212e-01
-5.889461982572576915e-01
-5.910462086597583209e-01
-5.886820416474840556e-01
-5.907213531011841212e-01
-5.910374858925244723e-01
-5.834950033152601634e-01
-5.907479712316892062e-01
-5.800132613206407939e-01
-5.910649897107980166e-01
-5.910521579483649646e-01
-5.828596918420991813e-01
-5.908776979470751201e-01
-5.905419589528939639e-01
-5.829395392486951266e-01
-5.715905392119786654e-01
-5.890520337546369944e-01
-5.905900319615504657e-01
-5.849412820810577784e-01
-5.904627238908908282e-01
-5.821916164407632266e-01
-5.887950222516558085e-01
-5.736763627777001773e-01
-5.884209481576583300e-01
-5.891066884199283038e-01
-5.729765213603279506e-01
-5.773213525811335955e-01
-5.870116950521371280e-01
-5.838352415287992869e-01
-5.812968622470400248e-01
-5.840180079961321269e-01
-5.879044673914215480e-01
-5.911157896319529925e-01
-5.885873904029033099e-01
-5.898737722585103427e-01
-5.847298085266849910e-01
-5.907271598974368487e-01
-5.910231351429722224e-01
-5.881836993197104846e-01
-5.708541759798428927e-01
-5.910353336060545359e-01
-5.828776686960956965e-01
-5.911038845354816829e-01
-5.805263241330287372e-01
-5.786317700097463046e-01
-5.907488299111030017e-01
-5.810629130849740420e-01
-5.844413909638426219e-01
-5.876456165263554965e-01
-5.908227676103017245e-01
-5.909543970177075778e-01
-5.828510785052678500e-01
-5.904622787187001620e-01
-5.888128673235080157e-01
-5.900019352832934771e-01
-5.864568391392133151e-01
-5.910852022046348964e-01
-5.830289741555354510e-01
-5.906407285058996592e-01
-5.846140591004989062e-01
-5.811782788062593852e-01
-5.858214145103595172e-01
-5.706257802942893420e-01
-5.872978504324457560e-01
-5.911228453317782794e-01
-5.905655633235475932e-01
-5.901066392237446223e-01
-5.905657421374819194e-01
-5.903890329921743785e-01
-5.881222497249147807e-01
-5.911045997912189875e-01
-5.803796855310103808e-01
-5.906022946858904277e-01
-5.842265469530723010e-01
-5.894928771579763804e-01
-5.910235439935824786e-01
-5.753512626091144000e-01
-5.903397352943322574e-01
-5.894868915477893268e-01
-5.813006108204028521e-01
-5.894782283852002536e-01
-5.828450034881136332e-01
-5.898100409234068309e-01
-5.874685367146632586e-01
-5.878412585282823954e-01
-5.877772319639227305e-01
-5.875497797081372653e-01
-5.881855656901500140e-01
-5.910188324326774989e-01
-5.836501420984170352e-01
-5.766001950526735698e-01
-5.907357094386718188e-01
-5.904908004725477610e-01
-5.877999189818403636e-01
-5.910719541410109912e-01
-5.815854297528169070e-01
-5.875822744840881739e-01
-5.903295792216560756e-01
-5.885099350983402644e-01
-5.828892720440528308e-01
-5.896696244875094806e-01
-5.908575320193669711e-01
