-5.910288484320440627e-01
-5.887314105079650695e-01
-5.832301450782457763e-01
-5.896284208200710530e-01
-5.754734588716493571e-01
-5.910905689473873181e-01
-5.906765780575442548e-01
-5.814119020975286878e-01
-5.811284464076668099e-01
-5.906591267635916687e-01
-5.907290279633488073e-01
-5.908556242754590127e-01
-5.805302883460509156e-01
-5.831724508706802590e-01
-5.878900348510895935e-01
-5.774854767014372392e-01
-5.910911665178946173e-01
-5.845366138258354383e-01
-5.794449146805314976e-01
-5.901393116649173987e-01
-5.904751368346573548e-01
-5.907379449221542567e-01
-5.908446872982594522e-01
-5.770711859048491821e-01
-5.902960381927996325e-01
-5.905968326627172305e-01
-5.907902915550322653e-01
-5.885152268269421283e-01
-5.836724248303277740e-01
-5.903629608719398458e-01
-5.762080717604562974e-01
-5.813484806325796006e-01
-5.911099963057375728e-01
-5.911104084344035448e-01
-5.778970794381772524e-01
-5.897322856744953157e-01
-5.906509380851806545e-01
-5.879426634477323832e-01
-5.754363854004801437e-01
-5.718170618012308193e-01
-5.805160493095107288e-01
-5.908666881435516993e-01
-5.886440319412801214e-01
-5.796704654770149512e-01
-5.904795456681238841e-01
-5.814365455856949083e-01
-5.795956685592117408e-01
-5.906191525647753737e-01
-5.881578995065244175e-01
-5.887683073862712835e-01
-5.875985768426500444e-01
-5.904640671815576392e-01
-5.870749437130455828e-01
-5.907738722302360301e-01
-5.905124023906688224e-01
-5.909982631176537993e-01
-5.774115775989054899e-01
-5.830440313040520239e-01
-5.753210231813332687e-01
-5.748116350642695771e-01
-5.806610962617778648e-01
-5.823122630689511192e-01
-5.770475467268770808e-01
-5.858994516060703761e-01
-5.869721380707885183e-01
-5.910148141093519714e-01
-5.903182483409340486e-01
-5.875977973632874329e-01
-5.888378611282953923e-01
-5.908949819287678817e-01
-5.904334537792081949e-01
-5.848080092414245090e-01
-5.910445301234373838e-01
-5.840850402742502334e-01
-5.834709290954702698e-01
-5.901414450822026758e-01
-5.909877595771144687e-01
-5.839044077846253789e-01
-5.902861183847885052e-01
-5.889457693254613879e-01
-5.910459633552793690e-01
-5.886830919108463345e-01
-5.907210787137442409e-01
-5.910372445452818368e-01
-5.834951393649990825e-01
-5.907473692775842000e-01
-5.800105760692793044e-01
-5.910645336373215875e-01
-5.910516732086714686e-01
-5.828636651821894610e-01
-5.908775497377982688e-01
-5.905418268359940992e-01
-5.829379972103593266e-01
-5.715722747752474131e-01
-5.890512240935789068e-01
-5.905894164816823944e-01
-5.849383694955224700e-01
-5.904625248938000226e-01
-5.821869772577865643e-01
-5.887950329727582588e-01
-5.736667771016200623e-01
-5.884203174033447725e-01
-5.891056947717480119e-01
-5.729753092810977444e-01
-5.773214059614599769e-01
-5.870114560781469759e-01
-5.838378769861721773e-01
-5.812935749717527134e-01
-5.840139851934398330e-01
-5.879066315257319708e-01
-5.911154640713323083e-01
-5.885871748260527170e-01
-5.898740001894421381e-01
-5.847332739665647150e-01
-5.907269492869990923e-01
-5.910229548777807818e-01
-5.881833287670409360e-01
-5.708449835435395192e-01
-5.910348897941976043e-01
-5.828743295276007652e-01
-5.911034479650141282e-01
-5.805235875084271413e-01
-5.786321873315828368e-01
-5.907487733044379796e-01
-5.810614627475527705e-01
-5.844391286602910185e-01
-5.876449140183660491e-01
-5.908223901971867420e-01
-5.909541435191625336e-01
-5.828535128083562888e-01
-5.904619743442446334e-01
-5.888141807993590993e-01
-5.900016490857251661e-01
-5.864544861853884239e-01
-5.910847857240365544e-01
-5.830272463275507633e-01
-5.906401254828730352e-01
-5.846133580460854962e-01
-5.811765659889169822e-01
-5.858229856285894765e-01
-5.706183933809000353e-01
-5.872980661714866102e-01
-5.911225072356650623e-01
-5.905651600402143098e-01
-5.901069018280039602e-01
-5.905650999802736223e-01
-5.903889643570209289e-01
-5.881204311846587318e-01
-5.911042445183638527e-01
-5.803777696877726600e-01
-5.906017700307554241e-01
-5.842260853807452747e-01
-5.894931524739490669e-01
-5.910231313986517021e-01
-5.753535881671176799e-01
-5.903395280497935049e-01
-5.894882104279285384e-01
-5.813001645124677985e-01
-5.894776792833945622e-01
-5.828441015629409749e-01
-5.898110493451035330e-01
-5.874684177133947527e-01
-5.878405007889492273e-01
-5.877764883414692276e-01
-5.875482970961239948e-01
-5.881846997579472935e-01
-5.910186279422852129e-01
-5.836467342389971558e-01
-5.765977440318443836e-01
-5.907352615373328009e-01
-5.904901703155728265e-01
-5.877989540204041630e-01
-5.910715624366803533e-01
-5.815843706147482139e-01
-5.875828818842692147e-01
-5.903296225637544303e-01
-5.885090455009140964e-01
-5.828886017011273291e-01
-5.896699416026681684e-01
-5.908572177421759219e-01
