-7.870090133808711474e-01
-7.908281594433199668e-01
-7.863906501875255195e-01
-7.903949322959815671e-01
-7.818120449192670351e-01
-7.824489401647296560e-01
-7.780402155457447622e-01
-7.786502681367881706e-01
-7.903811798730486782e-01
-7.593105132789694789e-01
-7.808740911741210988e-01
-7.620293475129358285e-01
-7.784080819467135148e-01
-7.855131551927221345e-01
-7.803151742639283794e-01
-7.906944981658802218e-01
-7.906298604739240288e-01
-7.906793259691150544e-01
-7.783719551027886707e-01
-7.791073307189602115e-01
-7.889122732941953320e-01
-7.668151920873981231e-01
-7.802837558701999354e-01
-7.896919885426776364e-01
-7.902061043339403401e-01
-7.885247567610358388e-01
-7.798070648118266002e-01
-7.906824435085852976e-01
-7.908686263037647546e-01
-7.910051717218701262e-01
-7.813935206200958161e-01
-7.848599026464277983e-01
-7.908530894692665791e-01
-7.902331300791873847e-01
-7.573698937647456164e-01
-7.778267558495532974e-01
-7.798593681247393272e-01
-7.674819406697920288e-01
-7.845524175508837850e-01
-7.826339395468475679e-01
-7.907108493337382527e-01
-7.821369414038061851e-01
-7.903126483331819330e-01
-7.655361836476977100e-01
-7.896838780622169596e-01
-7.835940003681994837e-01
-7.910338401397885022e-01
-7.898243380991708529e-01
-7.910141861896272664e-01
-7.772930169710966508e-01
-7.910373211079900768e-01
-7.617520313031138635e-01
-7.905841294897234528e-01
-7.907085263266083741e-01
-7.798231697358691816e-01
-7.882404606578470307e-01
-7.807439559838557086e-01
-7.734791008964233550e-01
-7.706234172606294397e-01
-7.819752340689473113e-01
-7.853470791923685690e-01
-7.846353402851485859e-01
-7.713543870783444723e-01
-7.910190696326878657e-01
-7.767015600090673155e-01
-7.714800475332388441e-01
-7.863231127978673740e-01
-7.566743088505303305e-01
-7.847320367793306772e-01
-7.686315525946258997e-01
-7.771501014760986426e-01
-7.809386023471952543e-01
-7.760892565548546118e-01
-7.835311146338236332e-01
-7.902207494361469520e-01
-7.910425403238041664e-01
-7.910656399612190359e-01
-7.903943233314758565e-01
-7.890771020765348087e-01
-7.910201425068187353e-01
-7.900043729642871604e-01
-7.615621341399333444e-01
-7.906553164824308144e-01
-7.911257276848607800e-01
-7.823608167786447742e-01
-7.887418632143278208e-01
-7.896064263015593054e-01
-7.759844934081578938e-01
-7.822133533823278917e-01
-7.905942847125464468e-01
-7.825558776146721573e-01
-7.861724284561402154e-01
-7.783423873595829434e-01
-7.711554561324548418e-01
-7.906766113002872132e-01
-7.744831473804044686e-01
-7.801700718217003949e-01
-7.885053077426886770e-01
-7.902054418434693028e-01
-7.907815605418136995e-01
-7.858444140101255027e-01
-7.804696891675650949e-01
-7.911619690246688430e-01
-7.819810309682736493e-01
-7.904572492128196792e-01
-7.864846558378701946e-01
-7.862863573414680118e-01
-7.722883223547549747e-01
-7.910672281029339503e-01
-7.757298968050596599e-01
-7.885363798706894745e-01
-7.894934589774521561e-01
-7.902517013302386983e-01
-7.849601960437130321e-01
-7.787256094801828787e-01
-7.696051756220837481e-01
-7.722879269190550122e-01
-7.909785235713197027e-01
-7.887400785877524134e-01
-7.731731200196918508e-01
-7.864844855110227906e-01
-7.903954119825984392e-01
-7.910728154864260508e-01
-7.909585431583833204e-01
-7.856008244121645001e-01
-7.814733584628532626e-01
-7.907651456650398591e-01
-7.905601732690030747e-01
-7.858009677030851625e-01
-7.891586706938771290e-01
-7.791438858285604230e-01
-7.751101013148320451e-01
-7.910949336556447609e-01
-7.857124763083130903e-01
-7.836232967826374241e-01
-7.903359356154600057e-01
-7.896403067042748747e-01
-7.901127820710549532e-01
-7.907334231605727126e-01
-7.910773733887679349e-01
-7.811354207277960704e-01
-7.840587758321565515e-01
-7.905065164791671428e-01
-7.906152545016722488e-01
-7.827578112181537984e-01
-7.865721434874711759e-01
-7.905009514716425656e-01
-7.907485886993588231e-01
-7.903634179523446601e-01
-7.741040317585181629e-01
-7.908713765915311722e-01
-7.911454907519305246e-01
-7.834537771660616823e-01
-7.702580341966792643e-01
-7.776487254628191570e-01
-7.657145584031537222e-01
-7.906555796812034798e-01
-7.905244975577057076e-01
-7.709487691807825893e-01
-7.910414284426992015e-01
-7.908555279653051162e-01
-7.910311123180009396e-01
-7.731438784581995405e-01
-7.879821709827196097e-01
-7.910313251398173318e-01
-7.849220583424142417e-01
-7.910481296162957809e-01
-7.859080004199631153e-01
-7.759279946626299607e-01
-7.863045139218461932e-01
-7.909986028661457613e-01
-7.864377252466416834e-01
-7.772020606832753531e-01
-7.910189597927601568e-01
-7.907137809163662379e-01
-7.893872853689192226e-01
-7.850479913450538749e-01
-7.595615843959268032e-01
-7.744125426762329401e-01
-7.894475404704026644e-01
-7.746284323034740016e-01
-7.882932574493412003e-01
-7.721385760992426350e-01
-7.897892170964310177e-01
-7.747589043374788487e-01
-7.907664743159608101e-01
-7.842889738839042835e-01
-7.897837025128722210e-01
-7.816281904932528279e-01
-7.846400705373650641e-01
-7.819594395196693970e-01
-7.872616536545673505e-01
-7.853208460724804274e-01
-7.907904653046460286e-01
-7.893297335752343935e-01
-7.887775236046309368e-01
-7.776838976275222137e-01
-7.717568193284969347e-01
-7.803807563821534288e-01
-7.910473446479380222e-01
-7.765562426590133516e-01
-7.906537924696472874e-01
-7.902462951475892616e-01
-7.907973096531423218e-01
-7.910896112409141478e-01
-7.700814717487591832e-01
-7.898075235397014060e-01
-7.880859868121502521e-01
-7.866864892564415790e-01
-7.910156540654303958e-01
-7.871210355677409343e-01
-7.904369844381239352e-01
-7.810149399767736256e-01
-7.629482473884038329e-01
-7.887489059696726201e-01
-7.901040921970344799e-01
-7.831657950678151403e-01
-7.856704856490999145e-01
-7.836547620963071337e-01
-7.907486883632712793e-01
-7.832438317300132180e-01
-7.910913902214929960e-01
-7.849913123236672563e-01
-7.870777154226060723e-01
-7.853571094762995530e-01
-7.899376736129545273e-01
-7.894993028437575777e-01
-7.747961330635320110e-01
-7.841937840605023302e-01
-7.852422092077561144e-01
-7.866721787029515855e-01
-7.910001698748874155e-01
-7.807359172613322906e-01
-7.749152460436549150e-01
-7.906712864425705645e-01
-7.860801513394155560e-01
-7.898246162229384248e-01
-7.897033136605826620e-01
-7.782058466454657708e-01
-7.884105300459629539e-01
-7.884674072612060103e-01
-7.904327029595917820e-01
-7.663556019482696824e-01
-7.842109239087324823e-01
-7.908975856214535138e-01
-7.763306216565870610e-01
-7.669696028121102405e-01
-7.908400744607475552e-01
-7.777188018864235053e-01
-7.910385166940314683e-01
-7.671912557707331048e-01
-7.853544337224450667e-01
-7.910687938746784331e-01
-7.910470013692162405e-01
-7.909897109373250634e-01
-7.787733288167553170e-01
-7.906624593256827982e-01
-7.857145535846390416e-01
-7.789706449439655067e-01
-7.909390055091097826e-01
-7.901257305416204968e-01
-7.900486121586776100e-01
-7.908741538883126143e-01
-7.725788793079075845e-01
-7.868759481219725904e-01
-7.909251450792773586e-01
-7.904863062364508863e-01
-7.910986409876583636e-01
-7.902648256416862083e-01
-7.906239590316480603e-01
