-5.796059029889477632e-01
-5.712009525860638481e-01
-5.763025957003704569e-01
-5.686947052890222176e-01
-5.820391369647454072e-01
-5.781809461707191344e-01
-5.824325697801238100e-01
-5.755698812620481108e-01
-5.758343374002247161e-01
-5.671179757779347685e-01
-5.823254654283176457e-01
-5.731483309108477142e-01
-5.818697303010820221e-01
-5.790651764251198985e-01
-5.822597465862051624e-01
-5.826300505751962344e-01
-5.825921759966704583e-01
-5.688311008882607211e-01
-5.757345340325350502e-01
-5.826826231918882382e-01
-5.826502564229250059e-01
-5.795554496735551009e-01
-5.790460599025055721e-01
-5.733604166751704589e-01
-5.825950724003415848e-01
-5.785862111595813095e-01
-5.826527410699275933e-01
-5.659104620237225269e-01
-5.711613397159429617e-01
-5.826297619214212409e-01
-5.804424311587396135e-01
-5.784416445409225060e-01
-5.820128405939001270e-01
-5.804340384814846709e-01
-5.819403763882238234e-01
-5.796770139737233984e-01
-5.763756796675533201e-01
-5.826719129165057742e-01
-5.743855849271356506e-01
-5.826630006556772212e-01
-5.822787417629118334e-01
-5.750736562403954144e-01
-5.822712051869874950e-01
-5.755267066107953022e-01
-5.824903864675938792e-01
-5.824588123629983460e-01
-5.768795201570815490e-01
-5.825932500868087338e-01
-5.801531256615587440e-01
-5.722992976161298539e-01
-5.826262210092677529e-01
-5.822095567095920687e-01
-5.694209119445950984e-01
-5.824390883398794516e-01
-5.826849463020183917e-01
-5.800106462972273169e-01
-5.744718724976954904e-01
-5.802461588586965702e-01
-5.665275610860898148e-01
-5.772936814897751123e-01
-5.826247892454201605e-01
-5.820954479934321579e-01
-5.812484433950735330e-01
-5.823597821436978794e-01
-5.730596384152349954e-01
-5.822946759460884136e-01
-5.819312538145602343e-01
-5.713388345950861646e-01
-5.744501158072105040e-01
-5.824003143300818808e-01
-5.685034265689602462e-01
-5.822755898274454278e-01
-5.826387418111981242e-01
-5.823762455204456456e-01
-5.824389379759983276e-01
-5.805854264176519841e-01
-5.696046454137235759e-01
-5.820554390216201579e-01
-5.766999117196243141e-01
-5.807016379141249907e-01
-5.818592924794827592e-01
-5.804009836570843683e-01
-5.774774322669006255e-01
-5.804971920986691236e-01
-5.819882068677306730e-01
-5.803961260819932022e-01
-5.810984015048230589e-01
-5.819807042067653979e-01
-5.821664872112609634e-01
-5.804491736453039064e-01
-5.822098807033326828e-01
-5.822818698793991166e-01
-5.680755962192741704e-01
-5.805119076368210340e-01
-5.822785918980303288e-01
-5.823215696134558250e-01
-5.701381608063622597e-01
-5.797745415322312912e-01
-5.752305174231658880e-01
-5.823851937182514815e-01
-5.776641807076010604e-01
-5.685510682106177383e-01
-5.822025890302034989e-01
-5.820822893710120294e-01
-5.826985974940234181e-01
-5.790764638030326816e-01
-5.803220604266019489e-01
-5.821894410207821835e-01
-5.811790507189176225e-01
-5.788340712001041055e-01
-5.811809323154132345e-01
-5.789047354382302890e-01
-5.717902959697703791e-01
-5.716996377317205003e-01
-5.821127851114727969e-01
-5.693685393947344187e-01
-5.754990710510351493e-01
-5.820280372386732459e-01
-5.827249922617847577e-01
-5.776596396662542210e-01
-5.814673494579019053e-01
-5.819719167208355914e-01
-5.759784986302074472e-01
-5.823772020686776019e-01
-5.767546497475675160e-01
-5.824845437322868635e-01
-5.813725860271719004e-01
-5.812826790595201354e-01
-5.732122961303806052e-01
-5.657913049016082274e-01
-5.827068920013517284e-01
-5.810890171833709150e-01
-5.825033831421355668e-01
-5.826564020009799005e-01
-5.810088271999102050e-01
-5.823441495102814613e-01
-5.825347675788691282e-01
-5.703022706902920458e-01
-5.709245442635053625e-01
-5.822468326765952717e-01
-5.780261787912721605e-01
-5.738045962717071014e-01
-5.725486587244523751e-01
-5.634326611197981727e-01
-5.823603938122001722e-01
-5.801572441302503824e-01
-5.825191373364554392e-01
-5.794371714747462709e-01
-5.653740778223833585e-01
-5.681193793250339796e-01
-5.678970701649487252e-01
-5.800007451141888648e-01
-5.822599905480007054e-01
-5.680691481064630288e-01
-5.826331127977226743e-01
-5.826601737379422108e-01
-5.822986843298715298e-01
-5.823200270576960325e-01
-5.825002326106720751e-01
-5.810209085571911292e-01
-5.784162492183581028e-01
-5.823780868669586885e-01
-5.683091188033332353e-01
-5.826609503913222632e-01
-5.820476753628720523e-01
-5.822344445555674985e-01
-5.822684931381703066e-01
-5.787563859876211358e-01
-5.674733007869818824e-01
-5.805729437857056752e-01
-5.788306512188591268e-01
-5.819098655357817229e-01
-5.725778318189830296e-01
-5.765250499383436367e-01
-5.734782866603154172e-01
-5.822078119679937602e-01
-5.823938442372883495e-01
-5.731591902181147891e-01
-5.744810565163027682e-01
-5.820765271576541222e-01
