-1.066879515558856628e+00
-1.074024747148531578e+00
-1.073060099058228634e+00
-1.073796681151169441e+00
-1.076470989756661556e+00
-1.074114390671628616e+00
-1.075932648986953399e+00
-1.073232875693964861e+00
-1.044749884888905189e+00
-1.058498743012922905e+00
-1.052506289467590950e+00
-1.075347008206325672e+00
-1.072890418604391716e+00
-1.076019527413326404e+00
-1.071576545969027183e+00
-1.060893985465544365e+00
-1.075566662498193882e+00
-1.071267819986122749e+00
-1.072726993844288490e+00
-1.072245568991082809e+00
-1.075600500241297386e+00
-1.071563953556495807e+00
-1.059840491995590828e+00
-1.076461728684979580e+00
-1.072270945668595932e+00
-1.073797237150746486e+00
-1.076058030151206157e+00
-1.062246806942301891e+00
-1.076510033592957161e+00
-1.053232434228438041e+00
-1.074382551037150524e+00
-1.063436407618600033e+00
-1.054289194777983329e+00
-1.068617934849488638e+00
-1.075396923371034763e+00
-1.053385486849027775e+00
-1.064862058055031202e+00
-1.076483227335292003e+00
-1.064822007459032438e+00
-1.072041183732825420e+00
-1.074065968882667921e+00
-1.054043431789058349e+00
-1.076504875928538940e+00
-1.073183236666399143e+00
-1.060411899838971994e+00
-1.076206107646602295e+00
-1.076510337204116485e+00
-1.068835337203371427e+00
-1.076490757078307769e+00
-1.068051196191835306e+00
-1.073849127650636337e+00
-1.076513248518484733e+00
-1.064744291849809787e+00
-1.076517378934103153e+00
-1.075621665478128097e+00
-1.076136590004342697e+00
-1.075471936747807167e+00
-1.066742899384724996e+00
-1.073678695619481704e+00
-1.058829578593748710e+00
-1.055072031006592415e+00
-1.076512343272942207e+00
-1.076496149436014793e+00
-1.075951303378122947e+00
-1.076537926704066894e+00
-1.065144035056608818e+00
-1.076493711233514450e+00
-1.076514813140410087e+00
-1.038200113013762138e+00
-1.072984544583040378e+00
-1.075711648002642296e+00
-1.076169273838776252e+00
-1.072537340246516369e+00
-1.069718521576750181e+00
-1.058355008274692199e+00
-1.076168654509264133e+00
-1.060121647104996345e+00
-1.074025194183367393e+00
-1.072790304221588276e+00
-1.075269785732406280e+00
-1.075261696264523170e+00
-1.047600562706965110e+00
-1.073125793621319435e+00
-1.065658047818022869e+00
-1.058840635255354545e+00
-1.061517089628058574e+00
-1.076501648895817898e+00
-1.068986777238923214e+00
-1.049848287389057777e+00
-1.074639097810166977e+00
-1.075631118402260444e+00
-1.076505775586146019e+00
-1.073832973394918344e+00
-1.067690390650558374e+00
-1.066144199133294723e+00
-1.075022634141522548e+00
-1.070893426914143465e+00
-1.069312767148393295e+00
-1.075740664288777015e+00
-1.075292778224128387e+00
-1.061151450522619388e+00
-1.075447524920481346e+00
-1.075091125466304920e+00
-1.076480085984247825e+00
-1.076493735447901390e+00
-1.075641308933871887e+00
-1.061244823992627762e+00
-1.076514940731602810e+00
-1.057227081641930244e+00
-1.073209942806887529e+00
-1.071684182644265793e+00
-1.076061404332893989e+00
-1.075678470567244194e+00
-1.028217910811680458e+00
-1.067260618809986017e+00
-1.076495124981182716e+00
-1.066768702142316005e+00
-1.076058759376782081e+00
-1.075511404335874222e+00
-1.064380732387679718e+00
-1.056893406458574436e+00
-1.046924303308504722e+00
-1.073675300017374656e+00
-1.068999344505745075e+00
-1.076114184245842598e+00
-1.075632031098383568e+00
-1.075858389050143860e+00
-1.076529645383733413e+00
-1.073378722206133506e+00
-1.071382829010862014e+00
-1.071232569426673553e+00
-1.038742332741993568e+00
-1.069098635599392555e+00
-1.075385000579434536e+00
-1.075237496778744362e+00
-1.075740055203813217e+00
-1.076463188067454002e+00
-1.073777207196134231e+00
-1.053292593941467903e+00
-1.075368312210220001e+00
-1.071338602364438675e+00
-1.071641364623236559e+00
-1.070299218431490562e+00
-1.069164004199582241e+00
-1.076050846860188148e+00
-1.075223998189347885e+00
-1.054283416852730415e+00
-1.063792548630762003e+00
-1.055913540557402275e+00
-1.072062919870394371e+00
-1.049991934582966469e+00
-1.061165537242221735e+00
-1.073940130904692314e+00
-1.066039557591456077e+00
-1.076588664226609371e+00
-1.072335331257808111e+00
-1.071134699531274936e+00
-1.057636947393792770e+00
-1.069405031413215301e+00
-1.073491614334660671e+00
-1.076152187794822357e+00
-1.057474556401747368e+00
-1.076531185791271827e+00
-1.068985809594768188e+00
-1.076469632819670341e+00
-1.072669164300340316e+00
-1.075684809148687027e+00
-1.059204258047419689e+00
-1.076605052709954879e+00
-1.076002708658951423e+00
-1.076472330861169002e+00
-1.075981461465734146e+00
-1.076126935914534233e+00
-1.076527411140876911e+00
-1.054662688658016823e+00
-1.076493248366194866e+00
-1.053892762422937057e+00
-1.076491092354434631e+00
-1.075749935605007312e+00
-1.032645720079916618e+00
-1.064032393530386589e+00
-1.067777311452108524e+00
-1.059687993511932991e+00
-1.070674332812803886e+00
-1.063060976121950052e+00
-1.076522949174421928e+00
-1.064997986913102768e+00
-1.075308187887447975e+00
-1.076504207238930366e+00
-1.071799886435645721e+00
-1.052110168174284599e+00
-1.055434349947053096e+00
-1.075931805208700798e+00
-1.076506190024691723e+00
-1.061402931366491220e+00
-1.060429785889017484e+00
-1.076520380586761139e+00
-1.070991591573136947e+00
-1.075378133938091896e+00
-1.076488287210839889e+00
-1.073463435307520530e+00
-1.053419326454776428e+00
-1.048361194342750213e+00
-1.076494802743571899e+00
-1.076121824816244743e+00
-1.076120068341869018e+00
-1.054368693404275081e+00
-1.073768163122612140e+00
-1.070211245235431097e+00
-1.072605050191658638e+00
-1.075719389155882499e+00
-1.072313038655000828e+00
-1.068322928645092151e+00
-1.049313127085941932e+00
-1.076608893484252594e+00
-1.076000676513093612e+00
-1.055253620282190941e+00
-1.073957378998774193e+00
-1.056278266966718338e+00
-1.065951205812770031e+00
-1.071236900076645515e+00
-1.052994603313881061e+00
-1.075903871119397781e+00
-1.073732391488182447e+00
-1.076474068709093235e+00
-1.076509773753958843e+00
-1.076490226224440239e+00
-1.076527233258265159e+00
-1.062545460671561859e+00
-1.076081703439730308e+00
-1.072878478117662571e+00
-1.073454690654206178e+00
-1.073347928956526420e+00
-1.042480736062306068e+00
-1.072693536080795429e+00
-1.075526973255354068e+00
-1.068935977317768238e+00
-1.028001374587792061e+00
-1.060989577345925472e+00
-1.062294088326769970e+00
-1.053526661381500862e+00
-1.076529620238023899e+00
-1.076521282107013366e+00
-1.074270525038617752e+00
-1.059195320144671104e+00
-1.068994867638128898e+00
-1.075883604608851574e+00
-1.069685561605173252e+00
-1.070149251282590530e+00
-1.075600374512749813e+00
-1.047833896264809272e+00
-1.065179173857349060e+00
-1.075593274109440944e+00
-1.075924036115783355e+00
-1.075064027704673908e+00
-1.067969200224059723e+00
-1.061428721551227472e+00
-1.065896428678560159e+00
-1.076204616599160335e+00
-1.075952798150855205e+00
-1.071608500577884815e+00
-1.059618883788961075e+00
-1.075615582079070709e+00
-1.075238347076254986e+00
-1.076526260957497261e+00
-1.076474579073864124e+00
-1.076457847863811157e+00
-1.057158871576565407e+00
-1.067811910551416776e+00
-1.073762595676261089e+00
-1.076519380346316002e+00
-1.048294908389824531e+00
-1.076551132858174942e+00
-1.070783280790227554e+00
-1.073453072481232784e+00
-1.065477853197979830e+00
-1.063480526231604717e+00
-1.039602280617135666e+00
-1.050071491882580421e+00
-1.076490898639339111e+00
-1.054356589004772804e+00
-1.075947965518015526e+00
-1.074099401966112755e+00
-1.075633247405666015e+00
-1.042714885458725593e+00
-1.054773582168298862e+00
-1.058335990667718551e+00
-1.071309722051399849e+00
-1.075808568880337379e+00
-1.068066201195496223e+00
-1.076182357058304451e+00
-1.065338281005996368e+00
-1.044671065196770332e+00
-1.051199433416503570e+00
-1.069862122670191429e+00
-1.061216603987294338e+00
-1.062705158744382761e+00
-1.046703935623544357e+00
-1.072740440745282076e+00
-1.070920461811500690e+00
-1.076510755367952488e+00
-1.052058993861454628e+00
-1.075983846582847736e+00
-1.059240113035219810e+00
-1.072666761953759096e+00
-1.076491353124755523e+00
-1.075970288388806484e+00
-1.074817246780174873e+00
-1.076507531129199169e+00
-1.056168132484334610e+00
-1.076506261736529968e+00
-1.072280938759821556e+00
-1.054647033125537536e+00
-1.072962031722444198e+00
-1.051911036506670616e+00
-1.076084646419066093e+00
-1.045383454323190353e+00
-1.057564249284940860e+00
-1.075779229425269268e+00
-1.076509102270382545e+00
-1.073944091819602153e+00
-1.075940028787034652e+00
-1.068007142771410845e+00
-1.053332698554175995e+00
-1.051517267734187744e+00
-1.076522394106167457e+00
-1.072275980398434303e+00
-1.064251304161178968e+00
-1.076583682582157753e+00
-1.075777650833505295e+00
-1.076517811999100349e+00
-1.065703128487247131e+00
-1.075740089662748478e+00
-1.072776317153501413e+00
-1.059149025030809543e+00
-1.064940379023927353e+00
-1.051413816422599457e+00
-1.070769545644897125e+00
-1.060772369172799490e+00
-1.075586332962292335e+00
-1.076503476150709293e+00
-1.075917102419215343e+00
-1.060529346600550316e+00
-1.059304748684543274e+00
-1.051062819570678375e+00
-1.070281899091231725e+00
-1.067130210832136772e+00
-1.047366111562031410e+00
-1.076122679770368240e+00
-1.069226898275691173e+00
-1.076507480837780140e+00
-1.075993660860139034e+00
-1.073008715197819374e+00
-1.075624204263466499e+00
-1.055635428078848026e+00
-1.076121134706216953e+00
-1.074292827420312069e+00
-1.072319584921377800e+00
-1.073277584299820564e+00
-1.069019417766857050e+00
-1.072447812207418583e+00
-1.068288591713088653e+00
-1.076014991872388027e+00
-1.060475851897525690e+00
-1.072059360355514190e+00
-1.075244990200179718e+00
-1.058714947685974739e+00
-1.042161363199728630e+00
-1.069619359471279285e+00
-1.070348712638395927e+00
-1.076482017547267578e+00
-1.076163562037426136e+00
-1.063996850069987676e+00
-1.076512441993135116e+00
-1.076224170647936962e+00
-1.063455532327669761e+00
-1.076029353797811172e+00
-1.057834784523028038e+00
-1.073078350186723373e+00
-1.073856181487816475e+00
-1.075983258918303154e+00
-1.074371824995058677e+00
-1.075410237558561466e+00
-1.075932323024052284e+00
-1.075544647895175121e+00
-1.062778222397345207e+00
-1.075822798557954929e+00
-1.065110362157601021e+00
-1.056161311477798126e+00
-1.066672089998054407e+00
-1.076133294985073707e+00
-1.062153715663033626e+00
-1.064881863095241687e+00
-1.076516439229625366e+00
-1.073267549299079082e+00
-1.075171827361363075e+00
-1.071289520733433864e+00
-1.076463059544938705e+00
-1.076170812383669517e+00
-1.076063353591042659e+00
-1.072189359948414467e+00
-1.048764999047297142e+00
-1.076489119813221595e+00
-1.076508440100031994e+00
-1.060566572029518984e+00
-1.076530466810244224e+00
-1.076196282193440101e+00
-1.076191890076178215e+00
-1.065742599800604484e+00
-1.070440553151446483e+00
-1.076552399456876419e+00
-1.074901145905631683e+00
-1.076012677535790107e+00
-1.069494169228154323e+00
-1.042267018020528457e+00
-1.076497937575358055e+00
-1.072347320638972423e+00
-1.068023527063804767e+00
-1.076096453726667068e+00
-1.076496193208175800e+00
-1.048539838776367805e+00
-1.075923048913854263e+00
-1.070801434129851959e+00
-1.076484004058319233e+00
-1.076460147299247883e+00
-1.039925633952397011e+00
-1.063846917380022905e+00
-1.054165096044915817e+00
-1.065876960311460397e+00
-1.063416331563520334e+00
-1.076535596534985206e+00
-1.051878000632303856e+00
-1.063761361897367141e+00
-1.073890525870400570e+00
-1.066943341423201463e+00
-1.065593430329489610e+00
-1.076524446741121910e+00
-1.076004480034488342e+00
-1.044238024413961075e+00
-1.065372606762128971e+00
-1.064144908473271034e+00
-1.073777443752068184e+00
-1.076498538278418682e+00
-1.056740112625437877e+00
-1.073947349120306871e+00
-1.054886662423986099e+00
-1.076500497781115673e+00
-1.065751899987834594e+00
-1.076510719046372078e+00
-1.064495431282001636e+00
-1.076135363452511928e+00
-1.072850521676617763e+00
-1.050258520082014702e+00
-1.075973068386691711e+00
-1.076538619608062408e+00
-1.062443130672353409e+00
-1.075954979308324955e+00
-1.074000770248848102e+00
-1.076049872696775100e+00
-1.064194676954674623e+00
-1.075288643151897094e+00
-1.076093532167750499e+00
-1.075899533950167797e+00
-1.061840734467285774e+00
-1.066049299691247843e+00
-1.067073867679017685e+00
-1.071595179871100090e+00
-1.076525451638179920e+00
-1.073337865084785125e+00
-1.067263128258663318e+00
-1.071234634168821476e+00
-1.075353411980348728e+00
-1.073755539045113228e+00
-1.076531735271590851e+00
-1.070907744601744316e+00
-1.063873541098463438e+00
-1.075602746591347358e+00
-1.076507150218266151e+00
-1.076552575476843021e+00
-1.042618437692898414e+00
-1.073436251864212654e+00
-1.076114680640774868e+00
-1.069014104571568868e+00
-1.055581765272098682e+00
-1.076536003522950313e+00
-1.061531850625204942e+00
-1.048525198385494850e+00
-1.055875127226489685e+00
-1.074778437637168071e+00
-1.070457750954109333e+00
-1.072525974385815761e+00
-1.075969236925619743e+00
-1.069411614932495258e+00
-1.075954187684136532e+00
-1.075518266320603988e+00
-1.050260930344837806e+00
-1.073047854494678877e+00
-1.055863462411242626e+00
-1.064938144781070850e+00
-1.076492615998166702e+00
-1.076515823625403545e+00
-1.075968579411882065e+00
-1.064527594041454694e+00
-1.072419978235292337e+00
