-6.237941196221046258e-01
-5.948660665224425603e-01
-5.813143353941969682e-01
-5.794655082780055810e-01
-6.234198806840114404e-01
-5.572269780594043542e-01
-5.551600342649154474e-01
-6.103417852926187326e-01
-5.493451764839820672e-01
-5.573845354872875024e-01
-5.112118011373214532e-01
-6.060341054606370736e-01
-4.219323283094100763e-01
-6.053112724828653146e-01
-5.437954960423641015e-01
-5.787111481684379388e-01
-6.061936689573459436e-01
-5.875626260447435190e-01
-5.765600761431388666e-01
-6.045545859295062829e-01
-5.708013510364227105e-01
-6.039013134348325540e-01
-5.690852085161142160e-01
-5.755173077839546014e-01
-5.452462134915523340e-01
-5.829766297745637704e-01
2.750941756785585390e-02
-6.185212468761138727e-01
-5.953097201916508485e-01
-5.844788977909021188e-01
-5.953121537375383188e-01
-6.232239862936668207e-01
-5.987538339602880288e-01
-6.048476843196086694e-01
-5.599662659722499658e-01
-6.186801752108268548e-01
-5.876808444070749093e-01
-6.239506861227683832e-01
-6.125246824729375650e-01
-6.223306095260314752e-01
-5.914478099937670041e-01
-5.920468585598401834e-01
-5.589547937768630792e-01
-6.010688038575582315e-01
-6.235396450418166925e-01
-6.213427072423629571e-01
-6.076588181811504175e-01
-5.628268716889552881e-01
-5.787474008309774209e-01
-6.233688926356963922e-01
-5.708703620392017175e-01
-5.538156813043288995e-01
-6.239879688280753900e-01
-6.044334171372585107e-01
-5.722041221368245889e-01
-6.234693786162071039e-01
-6.010716015505723764e-01
-6.054804472285442163e-01
-5.569762175935439874e-01
-5.825366767156057168e-01
-6.238377166944675256e-01
-5.839557943898372461e-01
-6.213784886556796838e-01
-6.228462493079833795e-01
-5.705067066508464624e-01
-5.626800244706802179e-01
-6.198064720290832330e-01
-5.985310336607627679e-01
-5.751468015867404748e-01
-5.368290355461768915e-01
-5.594848299431733896e-01
-6.237817367571525384e-01
-6.061936689573459436e-01
-6.060341054606370736e-01
-6.107026448506049920e-01
-5.658817699211768915e-01
-5.985310336607627679e-01
-6.118156088548831750e-01
-6.063869109409980585e-01
-5.957538893479041864e-01
-6.238340472835235406e-01
-5.863067654925517846e-01
-5.624835526603393365e-01
-6.208430266040496637e-01
-5.704920904743604471e-01
-5.807152519035272409e-01
-6.232046594875984002e-01
-5.590964740174941827e-01
-5.592116152900390436e-01
-5.558705588835410882e-01
-5.794886833089523126e-01
-5.984231697428159524e-01
-5.464504992622070123e-01
-5.584934631395273019e-01
-5.870088243889741708e-01
-6.179603392291002084e-01
-6.035122459787063409e-01
-5.305510273235969354e-01
-6.240329219061069299e-01
-5.709588563102416803e-01
-6.054332254487209131e-01
-6.068122608619861413e-01
-5.613516567307643701e-01
-6.214308923143081476e-01
-5.485309546846084405e-01
-6.197295671361617853e-01
-6.033717745947770883e-01
-5.840404609250955392e-01
-6.188929712432555963e-01
-6.231393253463439752e-01
-5.402655785936050226e-01
-6.237089445847205926e-01
-5.798053776878051568e-01
-6.236590517717532922e-01
-6.231247855383090783e-01
-5.671788712996177484e-01
-6.222466042298011590e-01
-6.143159976261787225e-01
-5.361064111846618463e-01
-6.236444598096542169e-01
-6.238572781938247491e-01
-6.109646873581342508e-01
-4.957244953173332025e-01
-5.685334073412351419e-01
-6.193014605003528406e-01
-6.118156088548831750e-01
-6.155647968906097223e-01
-6.238518131929569055e-01
-6.128392795133523752e-01
-6.236861793357066919e-01
-5.673303434657983590e-01
-6.206034084814719964e-01
-5.734534448045425226e-01
-5.798206942188672830e-01
-6.237817367571525384e-01
-5.500170623916320611e-01
-5.989354660767249872e-01
-5.948660665224425603e-01
-5.483038758891753961e-01
-6.038267368483476449e-01
-6.033717745947770883e-01
-6.233973091500930597e-01
-6.040468586641483117e-01
-5.404274797099761773e-01
-5.779321471261911203e-01
-5.496552994507484247e-01
-5.814331209319762994e-01
-6.237606478887729455e-01
-5.989354660767249872e-01
-5.022813936728172113e-01
-5.591524688559703637e-01
-6.239541729944877435e-01
-5.916378975878588964e-01
-5.813061164724759866e-01
-6.099556217002801706e-01
-5.914195122229986001e-01
-6.084809804367952157e-01
-6.228436192530326654e-01
-6.236861793357066919e-01
-5.257106533306770135e-01
-6.235579697447948266e-01
-6.216416915911369134e-01
-5.086633374947242547e-01
-6.213427072423629571e-01
-6.238103469866447259e-01
-6.008317766743831445e-01
-6.198064720290832330e-01
-5.684013737398319055e-01
-5.889143345910243799e-01
-5.351152567225627710e-01
-5.322360282796554376e-01
-5.759346352922849466e-01
-5.931338489088349153e-01
-6.014654764938287546e-01
-5.953097201916508485e-01
-6.236287390845947076e-01
-6.240288501638107110e-01
-5.871440114486150552e-01
-5.721527531775765230e-01
-5.339428668874435235e-01
-5.972735898601941873e-01
-5.994108401271633912e-01
-5.572255084323816110e-01
-5.790175160425834466e-01
-5.628627387839488794e-01
-5.660984756457738687e-01
-6.054332254487209131e-01
-6.226596085387401391e-01
-5.984231697428159524e-01
-6.170555425840549280e-01
-5.741464922237329294e-01
-5.938496955703131963e-01
-6.237630879539184381e-01
-5.936073267865114023e-01
-5.743463186579875757e-01
-5.786256602066688348e-01
-6.239609977263145257e-01
-6.228436192530326654e-01
-5.871206529471211244e-01
-6.048165483432941247e-01
-5.764307228881053735e-01
-5.931338489088349153e-01
-5.848759075659446527e-01
-5.434519907492332269e-01
-5.866719724643163492e-01
-6.221997438031368066e-01
-6.060341054606370736e-01
-6.011192759531669427e-01
-5.532730182665519525e-01
-6.188055684822730829e-01
-6.229995748060874750e-01
-5.826944334465198327e-01
-6.021538654375009347e-01
-6.184952443498306085e-01
-5.970681605893306543e-01
-6.231641283291511346e-01
-5.338857209342651178e-01
-6.232568023759059717e-01
-5.353046840089492608e-01
-6.240953056174449731e-01
-6.238156368988685418e-01
-5.505038088220290948e-01
-6.068122608619861413e-01
-5.984231697428159524e-01
-6.234443260389499475e-01
-5.889143345910243799e-01
-5.711479185181789209e-01
-6.232521979170970727e-01
-6.158091982859306146e-01
-6.061936689573459436e-01
-5.844885053145818521e-01
-5.866338627445630838e-01
-5.707661470431022455e-01
-5.727829894083671380e-01
-6.237230150061778833e-01
-5.733738260376386453e-01
-5.768212655591897775e-01
-5.856348400036923696e-01
-6.174493765491180230e-01
-5.830527905407481004e-01
-5.781780274617605020e-01
-6.109646873581342508e-01
-5.957839971440963556e-01
-6.054332254487209131e-01
-5.175661256569557001e-01
-6.147789692538909723e-01
-6.238340472835235406e-01
-6.092542724716596414e-01
-5.649093648451499750e-01
-5.686760002779893686e-01
-5.651207862454585840e-01
-5.452462134915523340e-01
-6.240308990734748651e-01
-5.714185496824912835e-01
-5.528455337542228509e-01
-6.195342352646522333e-01
-5.373265257137946893e-01
-5.593645906108550836e-01
-6.105938831376962472e-01
-6.231641283291511346e-01
-6.175221575456790735e-01
-6.139767708289556314e-01
-6.061936689573459436e-01
-5.830510405856303979e-01
-5.725142730432681848e-01
-5.521508416193656732e-01
-6.234761735457114984e-01
-6.157094592261247445e-01
-5.922439469057254602e-01
-6.232568023759059717e-01
-6.228374129193954278e-01
-5.866103114592962076e-01
-5.444284303146533777e-01
-6.107231432604722787e-01
-5.875868404316835214e-01
-6.178562769699029733e-01
-5.919195616650514413e-01
-5.652460305052928735e-01
-5.936104653435878564e-01
-5.774744709986381341e-01
-5.890956305000119020e-01
-5.985310336607627679e-01
-5.760918630319766809e-01
-4.887540375846557428e-01
-5.798053776878051568e-01
-5.683646759051017572e-01
-5.798053776878051568e-01
-5.984231697428159524e-01
-6.152607256579332162e-01
-5.996587311881713678e-01
-5.997377511146597673e-01
-5.887623576480083276e-01
-5.741165008428625871e-01
-6.237112393635444452e-01
-6.220524644511871148e-01
-5.429700201409988214e-01
-5.760918630319766809e-01
-5.438165998119048883e-01
-6.236499099093608667e-01
-5.767364649134807397e-01
-6.208430266040496637e-01
-5.866103114592962076e-01
-5.022813936728172113e-01
-5.474821662563018609e-01
-5.654029360073737909e-01
-6.061936689573459436e-01
-6.233972271937064935e-01
-6.180149799245528985e-01
-6.138845847952298929e-01
-6.238586826282672693e-01
-6.236162183839015771e-01
-5.657062938469581415e-01
-5.660984756457738687e-01
-6.236944494801692773e-01
-6.134450322049789239e-01
-5.985310336607627679e-01
-6.188271602648429681e-01
-5.466053148764304925e-01
-6.240486277300052453e-01
-6.103914639013938714e-01
