-1.076530429661711086e+00
-1.080178529616882432e+00
-1.086939887270768512e+00
-1.062345078342100013e+00
-1.086326061875065196e+00
-1.071218108885427345e+00
-1.081065202724625696e+00
-1.084346266124834646e+00
-1.086393939923932184e+00
-1.086900533769716848e+00
-1.083849602506001819e+00
-1.081209600098868240e+00
-1.086314827796508897e+00
-1.086953330912133087e+00
-1.086115413472493518e+00
-1.086932188492705453e+00
-1.086908240464021791e+00
-1.081651658412506212e+00
-1.057529959954758514e+00
-1.083472405687411655e+00
-1.074969561431994070e+00
-1.081135450058122505e+00
-1.086464198898961175e+00
-1.061253173403879035e+00
-1.086123841941793788e+00
-1.082553183321346868e+00
-1.086935504466732372e+00
-1.063694460444589485e+00
-1.076323455792357553e+00
-1.076049476523389448e+00
-1.083418129139085639e+00
-1.083197962154140104e+00
-1.078269118570228446e+00
-1.076268153857876886e+00
-1.086919067088951696e+00
-1.079168002248247493e+00
-1.086476947308023799e+00
-1.078677398745407690e+00
-1.078672484621842731e+00
-1.056657236196537841e+00
-1.086108764294972051e+00
-1.086468728851964105e+00
-1.080562351864268411e+00
-1.047993280120631088e+00
-1.071118267380138267e+00
-1.074664086696197618e+00
-1.086501542140235532e+00
-1.083832630549063314e+00
-1.049798438452621330e+00
-1.062363676853915084e+00
-1.059756184123893608e+00
-1.084252716169198383e+00
-1.084934699010541070e+00
-1.082796153273870576e+00
-1.086278180253197778e+00
-1.085111728530814279e+00
-1.086889422160079111e+00
-1.086478947788914073e+00
-1.078650585502823223e+00
-1.073037625883211721e+00
-1.078515611250390638e+00
-1.067854039498110641e+00
-1.084557283331145872e+00
-1.086059515025903810e+00
-1.071101550139923919e+00
-1.074674269311567176e+00
-1.086629760113050569e+00
-1.086618922312249769e+00
-1.083242926408042539e+00
-1.086334257979383100e+00
-1.083497848954488862e+00
-1.086913894523372281e+00
-1.075850861274143089e+00
-1.075839138716896404e+00
-1.081619687971164812e+00
-1.082222424574633468e+00
-1.079465945844044317e+00
-1.078379367605288852e+00
-1.086924276907434095e+00
-1.068171519913216461e+00
-1.072525504637946714e+00
-1.086050748486508954e+00
-1.086632090282132257e+00
-1.081623627465655435e+00
-1.081094229255308736e+00
-1.086468239907612432e+00
-1.086937149182399143e+00
-1.085090478543629278e+00
-1.081467873078276742e+00
-1.086580843326141466e+00
-1.065615140028735031e+00
-1.086929290682514537e+00
-1.086364903614362110e+00
-1.086569165472378362e+00
-1.086643594444235195e+00
-1.074097072367062200e+00
-1.086093830071826805e+00
-1.086670024447580207e+00
-1.086921847086836923e+00
-1.051488781474967826e+00
-1.083120015111257661e+00
-1.086122618649592031e+00
-1.086919109929790128e+00
-1.069048031360348094e+00
-1.084513466000994075e+00
-1.080924987454404462e+00
-1.080813230608095754e+00
-1.074342816263874401e+00
-1.070358637847443450e+00
-1.073184939694096673e+00
-1.086926153522421945e+00
-1.082734655250300992e+00
-1.086085635364492763e+00
-1.063236992933293212e+00
-1.067169398196478713e+00
-1.080797267739166845e+00
-1.086511992976506580e+00
-1.061772596218129028e+00
-1.084533346478333105e+00
-1.085909585129906763e+00
-1.072715113532235254e+00
-1.086538727522333492e+00
-1.086050144989480604e+00
-1.083641518500139345e+00
-1.082520151172270406e+00
-1.086931078356196512e+00
-1.084303854626109231e+00
-1.072100190107216466e+00
-1.086202018555690874e+00
-1.083510723092099060e+00
-1.072692266326834787e+00
-1.083079796877195466e+00
-1.081580234352936376e+00
-1.086592582181533206e+00
-1.086950328793813814e+00
-1.082567130808224309e+00
-1.078382644696598280e+00
-1.056515805550356735e+00
-1.078986615069647659e+00
-1.081833216954459775e+00
-1.071997830305685628e+00
-1.070846989877959121e+00
-1.086902881633927453e+00
-1.047529731072922576e+00
-1.086517051455070604e+00
-1.086938249540021051e+00
-1.082798700441112150e+00
-1.085699988190521825e+00
-1.073309244249453176e+00
-1.075702543497522701e+00
-1.086438003588904966e+00
-1.086655554488738407e+00
-1.086507037874748338e+00
-1.071826167997409929e+00
-1.086957513016154397e+00
-1.082661029078503478e+00
-1.069681408010860313e+00
-1.084145742129971612e+00
-1.086890977003117431e+00
-1.068794204049249519e+00
-1.057267423846264709e+00
-1.084374699868698944e+00
-1.079253899991949428e+00
-1.086539814375778068e+00
-1.086953270376165737e+00
-1.086246158589114774e+00
-1.083830700848688711e+00
-1.074191886593093503e+00
-1.086913364600827325e+00
-1.085224586200406183e+00
-1.075692028865655292e+00
-1.084163154136826623e+00
-1.080290306020965208e+00
-1.086622807790031064e+00
-1.075802837625583042e+00
-1.086895292286266912e+00
-1.083650149997760881e+00
-1.086908152919699777e+00
-1.085564965043654073e+00
-1.086948366962810386e+00
-1.080326285805990327e+00
-1.064522380136390556e+00
-1.084529180672456850e+00
-1.086528104857047428e+00
-1.084536708552827466e+00
-1.086563389409770597e+00
-1.086065450810333122e+00
-1.080966996156116355e+00
-1.080921181604703296e+00
-1.078159333333810199e+00
-1.086084207646985877e+00
-1.083699338730861772e+00
-1.086279404011060823e+00
-1.053064921997924674e+00
-1.086183828428824771e+00
-1.061656283341785301e+00
-1.086537481878389944e+00
-1.086907473519881595e+00
-1.084533314813365568e+00
-1.080992377024581064e+00
-1.061918364964862693e+00
-1.078784702007164586e+00
-1.068357830994268287e+00
-1.086143490054150451e+00
-1.086559542581876148e+00
-1.086457586974342693e+00
-1.069127822421928276e+00
-1.085730221249600280e+00
-1.079636396967311729e+00
-1.063839631282230247e+00
-1.073617489669909109e+00
-1.085089171898057092e+00
-1.086686005011638034e+00
-1.086936825547804464e+00
-1.080217382997711528e+00
-1.086362425364991058e+00
-1.084377518982132305e+00
-1.073811663907458414e+00
-1.046024259306927551e+00
-1.086246494796564210e+00
-1.086480693553080190e+00
-1.078998016320606101e+00
-1.083710273389210332e+00
-1.083732941315015186e+00
-1.085793037094612945e+00
-1.086947204672237266e+00
-1.080874046903540719e+00
-1.069985497869988311e+00
-1.080717899498035539e+00
-1.086513117548515428e+00
-1.086546879854490388e+00
-1.067188244440098632e+00
-1.069295681208809246e+00
-1.075183389835496772e+00
-1.076285748869617809e+00
-1.077032610435475934e+00
-1.084453224331577648e+00
-1.086288169153471816e+00
-1.083507106300880540e+00
-1.086434245702316392e+00
-1.071507334836264480e+00
-1.066905439027090896e+00
-1.077196701091220010e+00
-1.086925881110568870e+00
-1.082972759042372335e+00
-1.083962510932674039e+00
-1.086484477516700853e+00
-1.083164931867708791e+00
-1.086913297545601953e+00
-1.086671594191779722e+00
-1.085093178447773088e+00
-1.062977092467685569e+00
-1.074542734433402646e+00
-1.086551391181041826e+00
-1.085914548147906888e+00
-1.086944206279208291e+00
-1.086930777539004911e+00
-1.086587186098535884e+00
-1.080005926672806371e+00
-1.086507993877371181e+00
-1.083911716599454511e+00
-1.072441939857294191e+00
-1.076653930020024408e+00
-1.065262911968370307e+00
-1.066317433618446220e+00
-1.081402882595052350e+00
-1.086670661937882532e+00
-1.086229737509479154e+00
-1.086562020365585912e+00
-1.082979515787651170e+00
-1.071258410938521255e+00
-1.061235314362188209e+00
-1.086150711995055307e+00
-1.086915940639068712e+00
-1.083629994314601053e+00
-1.086930850182165731e+00
-1.080890045628388751e+00
-1.085968088485737670e+00
-1.086926517203887332e+00
-1.084791133773018945e+00
-1.079600309614529241e+00
-1.079434618946601976e+00
-1.086921167221357454e+00
-1.086926125582744707e+00
-1.045246470846672882e+00
-1.064138390250941146e+00
-1.079557088796486486e+00
-1.083536952395429243e+00
-1.067259200044413436e+00
-1.086910900786956180e+00
-1.061624659352441657e+00
-1.086118940391083587e+00
-1.062813315667649139e+00
-1.085024706680764783e+00
-1.086483455855836500e+00
-1.086592909541418184e+00
-1.062924336769123901e+00
-1.067487947769900192e+00
-1.082774086982448924e+00
-1.086910021152784456e+00
-1.084246908907284368e+00
-1.065160611771484245e+00
-1.078545349777181972e+00
-1.066302910574217666e+00
-1.086519130632718433e+00
-1.084575006399740804e+00
-1.086478070948710073e+00
-1.080044108104397882e+00
-1.086499873675843109e+00
-1.083597456697811712e+00
-1.086940297052701343e+00
-1.084408305246820081e+00
-1.084838891063322652e+00
-1.083789086562087167e+00
-1.082103286531259645e+00
-1.082616670649935831e+00
-1.062885118775506843e+00
-1.074333069507469762e+00
-1.086907134052803148e+00
-1.086938200179924596e+00
-1.070962136738439430e+00
-1.074522749182273973e+00
-1.079233638138016094e+00
-1.085777816024114717e+00
-1.048148412384529937e+00
-1.082009425979544748e+00
-1.085014906373312105e+00
-1.061958937101503242e+00
-1.086481349204172719e+00
-1.044928826518793930e+00
-1.086942274716188539e+00
-1.081970316019346345e+00
-1.084468994416733612e+00
-1.086052812297334302e+00
-1.084430234168161977e+00
-1.086926841769804586e+00
-1.085177170239826072e+00
-1.086346351203014482e+00
-1.085997861471464265e+00
-1.084343842357834209e+00
-1.081517053429474462e+00
-1.086141521703889001e+00
-1.086924294602563013e+00
-1.086574742231955160e+00
-1.072619997557689775e+00
-1.085943293884833682e+00
-1.081039471678872932e+00
-1.077888319861580957e+00
-1.065453866623779167e+00
-1.071796271611442197e+00
-1.081740953620960344e+00
-1.070883764081140388e+00
-1.076516691722412933e+00
-1.073744446166296829e+00
-1.086931002453406681e+00
-1.083715576339950193e+00
-1.077142387755652297e+00
-1.064173936970969070e+00
-1.086911748756160367e+00
-1.080889460292150606e+00
-1.086925360966910947e+00
-1.054166957863112319e+00
-1.061309160791774620e+00
-1.086516128514399160e+00
-1.086108288389136423e+00
-1.086486070078303445e+00
-1.071968738582422365e+00
-1.065818173937936653e+00
-1.086962281387736429e+00
-1.070489848159690727e+00
-1.086173461877246726e+00
-1.078089484140714038e+00
-1.079390096139599908e+00
-1.072286807593395341e+00
-1.086505456489016641e+00
-1.086683505807509054e+00
-1.086913123388280500e+00
-1.067544081375439990e+00
-1.079976576973189939e+00
-1.085104736160924066e+00
-1.086047687229206193e+00
-1.085933826525201429e+00
-1.084245141722699035e+00
-1.057034874462028373e+00
-1.060428543143411506e+00
-1.075903162021627057e+00
-1.086922351398011077e+00
-1.083699371792813171e+00
-1.086246144153614868e+00
-1.079021842811693777e+00
-1.086678680625249971e+00
-1.075486705765565265e+00
-1.060793560125370849e+00
-1.065167507283826698e+00
-1.086651052941074003e+00
-1.084827835333039392e+00
-1.051883224524994720e+00
-1.083440822210600007e+00
-1.086940860968520273e+00
-1.078074865170260299e+00
-1.086939332202514041e+00
-1.082937642593373884e+00
-1.086512588091631759e+00
-1.086913923394372095e+00
-1.058266688265343536e+00
-1.080508000810136426e+00
-1.070420472078462470e+00
-1.082752248865058053e+00
-1.086331633046706546e+00
-1.082959997129132379e+00
-1.076037841044803489e+00
-1.086079288401146759e+00
-1.086734190244664777e+00
-1.071765029930015434e+00
-1.080646660771658052e+00
-1.085809148509492505e+00
-1.063116546847363342e+00
-1.074876949783851732e+00
-1.086928961459984411e+00
-1.075614135839482177e+00
-1.086911339905550111e+00
-1.086917869873782028e+00
-1.086065594699670900e+00
-1.084021135360439647e+00
-1.078292039350112308e+00
-1.086039657365967859e+00
-1.086247037291963924e+00
-1.075648114212294448e+00
-1.078880231954594482e+00
-1.084418574940850366e+00
-1.086445019241859544e+00
-1.082367878999998201e+00
-1.086541995998909105e+00
-1.083759801123728383e+00
-1.086919008415629495e+00
-1.045466646679182876e+00
-1.083062648434629072e+00
-1.083202254619886507e+00
-1.086298772726645101e+00
-1.068564647935767997e+00
-1.084306404587318529e+00
-1.079428756270994771e+00
-1.084195345301618207e+00
-1.080025622282614339e+00
-1.080771090589900840e+00
-1.085517797746201385e+00
-1.071587186433812011e+00
-1.083520017225732435e+00
-1.086919780482043851e+00
-1.083915588573058475e+00
