-1.072228898665657182e+00
-1.086083477734377523e+00
-1.075993977392813106e+00
-1.086908339428504844e+00
-1.085755137632390399e+00
-1.086920876893004317e+00
-1.057762048112949271e+00
-1.079835033881267448e+00
-1.086038013825913806e+00
-1.086885759978344579e+00
-1.086907563171138902e+00
-1.085902796032627959e+00
-1.086228556836744685e+00
-1.086684329806616445e+00
-1.086524693201085467e+00
-1.082900016474326987e+00
-1.061688463109334846e+00
-1.086929251345595260e+00
-1.083580632599791427e+00
-1.086918848938098092e+00
-1.067908336314162154e+00
-1.069844935926398177e+00
-1.086429328097751279e+00
-1.078558864909013648e+00
-1.071768404821654697e+00
-1.055461729782422919e+00
-1.083926823827227492e+00
-1.085911609603812833e+00
-1.086576975787779231e+00
-1.086411980817815204e+00
-1.074892032331576486e+00
-1.086532526089599271e+00
-1.086905995289584537e+00
-1.086899095120629211e+00
-1.057115563097199340e+00
-1.086208064014812846e+00
-1.086568311693867583e+00
-1.074202159325381656e+00
-1.081577859957491894e+00
-1.086922493668993850e+00
-1.086920081543525596e+00
-1.068146291094621558e+00
-1.086508774104317565e+00
-1.086907877958169122e+00
-1.086751543356826444e+00
-1.086679153981408019e+00
-1.086206979024013419e+00
-1.072806279080709357e+00
-1.065331299694975753e+00
-1.058563000428279777e+00
-1.085224036964377303e+00
-1.082758621218403716e+00
-1.073923666401555677e+00
-1.086632469109048982e+00
-1.072419776486953635e+00
-1.074998963995626111e+00
-1.071970295998057265e+00
-1.072901965955993075e+00
-1.085547342802187343e+00
-1.069196335877081294e+00
-1.086398966981818814e+00
-1.078965086395641704e+00
-1.086722097265323539e+00
-1.066278605627616782e+00
-1.071850648055573840e+00
-1.074967563523700376e+00
-1.086932245082011361e+00
-1.086550791187932630e+00
-1.083642210251441140e+00
-1.086944284754594703e+00
-1.083224871334409256e+00
-1.082420316197698851e+00
-1.072630996721586127e+00
-1.086024506854614158e+00
-1.076207217898940582e+00
-1.061334780323108573e+00
-1.084356038736900230e+00
-1.084312880317469974e+00
-1.070622297840913673e+00
-1.086515346913387914e+00
-1.070239937769969840e+00
-1.067068915719887157e+00
-1.076216285255527039e+00
-1.086373541875531812e+00
-1.058901837932666679e+00
-1.070969042273959060e+00
-1.086939089837273498e+00
-1.086530435736080547e+00
-1.071300678792199035e+00
-1.079887342544993301e+00
-1.048769810142716308e+00
-1.086158332320650954e+00
-1.086910981590649028e+00
-1.076113833951553245e+00
-1.086660813911607404e+00
-1.086905876080294986e+00
-1.086758498008152385e+00
-1.066126013080378909e+00
-1.068501437919935126e+00
-1.083339298748200674e+00
-1.086882693598767657e+00
-1.080080056235914965e+00
-1.086914908046623607e+00
-1.086914372536143203e+00
-1.086343977971723218e+00
-1.086552813554903407e+00
-1.083731318729719062e+00
-1.082639152089854617e+00
-1.085876331570347686e+00
-1.086061189322521825e+00
-1.067286562080284495e+00
-1.086589996608694930e+00
-1.084394570345779796e+00
-1.080823038377588530e+00
-1.081850411276122470e+00
-1.086885170916816135e+00
-1.086216607036789794e+00
-1.059912963676055808e+00
-1.086610593273093839e+00
-1.069138427170714278e+00
-1.086905675380280156e+00
-1.061594328748783012e+00
-1.078291970210870643e+00
-1.082615851563190956e+00
-1.065069913769861598e+00
-1.083766149262687106e+00
-1.086053464001765390e+00
-1.086508065367838283e+00
-1.064341024401387115e+00
-1.086889682243367572e+00
-1.082610612873708744e+00
-1.082767391948750157e+00
-1.080044275986751456e+00
-1.068390463384589095e+00
-1.063164763989647765e+00
-1.086349557525267739e+00
-1.086251353750726123e+00
-1.081828248592814345e+00
-1.086105875110974450e+00
-1.073869401029100556e+00
-1.086909986472478051e+00
-1.086900606657167812e+00
-1.085077928284903903e+00
-1.082895577790936370e+00
-1.065162083971103568e+00
-1.082845943885644813e+00
-1.086135245299687524e+00
-1.077283528771972199e+00
-1.071552338915666480e+00
-1.078543049654712815e+00
-1.086618024761577983e+00
-1.080124943655704994e+00
-1.066433774213096042e+00
-1.086604806965937753e+00
-1.086054610925516029e+00
-1.086554847563406367e+00
-1.086542758996387859e+00
-1.070855139660438438e+00
-1.086492994240274568e+00
-1.086608694772025485e+00
-1.081332527239596386e+00
-1.086588383557995696e+00
-1.086469933296343227e+00
-1.086776371485343118e+00
-1.086553458961447616e+00
-1.058256630691489120e+00
-1.084550589228769679e+00
-1.071269580068787475e+00
-1.068436014371713538e+00
-1.075099967791488309e+00
-1.086931273246904750e+00
-1.082689653289293785e+00
-1.079197239036461253e+00
-1.082685975496446629e+00
-1.079307431726505895e+00
-1.080177628573750992e+00
-1.086292882355650802e+00
-1.079376876492774029e+00
-1.072514099905988116e+00
-1.086922707873186011e+00
-1.069701584893068214e+00
-1.077057283044582148e+00
-1.062930459993680854e+00
-1.086925816162278791e+00
-1.086368303186049600e+00
-1.086630845813801427e+00
-1.072422514109661718e+00
-1.086021466552069326e+00
-1.084282887073954482e+00
-1.080143218300094743e+00
-1.086040574962993999e+00
-1.062007629218300719e+00
-1.083749742152890105e+00
-1.083910433015575547e+00
-1.086570571082433601e+00
-1.083409944454928775e+00
-1.085025699714919467e+00
-1.085877695957919498e+00
-1.070843254121741195e+00
-1.086609882673969407e+00
-1.083459486624946733e+00
-1.072003089728554626e+00
-1.086927625256379981e+00
-1.086319780814250846e+00
-1.086224889288445850e+00
-1.085894552896520038e+00
-1.086947176511188884e+00
-1.083683590310415168e+00
-1.084312534796794791e+00
-1.073104936535259624e+00
-1.077580682839056392e+00
-1.086905178054025312e+00
-1.086702052409550090e+00
-1.072467273472597737e+00
-1.086713259014090438e+00
-1.084369409735103984e+00
-1.085916953998407264e+00
-1.079175666113173504e+00
-1.082472635338803668e+00
-1.086523476893803020e+00
-1.084022090676030059e+00
-1.083730504753788848e+00
-1.086915390937378545e+00
-1.067996011021336455e+00
-1.086907698678573508e+00
-1.086921050584664483e+00
-1.070449395942291160e+00
-1.086919892485042949e+00
-1.083606289139738221e+00
-1.085924188512166877e+00
-1.068733723739882846e+00
-1.075347329861273904e+00
-1.071662321592470546e+00
-1.083649963977536101e+00
-1.080305113362869163e+00
-1.078624614070890386e+00
-1.072870880271097560e+00
-1.080198708361735482e+00
-1.083891883398195644e+00
-1.082788322026630778e+00
-1.086577346454163928e+00
-1.064491878169378181e+00
-1.084630020799836059e+00
-1.086226098145147700e+00
-1.069260177108248611e+00
-1.086319342626979489e+00
-1.079321351506536741e+00
-1.086489576752087016e+00
-1.086169026697775264e+00
-1.086899534704884429e+00
-1.086896902787288566e+00
-1.086414715180894275e+00
-1.068694000969430347e+00
-1.066485651674469848e+00
-1.072761880139609714e+00
-1.076301268673291345e+00
-1.084318068249871869e+00
-1.085909912268420596e+00
-1.086649009863635440e+00
-1.086624938900371928e+00
-1.086171963157853027e+00
-1.086933319362601180e+00
-1.083713111373385329e+00
-1.086147196496626277e+00
-1.086165477893104692e+00
-1.086500577999999662e+00
-1.086508330794772048e+00
-1.073988723474344154e+00
-1.086652444581290622e+00
-1.062151300626596351e+00
-1.086631095873912711e+00
-1.086599852795502086e+00
-1.086580378840466876e+00
-1.074901928099593063e+00
-1.084842163043817420e+00
-1.078986881672194142e+00
-1.085224126371344466e+00
-1.086604924312582154e+00
-1.086921404952904124e+00
-1.086450772265693088e+00
-1.058309023174246688e+00
-1.086008879261812110e+00
-1.086685704904397864e+00
-1.086925092058977027e+00
-1.086292563843330283e+00
-1.086398916224738498e+00
-1.086917907836636443e+00
-1.080332689824303527e+00
-1.082681127263953824e+00
-1.079065357939129610e+00
-1.079147528297057290e+00
-1.086566435544541021e+00
-1.086912176477512260e+00
-1.072352534997066398e+00
-1.056279226111968894e+00
-1.073693941253026862e+00
-1.086897167748561044e+00
-1.086253894398709674e+00
-1.083808906282087703e+00
-1.086589757258793254e+00
-1.086472858580550094e+00
-1.083532054814299483e+00
-1.086617296932985921e+00
-1.086914363222917457e+00
-1.084594972337385554e+00
-1.086932916099926372e+00
-1.078989332913210530e+00
-1.086126863396515985e+00
-1.069503747763832946e+00
-1.076276325526436706e+00
-1.083689504208763976e+00
-1.072963642793496986e+00
-1.085793060156306167e+00
-1.086578443552156825e+00
-1.086901545430323024e+00
-1.081340818804478188e+00
-1.082846316414674659e+00
-1.086585436853369613e+00
-1.086240220720669170e+00
-1.086360825131436725e+00
-1.084687729737510820e+00
-1.084727312343915839e+00
-1.086060841939201493e+00
-1.086897886263927360e+00
-1.086929842269768853e+00
-1.086324760130396028e+00
-1.086331430262675424e+00
-1.077853699353312988e+00
-1.079699286165436645e+00
-1.081828237882604737e+00
-1.082996401608711023e+00
-1.084450835267802615e+00
-1.084836167189082046e+00
-1.085695314592471261e+00
-1.082565057695632715e+00
-1.086167902125766416e+00
-1.083524515758057971e+00
-1.084743193256458182e+00
-1.086169872338673015e+00
-1.072741477190306325e+00
-1.073680737427225251e+00
-1.073697787615260024e+00
-1.086274843103041787e+00
-1.086092201898595233e+00
-1.084432884956499477e+00
-1.086556310671171088e+00
-1.080207706334790130e+00
-1.066821683103939433e+00
-1.086903662326535125e+00
-1.074719750228127380e+00
-1.085082191413989205e+00
-1.085892062539955516e+00
-1.060890431421598334e+00
-1.083084503792947073e+00
-1.082666382564952512e+00
-1.075993284023156304e+00
-1.086668473574122329e+00
-1.084630190300544639e+00
-1.084908275770744224e+00
-1.086862909513315101e+00
-1.086905984113713641e+00
-1.062927783372601409e+00
-1.080267796664288182e+00
-1.069236627685626884e+00
-1.084227752777537246e+00
-1.084273025299211879e+00
-1.056979340406855483e+00
-1.082043301219841380e+00
-1.064589511508842845e+00
-1.086066033596893687e+00
-1.081351984896486540e+00
-1.061855520027479072e+00
-1.071547568681439300e+00
-1.070502716022333045e+00
-1.086915165091654201e+00
-1.086335260326763530e+00
-1.080670725925614972e+00
-1.086402546520134349e+00
-1.084444642904003997e+00
-1.084125794376036067e+00
-1.083225018017714758e+00
-1.084470664056738753e+00
-1.086429417970379729e+00
-1.075312522145708938e+00
-1.084246646052947183e+00
-1.075694489897018213e+00
-1.076960012920921583e+00
-1.083872038311114450e+00
-1.081921462573831816e+00
-1.086355534753551622e+00
-1.086030489670833488e+00
-1.084670259057333608e+00
-1.071869116182228465e+00
-1.082862487667029638e+00
-1.086412996890744109e+00
-1.083973826280584474e+00
-1.081540149076631208e+00
-1.086188329755118032e+00
-1.086386305185755630e+00
-1.086930221783718009e+00
-1.085721618401607413e+00
-1.086293198074003596e+00
-1.077685040793171067e+00
-1.085891246701380153e+00
-1.082456155353015204e+00
-1.083459353911479850e+00
-1.083371877110352655e+00
-1.086899453679820438e+00
-1.086129791940351863e+00
-1.064415718334516425e+00
-1.086918901557823558e+00
-1.086933181526860137e+00
-1.085663732978304763e+00
-1.068611896502574821e+00
-1.086543698700865646e+00
-1.086931891179433007e+00
-1.086388989257415671e+00
-1.086510635818144221e+00
-1.082793640809854407e+00
-1.059930969866713424e+00
-1.083376784714659591e+00
-1.085723183489194055e+00
-1.086917435656091113e+00
-1.080429373680403371e+00
-1.086615218686660667e+00
-1.082185860861813564e+00
-1.083036866876086135e+00
-1.063657578917940993e+00
-1.084941729343285699e+00
-1.083818707520862956e+00
-1.086907133365770717e+00
-1.047059877681335349e+00
-1.056802452447613616e+00
-1.075948433390607972e+00
-1.079034349554007788e+00
-1.060809184702834029e+00
-1.086331669146915813e+00
-1.086495134885212321e+00
-1.077769591378768821e+00
-1.086565061378082175e+00
-1.059568096789320846e+00
-1.076802702759181996e+00
-1.083535492325922389e+00
-1.081066343839069743e+00
-1.075248143541416068e+00
-1.084537307637533088e+00
-1.058154794293245216e+00
-1.070138989853462119e+00
-1.086129586118062873e+00
-1.061175155359109779e+00
