-7.780030767373545819e-01
-7.909391920022471600e-01
-7.901123074754877740e-01
-7.909474821701450997e-01
-7.908526437297268563e-01
-7.891439783327086621e-01
-7.904756103582485371e-01
-7.900761460825606042e-01
-7.854942904725475961e-01
-7.847553013764126950e-01
-7.905532970964713746e-01
-7.778320095442040616e-01
-7.827626692071362191e-01
-7.713407736211820298e-01
-7.889079844519301110e-01
-7.845977458111746961e-01
-7.907978614732428246e-01
-7.908611802324457818e-01
-7.904292188525005036e-01
-7.906591097764475995e-01
-7.902039202801688367e-01
-7.891266217395468408e-01
-7.769551753938003236e-01
-7.886388918325110131e-01
-7.902729224353833848e-01
-7.836648921422465497e-01
-7.708457812607093507e-01
-7.904938437916143590e-01
-7.910329072676404172e-01
-7.815951725408240014e-01
-7.669608194321199113e-01
-7.884432488992615395e-01
-7.701952021509214097e-01
-7.869498582497044259e-01
-7.907573875911338979e-01
-7.909549308880968743e-01
-7.812626815341218167e-01
-7.846774209230943375e-01
-7.880010380815519744e-01
-7.696161085679932290e-01
-7.800159055679841691e-01
-7.866452803775473290e-01
-7.814794289354040080e-01
-7.797803107589288407e-01
-7.860913520619078332e-01
-7.807895605858220511e-01
-7.798831148013277703e-01
-7.862324050567849332e-01
-7.871858498021765405e-01
-7.897647378906412774e-01
-7.874644027963085824e-01
-7.876624355032845193e-01
-7.746467750459714585e-01
-7.620098136305614167e-01
-7.828512589387400800e-01
-7.821340823486252480e-01
-7.861881895862324887e-01
-7.677871297985120469e-01
-7.910305980533166581e-01
-7.769255556106372529e-01
-7.785558949164851361e-01
-7.908713181443317586e-01
-7.733307044893308335e-01
-7.735711887419028931e-01
-7.825312811821504289e-01
-7.910116428449555093e-01
-7.909204281806750947e-01
-7.911011229209407025e-01
-7.904606766007645779e-01
-7.803526657573683911e-01
-7.898705496392949277e-01
-7.906358332313402348e-01
-7.839082944612755233e-01
-7.881499572597249204e-01
-7.909891732908590489e-01
-7.883042978994353467e-01
-7.702017251342340165e-01
-7.911119649126930886e-01
-7.907737593106730634e-01
-7.766682004496260339e-01
-7.752010200112863236e-01
-7.901321846931977921e-01
-7.882960766494079285e-01
-7.887169981315537148e-01
-7.909980390161081010e-01
-7.865778847537739926e-01
-7.884549067295892888e-01
-7.902577241822882348e-01
-7.911032831236525231e-01
-7.597334489166541749e-01
-7.888678970686896497e-01
-7.707755893409057313e-01
-7.566063079923196488e-01
-7.875765868868483954e-01
-7.849909637063546830e-01
-7.883710993394060784e-01
-7.788361885525091344e-01
-7.873414980187817269e-01
-7.879057947486444169e-01
-7.750056117713256532e-01
-7.751188419699474030e-01
-7.731191275581522637e-01
-7.907480371124847585e-01
-7.779737144648833924e-01
-7.811621026541842872e-01
-7.886452029399378949e-01
-7.848600097406460696e-01
-7.882316864035828763e-01
-7.800743935569925958e-01
-7.898890806302233392e-01
-7.892444610535903626e-01
-7.743017433151407891e-01
-7.910076311729653531e-01
-7.897661656081481629e-01
-7.695371808424397164e-01
-7.713200563505097085e-01
-7.886707970812721902e-01
-7.832391070607854777e-01
-7.910176275238199883e-01
-7.895320595182283574e-01
-7.871244877517028504e-01
-7.907758878484173470e-01
-7.889235254317327195e-01
-7.893718301258786374e-01
-7.573764912724300080e-01
-7.843750381782456094e-01
-7.855982894018097573e-01
-7.900136887967391663e-01
-7.903126037619813138e-01
-7.808264789111717397e-01
-7.791220193669005090e-01
-7.899274716093941384e-01
-7.901816495634420567e-01
-7.894585013329787904e-01
-7.846439380138917619e-01
-7.884721795037193948e-01
-7.870039371248139792e-01
-7.862988591134353333e-01
-7.896830092124446088e-01
-7.733352772831721955e-01
-7.722701478689714127e-01
-7.907731898069186860e-01
-7.709741072669430428e-01
-7.907477116152449303e-01
-7.849990548040522986e-01
-7.906906117625339681e-01
-7.911363855875833684e-01
-7.906913018725617581e-01
-7.901142488173945599e-01
-7.848382086433275395e-01
-7.903901941083176785e-01
-7.786870991751356774e-01
-7.901209627218349629e-01
-7.823529145154907161e-01
-7.892604360297127419e-01
-7.897915576524837666e-01
-7.759895671099229508e-01
-7.899792377777202779e-01
-7.904095996111436540e-01
-7.868572321660621816e-01
-7.856339381016596013e-01
-7.623157773107095414e-01
-7.732721010163231545e-01
-7.910295698731942826e-01
-7.766118833735390359e-01
-7.890520470157070809e-01
-7.911131132334275895e-01
-7.900326207220359498e-01
-7.811784680872960740e-01
-7.799132179409070664e-01
-7.785153474598928147e-01
-7.888293468333585912e-01
-7.904313054807289296e-01
-7.907987234122856313e-01
-7.850443436238719874e-01
-7.884342621020777875e-01
-7.910319666318400555e-01
-7.679208528190656358e-01
-7.909299118384524041e-01
-7.906022613808317834e-01
-7.880386125236554795e-01
-7.876084891088112050e-01
-7.903193972945018464e-01
-7.910681727282508069e-01
-7.911223226167066747e-01
-7.841263736538394147e-01
-7.785659126877589875e-01
-7.897049302175446206e-01
-7.680712949424787217e-01
-7.736715191915436440e-01
-7.888978283792539292e-01
-7.728644452929301911e-01
-7.703283272623820954e-01
-7.820424590665652209e-01
-7.894063305049939805e-01
-7.909040154829426461e-01
-7.661662485390706712e-01
-7.906427944019241982e-01
-7.883540393724842721e-01
-7.872735324255927258e-01
-7.911039052471323663e-01
-7.589360803305907899e-01
-7.887132057860298806e-01
-7.901875052541299516e-01
-7.747109599351688081e-01
-7.814316842179550582e-01
-7.858226990267439538e-01
-7.894326999723716431e-01
-7.904871974080606156e-01
-7.782600793927713090e-01
-7.896822003587885552e-01
-7.910274948864980393e-01
-7.909941065065367871e-01
-7.906787029407723599e-01
-7.782826639652057343e-01
-7.906427785694404298e-01
-7.873393278043522292e-01
-7.663530830234094315e-01
-7.878506432227595502e-01
-7.836309724427564793e-01
-7.903738265797300988e-01
-7.842475154377325230e-01
-7.761727349772854501e-01
-7.741113595604701691e-01
-7.906648476548298055e-01
-7.907926763348086530e-01
-7.910091389842136556e-01
-7.860311387978299313e-01
-7.903645175449355298e-01
-7.910406465582354718e-01
-7.666946753799720460e-01
-7.818419008455975705e-01
-7.879839778817995244e-01
-7.890112955994709187e-01
-7.908031416065796071e-01
-7.855914008743866139e-01
-7.907636591173513585e-01
-7.869652725696368867e-01
-7.879070511027975732e-01
-7.820545350607289725e-01
-7.899356202162607365e-01
-7.835674180589421445e-01
-7.910410530805392915e-01
-7.839973230786426717e-01
-7.893340268112524205e-01
-7.825945268325312787e-01
-7.731511864751382523e-01
-7.904379029698475057e-01
-7.680980667412086182e-01
-7.688156861752076798e-01
-7.898411179832919293e-01
-7.705968378051920586e-01
-7.900178890615506822e-01
-7.890453829370244199e-01
-7.891617582119806462e-01
-7.886295730188294106e-01
-7.891694593183501416e-01
-7.884299486815734559e-01
-7.819163302831156903e-01
-7.885018197759791070e-01
-7.883453519955082589e-01
-7.911068896703227216e-01
-7.901627916782899552e-01
-7.858067694525970870e-01
-7.911110144980056935e-01
-7.735021805330916100e-01
-7.907413106351895982e-01
-7.596155267149015122e-01
-7.696284606993003541e-01
-7.747647484704657250e-01
