-7.779879993387927017e-01
-7.909390055091097826e-01
-7.901127820710549532e-01
-7.909471688415440349e-01
-7.908530894692665791e-01
-7.891422410641163454e-01
-7.904762785385238688e-01
-7.900743275659773968e-01
-7.854948348964660987e-01
-7.847559836620774387e-01
-7.905534825913648200e-01
-7.778267558495532974e-01
-7.827671468556302026e-01
-7.713208321613519436e-01
-7.889076409699230519e-01
-7.845983518479139329e-01
-7.907973096531423218e-01
-7.908619778471103201e-01
-7.904303713534521769e-01
-7.906593826841382677e-01
-7.902020254612197592e-01
-7.891257384324008584e-01
-7.769615463908405850e-01
-7.886372864124864268e-01
-7.902749700445151904e-01
-7.836687982579959577e-01
-7.708324716513668129e-01
-7.904947663796273449e-01
-7.910328758595788212e-01
-7.815969577663804957e-01
-7.669672546750082587e-01
-7.884416080519666137e-01
-7.701988165173369039e-01
-7.869454887000094656e-01
-7.907580273067582599e-01
-7.909554844478535740e-01
-7.812681222300056350e-01
-7.846777241910518619e-01
-7.880013550502676933e-01
-7.696217268247561583e-01
-7.800185784556138424e-01
-7.866470802641590820e-01
-7.814833048748420774e-01
-7.797687826636438002e-01
-7.860947945306332452e-01
-7.807930432423608735e-01
-7.798891528277883678e-01
-7.862304139274727266e-01
-7.871863476321668829e-01
-7.897631678144064749e-01
-7.874685617650460934e-01
-7.876646886842119111e-01
-7.746453001248999604e-01
-7.620293475129358285e-01
-7.828485240851438265e-01
-7.821410966234580986e-01
-7.861841593606960776e-01
-7.677929439055226624e-01
-7.910313251398173318e-01
-7.769311119693443901e-01
-7.785570018478565890e-01
-7.908718778101336833e-01
-7.733289827172503683e-01
-7.735768750927562998e-01
-7.825276607023590181e-01
-7.910118422925007664e-01
-7.909210652695506383e-01
-7.911009762427730907e-01
-7.904622249778173737e-01
-7.803545669682253605e-01
-7.898708965717090580e-01
-7.906347939519428047e-01
-7.839016311456350472e-01
-7.881510798627827663e-01
-7.909898352362173535e-01
-7.883061171200135275e-01
-7.702036494214377083e-01
-7.911121937037347562e-01
-7.907733778154153459e-01
-7.766730081780440775e-01
-7.752113725213340967e-01
-7.901314890269910407e-01
-7.882957081083835638e-01
-7.887155219055277389e-01
-7.909986028661457613e-01
-7.865805526356903776e-01
-7.884508775935035185e-01
-7.902576210204879104e-01
-7.911033893768331104e-01
-7.597110948735970037e-01
-7.888704415418539284e-01
-7.707709749418555356e-01
-7.566032288507218428e-01
-7.875782915507361093e-01
-7.849958317320463452e-01
-7.883708017719570638e-01
-7.788309540163806943e-01
-7.873457342978922302e-01
-7.879035008030322862e-01
-7.750072972385815273e-01
-7.751181241124001087e-01
-7.731087545174814002e-01
-7.907492629508091619e-01
-7.779723743603453867e-01
-7.811647291002324911e-01
-7.886471594515322980e-01
-7.848599026464277983e-01
-7.882306689867358829e-01
-7.800750414761902229e-01
-7.898902493171353623e-01
-7.892437900953896968e-01
-7.742899320369036609e-01
-7.910086909410291023e-01
-7.897648744120266961e-01
-7.695355354381148150e-01
-7.713075217230720426e-01
-7.886720572535107499e-01
-7.832438317300132180e-01
-7.910179556505949616e-01
-7.895301740769040677e-01
-7.871210355677409343e-01
-7.907755386186726687e-01
-7.889209267032204487e-01
-7.893720775921531096e-01
-7.573698937647456164e-01
-7.843749235837215172e-01
-7.855970464092009165e-01
-7.900135807458686932e-01
-7.903134612445481544e-01
-7.808240228014118323e-01
-7.791124877528137205e-01
-7.899276097390521834e-01
-7.901793267844816615e-01
-7.894597257686051250e-01
-7.846469159858375786e-01
-7.884710769122593721e-01
-7.870020514654715305e-01
-7.862965660312529748e-01
-7.896819321467767328e-01
-7.733242361150606259e-01
-7.722660837276358325e-01
-7.907734642723384111e-01
-7.709783965839503983e-01
-7.907478541709399567e-01
-7.849926878925682638e-01
-7.906917828550633631e-01
-7.911366281660850985e-01
-7.906906184120281456e-01
-7.901137518842564766e-01
-7.848382410268680554e-01
-7.903906605784227768e-01
-7.786792289484913976e-01
-7.901217490878400529e-01
-7.823417287540008758e-01
-7.892625209103083517e-01
-7.897899468678555301e-01
-7.759885003569301221e-01
-7.899779411795669892e-01
-7.904109361450887272e-01
-7.868519342582918075e-01
-7.856283636500046574e-01
-7.623264951917889665e-01
-7.732637449747388203e-01
-7.910296712461505342e-01
-7.766127653495279448e-01
-7.890541668399889685e-01
-7.911133782227979250e-01
-7.900351391115160160e-01
-7.811762434509487152e-01
-7.799149146440359504e-01
-7.785210782157788723e-01
-7.888288300553377708e-01
-7.904329756703638576e-01
-7.907977258698131173e-01
-7.850390924792383096e-01
-7.884311665823727777e-01
-7.910318135994415245e-01
-7.679233328925814117e-01
-7.909304987279636157e-01
-7.906031119384314687e-01
-7.880394759405937588e-01
-7.876093019267964568e-01
-7.903173614404139791e-01
-7.910682853380885948e-01
-7.911223327245764381e-01
-7.841226318647783744e-01
-7.785713261303286448e-01
-7.897033136605826620e-01
-7.680564862024333861e-01
-7.736612562868332432e-01
-7.888941127798010378e-01
-7.728688614865361073e-01
-7.703304041454275275e-01
-7.820368665373446104e-01
-7.894046464429458343e-01
-7.909044879408965167e-01
-7.661736270006960225e-01
-7.906424425137744683e-01
-7.883524063477473920e-01
-7.872740512865857854e-01
-7.911039029704084458e-01
-7.589340813279122910e-01
-7.887135019261566349e-01
-7.901893573994117626e-01
-7.747100074038314466e-01
-7.814260026409592941e-01
-7.858151853666590636e-01
-7.894338437504228034e-01
-7.904863062364508863e-01
-7.782527418007344489e-01
-7.896838780622169596e-01
-7.910278078336652197e-01
-7.909936454771326897e-01
-7.906802669813425277e-01
-7.782890015885478574e-01
-7.906426464196223414e-01
-7.873403886061981494e-01
-7.663556019482696824e-01
-7.878488897529670743e-01
-7.836322166794494892e-01
-7.903724272660848094e-01
-7.842531381477397812e-01
-7.761722115430724767e-01
-7.741146716589484278e-01
-7.906660273838151953e-01
-7.907933412103552717e-01
-7.910091234836850171e-01
-7.860292209693821031e-01
-7.903634179523446601e-01
-7.910408221741893620e-01
-7.666718202367761581e-01
-7.818389857355977357e-01
-7.879854825500522963e-01
-7.890106610900142758e-01
-7.908042603035495555e-01
-7.855924063059414042e-01
-7.907640203569332726e-01
-7.869657991746739079e-01
-7.879084693020260710e-01
-7.820524992517771112e-01
-7.899347403303402793e-01
-7.835635147947443979e-01
-7.910414284426992015e-01
-7.839989138573384420e-01
-7.893350281869616625e-01
-7.825915993179143326e-01
-7.731461129574119795e-01
-7.904398891427891760e-01
-7.680994869938242431e-01
-7.688123185531445802e-01
-7.898407592639586916e-01
-7.705891844951664460e-01
-7.900178823564194541e-01
-7.890445469217266528e-01
-7.891630013304161695e-01
-7.886292140309838494e-01
-7.891669551362336943e-01
-7.884291741099647144e-01
-7.819050987143969511e-01
-7.885012517339643479e-01
-7.883439992595037138e-01
-7.911071242888250143e-01
-7.901652015058557854e-01
-7.858005741774078956e-01
-7.911111279695864917e-01
-7.735065293853532475e-01
-7.907411449683590110e-01
-7.596243128214402729e-01
-7.696309113843703420e-01
-7.747589043374788487e-01
