-8.102088538037356402e-01
-8.107652259098109271e-01
-8.097823602186259295e-01
-8.068343852685507800e-01
-7.895908285902556445e-01
-8.103571166323241259e-01
-8.090153490232047107e-01
-8.094122898803767230e-01
-7.871736404524859454e-01
-8.033100036011752154e-01
-7.739828568922099139e-01
-8.051808704660948779e-01
-8.107570675240572955e-01
-8.030259092377242114e-01
-7.842494142280634906e-01
-8.107313704715785052e-01
-7.977979970203455951e-01
-8.100536135064181353e-01
-8.107830663250502612e-01
-8.055933793114241626e-01
-8.072990519033488299e-01
-8.001189124809321429e-01
-8.000454348550852801e-01
-7.828418058382090594e-01
-7.893507299052294757e-01
-8.101453450547274615e-01
-8.107131053732451464e-01
-7.926748101638373400e-01
-7.609969158695754077e-01
-8.073376496361311938e-01
-8.066732329355296161e-01
-8.104200330601748492e-01
-8.072132137642916705e-01
-8.071034220086154010e-01
-7.753791813777503039e-01
-7.791129169093188311e-01
-8.029739786909636523e-01
-8.039208618031558062e-01
-8.107622345017012622e-01
-8.102654372380789782e-01
-8.094246429430064227e-01
-7.757904124485072161e-01
-8.009997275696810748e-01
-7.854883787261065509e-01
-8.058404591904696490e-01
-7.856128779278811480e-01
-8.063632291780528094e-01
-8.053502221630629565e-01
-7.953619514630850817e-01
-8.074160446451720263e-01
-8.085398008154448535e-01
-7.983722356186923053e-01
-8.107430604325350787e-01
-7.922242251263674762e-01
-7.977170613633212115e-01
-7.845231671856459643e-01
-8.107654457019385363e-01
-8.099698578046378161e-01
-8.102580239103850390e-01
-8.060112264977511431e-01
-8.103891653047617938e-01
-8.013976034747180011e-01
-7.904156935440119769e-01
-8.014886160419997241e-01
-7.836757791267451312e-01
-8.058374677823599841e-01
-8.080462371038016345e-01
-8.058062610255297686e-01
-7.921412182079371478e-01
-7.768071335779246356e-01
-8.097598780916747119e-01
-8.029230688737448718e-01
-8.099297252522524859e-01
-8.032043729947623278e-01
-8.103850674854334857e-01
-8.058958840595301654e-01
-7.949959863947447802e-01
-8.070942615197714831e-01
-8.027558666692790057e-01
-8.036819142328318621e-01
-7.797726211176928546e-01
-7.930118222759779956e-01
-8.093724851535376574e-01
-7.917635184751566912e-01
-7.641618107484396960e-01
-7.974471976088103320e-01
-7.819893551097926165e-01
-8.061187346504744555e-01
-7.972006243692454364e-01
-8.046062928663310077e-01
-7.276559886561450030e-01
-7.937866938339289691e-01
-8.107326482461508776e-01
-8.107087542341765429e-01
-8.001824361311015155e-01
-8.074814644681033160e-01
-7.943733935283240344e-01
-8.052988094316538836e-01
-7.809651163445529010e-01
-7.990677808450278308e-01
-8.071280573533591296e-01
-8.052673791574057605e-01
-7.955714170859869983e-01
-8.063679416702803637e-01
-7.774099078999575640e-01
-7.768313963936385180e-01
-8.095365916417655017e-01
-8.058809903489169146e-01
-7.770267655180510546e-01
-8.107430157290514972e-01
-8.101057675705966021e-01
-8.104641255961474444e-01
-8.097589951978739764e-01
-7.853919719384726550e-01
-8.091145274268206622e-01
-7.949633155988272692e-01
-8.098669652865942981e-01
-8.103922945486125018e-01
-8.104020548091944720e-01
-8.080207598434504535e-01
-7.784241889642294909e-01
-8.107320969031867053e-01
-7.966586281584319140e-01
-8.001368460284289386e-01
-8.013502364085730578e-01
-7.802516710983332660e-01
-7.802047994957980181e-01
-7.883610767351206805e-01
-7.907038000451144244e-01
-8.073835638390597369e-01
-7.819323060141619708e-01
-8.032386829184111621e-01
-8.103158776687201525e-01
-7.720950921104964282e-01
-8.069240269290026690e-01
-7.983510424421843554e-01
-8.107316312418993975e-01
-7.831956935154017474e-01
-8.073348333166655566e-01
-8.062719856427725817e-01
-7.844810751305636431e-01
-8.096040827261027362e-01
-8.033183743284758593e-01
-7.668670085297640826e-01
-8.107218970583495166e-01
-7.950495784209784533e-01
-8.107561101244505908e-01
-7.541785282121714618e-01
-8.099502441512164141e-01
-8.042980176435526873e-01
-8.095714566336688067e-01
-8.097164896355685260e-01
-7.867574435697611834e-01
-7.766959113107737567e-01
-7.747161542104300525e-01
-8.060221974776801135e-01
-7.568754521237429644e-01
-7.933726799713191058e-01
-8.062746231483038928e-01
-8.090188060926016833e-01
-8.051628661380824115e-01
-8.106831987427290942e-01
-8.061572727786120440e-01
-7.822079104410227801e-01
-8.107440923379477526e-01
-8.021705602334555651e-01
-8.103091050909575488e-01
-8.107229326890524890e-01
-7.847544443832453753e-01
-8.066372764335688617e-01
-8.107414958106097247e-01
-8.098397073374804522e-01
-8.000233811365183856e-01
-7.893129182087000872e-01
-8.006286849306639697e-01
-7.849178356157359149e-01
-8.107883785890158679e-01
-8.094236371146258380e-01
-8.096730117724951770e-01
-8.107439843045290973e-01
-7.638882068024691607e-01
-8.064515483604487445e-01
-7.978400443719443347e-01
-7.588114929424342181e-01
-8.049894389735278155e-01
-8.031548564361151721e-01
-8.023529690729197528e-01
-8.107387912498530413e-01
-8.048706580923613574e-01
-7.770456490145739581e-01
-7.717061904297884967e-01
-8.082745638714846637e-01
-8.105291728900488879e-01
-7.865373422430571582e-01
-8.029481140004214312e-01
-8.101592739151534106e-01
-8.107540798412379290e-01
-8.107613329814490344e-01
-8.100721580015238787e-01
-7.990846862124022509e-01
-8.076219302640971209e-01
-8.099762764798220660e-01
-8.107280661390837695e-01
-7.970011537002142932e-01
-8.011501622425135638e-01
-7.631342564748343493e-01
-7.776768473015841510e-01
-8.000974287317809130e-01
-8.103192341552790667e-01
-7.518592220769938494e-01
-8.102264595256861712e-01
-7.947398391591128375e-01
-7.427533385382708575e-01
-7.941415016578253772e-01
-7.929121409581717517e-01
-8.050297652410086657e-01
-8.009600085245188739e-01
-8.107132916377600695e-01
-8.100771461652335192e-01
-7.829476301597174670e-01
-8.103494760619219806e-01
-7.520796586798247363e-01
-8.068168242500838305e-01
-7.793939788864668872e-01
-8.101897244380530383e-01
-8.034334708975371386e-01
-8.045497951136645343e-01
-7.805862915741023089e-01
-7.982271504627284076e-01
-8.028506343291815783e-01
-7.998705250249918963e-01
-7.962092799173411395e-01
-7.960985493885096576e-01
-8.104197275863703753e-01
-8.048011702524241473e-01
-8.107518446670588519e-01
-8.107411121057089831e-01
-7.905668434725817706e-01
-7.973832530008372332e-01
-7.875776519106444384e-01
-8.102832553015765216e-01
-8.019715142475184466e-01
-8.107293364630755450e-01
-8.095589024053629901e-01
-8.062611748503264453e-01
-7.949594524727877642e-01
-8.018343304322775866e-01
-7.851164010392245318e-01
-8.100996469186362292e-01
-8.034569215999659564e-01
-7.790145953224715258e-01
-7.872877609954890277e-01
-7.704844218717631366e-01
-8.023029011713084246e-01
-8.097721864508208300e-01
-8.063078750895079638e-01
-8.046914716290053393e-01
-8.062058915422972705e-01
-7.874852796124037768e-01
-8.098361236082133319e-01
-7.828890723215159442e-01
-8.067733165846880938e-01
-7.832684298084792163e-01
-8.107610424088057544e-01
-8.057552282737311389e-01
-7.875344273673113848e-01
-8.058391441629942920e-01
-8.075972353147086169e-01
-8.107424755619582202e-01
-8.095648963974532153e-01
-7.972299871073779132e-01
-8.091025729702528979e-01
-8.095505428539332415e-01
-8.099115011321124102e-01
-7.552261319981631305e-01
-8.107257378326472308e-01
-8.107283455358561541e-01
-8.015722599850710894e-01
-8.074714769648131396e-01
-8.059806157873686816e-01
-7.721408871041354205e-01
-7.972431187556799914e-01
-7.687385273204859759e-01
-7.708283741997298266e-01
-8.039905657099303271e-01
-8.101564799474295642e-01
-8.101623882578429248e-01
-8.107860279308375384e-01
-8.096152474211272265e-01
-8.015068662391718890e-01
-7.719533112870272662e-01
-7.974210199938830401e-01
-7.726486255453642871e-01
-8.032645848618563678e-01
-7.765758601056155230e-01
-7.772599165366705920e-01
-8.069218103812750842e-01
-7.880109255240973498e-01
-8.103486490474757220e-01
-8.096316945777949359e-01
-8.102921177671965625e-01
-8.107509431468066241e-01
-7.969496552871283557e-01
-7.825507302807387378e-01
-8.081062813328322436e-01
-8.019748819099482562e-01
-7.651771237181242968e-01
-8.067508530841883685e-01
-8.003037427590903308e-01
-8.061168422030028369e-01
-8.059485559390601184e-01
-8.078630720304068591e-01
-8.102424559222277667e-01
-7.445526388512667681e-01
-7.878001523243006732e-01
-8.068354134486731555e-01
-7.568503548430022265e-01
-8.093966250346716906e-01
-8.023533192502078082e-01
-8.089602966831740405e-01
-8.102310192810114886e-01
-8.098584529982623126e-01
-8.013391313181933429e-01
-8.047928218768652942e-01
-8.102476974056777026e-01
-7.882717666255053546e-01
-7.570850965605792071e-01
-7.616918203459795977e-01
-7.828197409437712695e-01
-8.046875265465792681e-01
-7.427570973561820056e-01
-8.099796664939936663e-01
-8.092712615655478503e-01
-7.715027448760088946e-01
-8.069975157307204272e-01
-7.834116746710356738e-01
-7.807122510896739032e-01
-8.043747101949271228e-01
-7.908669342325743701e-01
-8.074365598188456561e-01
-7.611344722138461139e-01
-8.107281145678576495e-01
-8.051485014186915423e-01
-8.098990288601931598e-01
-7.703106072770175006e-01
-8.098458875940856005e-01
-8.065581698940810229e-01
-8.003126499281939532e-01
-8.027788442598399188e-01
-8.071786356197413470e-01
-7.847579871343192126e-01
-7.976937149690207507e-01
-8.093610112594183947e-01
-8.102511321233328845e-01
-7.841434185432013537e-01
-8.106995378659781482e-01
-7.654081177936610247e-01
-8.095393148289736773e-01
-7.635727194176730181e-01
-8.002893407867964770e-01
