-7.905279741969148954e-01
-7.885605191882633092e-01
-7.667647263070070940e-01
-7.872996193610067861e-01
-7.849220583424142417e-01
-7.907132708757860229e-01
-7.909907832764458968e-01
-7.909950299830341702e-01
-7.715951266556186905e-01
-7.895123567702626577e-01
-7.708396933755707892e-01
-7.904807500628980854e-01
-7.727286900853379548e-01
-7.780348534120767878e-01
-7.908747265638383928e-01
-7.885369550842434849e-01
-7.905559632993773844e-01
-7.894620501737408258e-01
-7.903456033616796939e-01
-7.661518047212716453e-01
-7.736341020796840828e-01
-7.866487878267808265e-01
-7.658360493443910899e-01
-7.771555897996961226e-01
-7.832152973599667556e-01
-7.838370868945776504e-01
-7.854987582313081029e-01
-7.904035667960300771e-01
-7.787624011275641189e-01
-7.904234434520185371e-01
-7.907649366642066635e-01
-7.817761803181513258e-01
-7.842803146468703135e-01
-7.907016519671417054e-01
-7.905172645865288228e-01
-7.907789282019432875e-01
-7.909913731949825833e-01
-7.869923928892532672e-01
-7.860801513394155560e-01
-7.884763361830120498e-01
-7.718141317663621548e-01
-7.786476800908942453e-01
-7.776532174902001104e-01
-7.885663117865925331e-01
-7.841226318647783744e-01
-7.885675961315715687e-01
-7.848382410268680554e-01
-7.723998413499887361e-01
-7.892876663660738368e-01
-7.861807449274638149e-01
-7.825915993179143326e-01
-7.910949336556447609e-01
-7.776376306117624981e-01
-7.890541668399889685e-01
-7.767587766450156916e-01
-7.763637666399205717e-01
-7.908982636039039171e-01
-7.905677204089273102e-01
-7.910415307636128324e-01
-7.899024903912774676e-01
-7.893933667190216052e-01
-7.782439433157968267e-01
-7.897678042396724107e-01
-7.910566033134902586e-01
-7.789361673117177753e-01
-7.909802018329732398e-01
-7.815256703387372106e-01
-7.837320556961053786e-01
-7.886624042292700310e-01
-7.899671985432094035e-01
-7.741040317585181629e-01
-7.713543870783444723e-01
-7.905710431112514813e-01
-7.781593383008814646e-01
-7.905890707467294609e-01
-7.847559836620774387e-01
-7.803151742639283794e-01
-7.870821227420492505e-01
-7.879821709827196097e-01
-7.910614372435855746e-01
-7.865844490905515851e-01
-7.868055460096292641e-01
-7.801896754469170858e-01
-7.791073307189602115e-01
-7.905942847125464468e-01
-7.807141406448433463e-01
-7.809291192728452513e-01
-7.841328641215418171e-01
-7.735094012080599990e-01
-7.833079021494345762e-01
-7.910149418430046930e-01
-7.763298293632219238e-01
-7.909532780616395087e-01
-7.873057312711012612e-01
-7.745060954659400698e-01
-7.818389857355977357e-01
-7.845524175508837850e-01
-7.910847204008537581e-01
-7.870194735344554493e-01
-7.894291721802066952e-01
-7.896010436168803270e-01
-7.886967447036311585e-01
-7.893889876785312731e-01
-7.856324767386843044e-01
-7.785639937022343915e-01
-7.910600836806868097e-01
-7.898669918078529140e-01
-7.735190755962572107e-01
-7.768894018109181454e-01
-7.625706196123072100e-01
-7.909362782173015027e-01
-7.904966790030976131e-01
-7.870522671840768369e-01
-7.740254303657641000e-01
-7.907509091175005667e-01
-7.905900367989459054e-01
-7.684565574894589579e-01
-7.891026792069579798e-01
-7.864182299633308837e-01
-7.721591093247259785e-01
-7.684014301248113243e-01
-7.814087826658271396e-01
-7.828666435695650350e-01
-7.861624719571527198e-01
-7.847637581898185832e-01
-7.910049152750669998e-01
-7.907332698026942053e-01
-7.630337379416157750e-01
-7.861724284561402154e-01
-7.861637681741260320e-01
-7.908928834722311896e-01
-7.761597552881139839e-01
-7.857145535846390416e-01
-7.909917654106475293e-01
-7.884105300459629539e-01
-7.814877309882677370e-01
-7.800584859215038414e-01
-7.775995277314068366e-01
-7.903650874139903637e-01
-7.734356441984143737e-01
-7.910566576054485211e-01
-7.782610996899871347e-01
-7.907126293162953790e-01
-7.848679782349480272e-01
-7.615845327438868217e-01
-7.908624785557141212e-01
-7.894475404704026644e-01
-7.709181814593880633e-01
-7.830171130394765200e-01
-7.829791859579954272e-01
-7.858117964783838394e-01
-7.910943836310663224e-01
-7.772889123603788919e-01
-7.900240543864527343e-01
-7.905826308749284159e-01
-7.862713635615276031e-01
-7.690706822532366038e-01
-7.804720197797130332e-01
-7.903907413853420438e-01
-7.899370848024374059e-01
-7.870099557001267732e-01
-7.779658767865804680e-01
-7.756725232262066116e-01
-7.847536031919816191e-01
-7.680994869938242431e-01
-7.826485133701075458e-01
-7.854656171329633674e-01
-7.847028916197935633e-01
-7.735990063049427157e-01
-7.889076409699230519e-01
-7.563888115982948523e-01
-7.906723594417000012e-01
-7.903879327756210271e-01
-7.910357302522881273e-01
-7.902090872405351796e-01
-7.904322057409720603e-01
-7.555711193363451317e-01
-7.812681222300056350e-01
-7.903502042609742428e-01
-7.719541096617189568e-01
-7.902732156419308707e-01
-7.909850675110587925e-01
-7.910158880162410089e-01
-7.739986290133420432e-01
-7.900281041741813448e-01
-7.564911446089364055e-01
-7.722883223547549747e-01
-7.910079125956633872e-01
-7.901314890269910407e-01
-7.854197255158990032e-01
-7.897233194094632758e-01
-7.911156918369297575e-01
-7.801922681288429029e-01
-7.899626465848654799e-01
-7.877948158174975513e-01
-7.910855696911545110e-01
-7.894150562055618492e-01
-7.910301581967538187e-01
-7.908325298218180643e-01
-7.878518778065588535e-01
-7.888439795081315653e-01
-7.883845740148666126e-01
-7.860613809335138535e-01
-7.910363506907708286e-01
-7.804869616596642468e-01
-7.900178823564194541e-01
-7.675289017780108081e-01
-7.842274146344612173e-01
-7.747261872557957840e-01
-7.870287810489856595e-01
-7.885024381100150803e-01
-7.866432428592452508e-01
-7.910828626923451790e-01
-7.830679370535693629e-01
-7.910216820825789474e-01
-7.698487112460967730e-01
-7.911329035030670864e-01
-7.903661054621760051e-01
-7.792749665670694048e-01
-7.906793259691150544e-01
-7.817314285741708835e-01
-7.910923362317310303e-01
-7.902648256416862083e-01
-7.800750414761902229e-01
-7.873134520898696920e-01
-7.816173458939812413e-01
-7.735758277575857100e-01
-7.870168372475802032e-01
-7.812713836923775856e-01
-7.769309855484319849e-01
-7.676622059967297407e-01
-7.862317760593962035e-01
-7.910456083713410802e-01
-7.799721524379689130e-01
-7.890396783836519656e-01
-7.888236151415438657e-01
-7.911071008108351288e-01
-7.819548654133282595e-01
-7.744125426762329401e-01
-7.831541277491943509e-01
-7.596243128214402729e-01
-7.860947945306332452e-01
-7.901229770128439522e-01
-7.910531167292771393e-01
-7.674485421176925337e-01
-7.868369138383919381e-01
-7.703304041454275275e-01
-7.896070187350743286e-01
-7.905772713072269919e-01
-7.910007056834497119e-01
-7.784555590085022736e-01
-7.910696798189503776e-01
-7.843776222545503218e-01
-7.702580341966792643e-01
-7.848097832627596304e-01
-7.908907469259455203e-01
-7.753488633306814259e-01
-7.696078031879635128e-01
-7.905371817605020279e-01
-7.882050961093055585e-01
-7.910302434966868246e-01
-7.910313201528345051e-01
-7.825344168639325471e-01
-7.851569148924202324e-01
-7.540822593385637651e-01
-7.873496832167142800e-01
-7.897114853140057011e-01
-7.910518344133222746e-01
-7.841939097104195788e-01
-7.902860106706317556e-01
