-5.911133415896345777e-01
-5.794965686175872488e-01
-5.795947337422420187e-01
-5.873355749893833799e-01
-5.734647061575104399e-01
-5.837227744880963964e-01
-5.910185338828612966e-01
-5.857584752041746778e-01
-5.829567123103787107e-01
-5.891635227847744627e-01
-5.761149316925455732e-01
-5.867334116149593992e-01
-5.908393259990860624e-01
-5.910814223710347814e-01
-5.866383431378652258e-01
-5.892154514688898725e-01
-5.905057113516976042e-01
-5.864483952421595259e-01
-5.906800102341820402e-01
-5.812343243408848448e-01
-5.870943233270098371e-01
-5.874405611205746336e-01
-5.888218624416639013e-01
-5.894567534226824446e-01
-5.892911912772704763e-01
-5.812202976915885611e-01
-5.833867030117561026e-01
-5.885805418614198370e-01
-5.911158738557149572e-01
-5.893583340469648046e-01
-5.866003759104658766e-01
-5.903786091033269567e-01
-5.909539867091824217e-01
-5.827644584599782629e-01
-5.893721250716497106e-01
-5.789310481298615141e-01
-5.904519460994650526e-01
-5.792405592176963491e-01
-5.891961954433371229e-01
-5.903730127859760923e-01
-5.905291480842878027e-01
-5.907695848394085569e-01
-5.795324664462258024e-01
-5.803245982054521246e-01
-5.862700059909273786e-01
-5.890303082663466139e-01
-5.909200036797572775e-01
-5.909097265351463957e-01
-5.883683334935356779e-01
-5.764958202738215132e-01
-5.781222997132589025e-01
-5.891054753113438291e-01
-5.873653950068999929e-01
-5.854624962333490057e-01
-5.909059295330096884e-01
-5.878846799854089422e-01
-5.910061929274250669e-01
-5.910594385016609831e-01
-5.846854118529607458e-01
-5.893706563759495420e-01
-5.869589136812736196e-01
-5.910119475696136160e-01
-5.842821985382486982e-01
-5.901485836032678289e-01
-5.902770576897908850e-01
-5.900665685433794660e-01
-5.906633637744833631e-01
-5.799291986871411009e-01
-5.871581543136288328e-01
-5.860809884864737196e-01
-5.905311941999842329e-01
-5.887084534291078253e-01
-5.843955833364178343e-01
-5.844655144859005613e-01
-5.897726030919601126e-01
-5.679291482914139433e-01
-5.805413914743711157e-01
-5.880305204439808531e-01
-5.771448524568130178e-01
-5.889855647358943624e-01
-5.907094856623460455e-01
-5.911223670367051763e-01
-5.876641362804819746e-01
-5.869454374436189337e-01
-5.883841240677882833e-01
-5.730500031161953611e-01
-5.881404649365593595e-01
-5.911132438007642431e-01
-5.872964389521528883e-01
-5.894988268513132734e-01
-5.834721462700416250e-01
-5.773815685782481832e-01
-5.886193193394591017e-01
-5.910674776781250639e-01
-5.889327932048489256e-01
-5.811332302067329092e-01
-5.911059850726176901e-01
-5.905481247130681677e-01
-5.899457489970971746e-01
-5.833298550818015737e-01
-5.908102994684030218e-01
-5.845430889997531576e-01
-5.910709030825544996e-01
-5.887834248963643713e-01
-5.903083892438460989e-01
-5.811500489611078901e-01
-5.883044447649170561e-01
-5.883723726395417852e-01
-5.779944198105384512e-01
-5.882193693790485067e-01
-5.910334508765389128e-01
-5.874979445610095663e-01
-5.779687479037691755e-01
-5.861360631782461805e-01
-5.818891707707096739e-01
-5.910714274171640081e-01
-5.901687150720407171e-01
-5.714329589057614012e-01
-5.803312040764738722e-01
-5.817682674053956671e-01
-5.859951065752555532e-01
-5.882108542967487974e-01
-5.836394350875069303e-01
-5.910997154090453787e-01
-5.890756748516012831e-01
-5.906354147840191526e-01
-5.774981375682999296e-01
-5.903885612163592977e-01
-5.775558888811518354e-01
-5.843546749923278494e-01
-5.875858111206342382e-01
-5.816459987211872740e-01
-5.829554848272253675e-01
-5.906170761112023992e-01
-5.858450798217107458e-01
-5.910954145613958044e-01
-5.898178681630541487e-01
-5.878614304486562414e-01
-5.894520921531964941e-01
-5.903650006178666754e-01
-5.907485369492222471e-01
-5.886872369695355101e-01
-5.791355442155052824e-01
-5.871801689166475935e-01
-5.908653490144659681e-01
-5.907807076249171896e-01
-5.909766467187453909e-01
-5.904999371517349882e-01
-5.911184731770207090e-01
-5.757669895786692305e-01
-5.907659787583996458e-01
-5.826364453781296415e-01
-5.887867143276979132e-01
-5.874524326894332571e-01
-5.745694158498098059e-01
-5.910606743667174978e-01
-5.905616810444642706e-01
-5.892813155326892538e-01
-5.907987911153484983e-01
-5.892124619234253569e-01
-5.908490657705713911e-01
-5.903130048785258932e-01
-5.771495286274601622e-01
-5.905451621759583158e-01
-5.805208837512780828e-01
-5.904341354865481062e-01
-5.907499451089550657e-01
-5.911372244257380171e-01
-5.907783718679000540e-01
-5.795244170252134008e-01
-5.878967182610084219e-01
-5.910843644190479917e-01
-5.889715976912428541e-01
-5.816778825495292349e-01
-5.786198383096505804e-01
-5.847381126034905119e-01
-5.895474521342565222e-01
-5.906343698400904341e-01
-5.900122817505051298e-01
-5.751609146494318647e-01
