-5.911134810669269601e-01
-5.794979597018349304e-01
-5.795982199051482597e-01
-5.873357398721825717e-01
-5.734691825536358811e-01
-5.837225823849462314e-01
-5.910186833772217430e-01
-5.857595059566800266e-01
-5.829532846020676340e-01
-5.891644243384950297e-01
-5.761161915044097359e-01
-5.867332935450210174e-01
-5.908394349704700899e-01
-5.910816066075895714e-01
-5.866388148690511173e-01
-5.892156974142406245e-01
-5.905059499558570346e-01
-5.864477921457772469e-01
-5.906802152826079455e-01
-5.812379880645005548e-01
-5.870957748572906976e-01
-5.874396607845464580e-01
-5.888223091858233449e-01
-5.894572980647931892e-01
-5.892918164129792302e-01
-5.812227274637846719e-01
-5.833848978337118352e-01
-5.885809944480299150e-01
-5.911160306398902664e-01
-5.893578399738272910e-01
-5.866011088063997070e-01
-5.903785391934033289e-01
-5.909541435191625336e-01
-5.827631744730580321e-01
-5.893717282946564495e-01
-5.789307207343203920e-01
-5.904521335711742092e-01
-5.792413920623058488e-01
-5.891970187322552732e-01
-5.903731069387733177e-01
-5.905294992629215312e-01
-5.907697454955657124e-01
-5.795352791208078225e-01
-5.803277484590527724e-01
-5.862713909467326401e-01
-5.890299884276753994e-01
-5.909202078404731662e-01
-5.909099635667364181e-01
-5.883686597878926561e-01
-5.764956873569904161e-01
-5.781240922714840913e-01
-5.891056947717480119e-01
-5.873663992024994451e-01
-5.854596365280202441e-01
-5.909061931097591147e-01
-5.878852914868974988e-01
-5.910063671181404743e-01
-5.910596019053039329e-01
-5.846861192415180319e-01
-5.893699226641136990e-01
-5.869615092633425624e-01
-5.910121333595050874e-01
-5.842835606664900094e-01
-5.901488949242063020e-01
-5.902772646539184986e-01
-5.900666142904388289e-01
-5.906635962459814149e-01
-5.799379356637409666e-01
-5.871593058561511702e-01
-5.860813282337080654e-01
-5.905313569744143898e-01
-5.887073020663757816e-01
-5.843962774557892592e-01
-5.844656986539034094e-01
-5.897729907437457841e-01
-5.679254509491111769e-01
-5.805423374773456269e-01
-5.880294859548630404e-01
-5.771470224808128435e-01
-5.889846801081453087e-01
-5.907095569630155252e-01
-5.911225304196611186e-01
-5.876623577763083750e-01
-5.869466770772884257e-01
-5.883840164545344198e-01
-5.730536073351029103e-01
-5.881398210430663909e-01
-5.911134053040045799e-01
-5.872959914961713990e-01
-5.894988032953843993e-01
-5.834757343006196084e-01
-5.773873657133763437e-01
-5.886174979666416451e-01
-5.910676641658153541e-01
-5.889328183658950611e-01
-5.811358185267314624e-01
-5.911061263828617518e-01
-5.905481962558626341e-01
-5.899455049559034769e-01
-5.833324510299354726e-01
-5.908103737308795234e-01
-5.845419029535983135e-01
-5.910710429090831886e-01
-5.887835904489872041e-01
-5.903084442318108360e-01
-5.811516067220287018e-01
-5.883058659314504002e-01
-5.883738968146966508e-01
-5.779939698241954860e-01
-5.882203940452326307e-01
-5.910336219982003092e-01
-5.874992938175636059e-01
-5.779710817796147593e-01
-5.861369692709148538e-01
-5.818874177838474493e-01
-5.910715624366803533e-01
-5.901689934680459659e-01
-5.714399286437378267e-01
-5.803341506578797437e-01
-5.817704334430118251e-01
-5.859951765990301098e-01
-5.882113192945382929e-01
-5.836371551237038435e-01
-5.910998463099186306e-01
-5.890764407543092052e-01
-5.906355418565742976e-01
-5.775027218945633090e-01
-5.903888483961133860e-01
-5.775580461180154224e-01
-5.843530546215638388e-01
-5.875857117910135985e-01
-5.816541916375527199e-01
-5.829585034228771390e-01
-5.906173459032074691e-01
-5.858454363145446653e-01
-5.910955994113419321e-01
-5.898181670763742446e-01
-5.878626048321633490e-01
-5.894520610680025197e-01
-5.903654135689592186e-01
-5.907487733044379796e-01
-5.886872701875061065e-01
-5.791395820012609219e-01
-5.871805450100776591e-01
-5.908655833144357272e-01
-5.907807469077129836e-01
-5.909767520799694696e-01
-5.905001993484948475e-01
-5.911186320307892927e-01
-5.757774327100289025e-01
-5.907662124784169855e-01
-5.826400572301545511e-01
-5.887868461793586139e-01
-5.874515561829670718e-01
-5.745626537446416604e-01
-5.910608372553026735e-01
-5.905618789478644937e-01
-5.892817193220833971e-01
-5.907990443919844958e-01
-5.892121108601272583e-01
-5.908492349886041994e-01
-5.903129815081653575e-01
-5.771492403570335217e-01
-5.905454002321172124e-01
-5.805235875084271413e-01
-5.904345869442911843e-01
-5.907501691843288771e-01
-5.911373731867112236e-01
-5.907785080605223449e-01
-5.795280398196381855e-01
-5.878962321441084660e-01
-5.910845587242039567e-01
-5.889724842959651596e-01
-5.816803297945039031e-01
-5.786306583708109574e-01
-5.847380523237363237e-01
-5.895478525979209738e-01
-5.906345340843914826e-01
-5.900124722950059741e-01
-5.751643849143837084e-01
