-7.716716764602122858e-01
-7.699244016888795450e-01
-7.786130834478197649e-01
-7.712322477358637407e-01
-7.640807362380681589e-01
-7.769863735060451582e-01
-7.783117735865769937e-01
-7.782455137106834009e-01
-7.534904306861816004e-01
-7.747876228871999338e-01
-7.692324178400693491e-01
-7.747854231032786920e-01
-7.608768077674565866e-01
-7.685696393358765199e-01
-7.603090716633258417e-01
-7.602322338256297662e-01
-7.730255773398337915e-01
-7.786007471489964082e-01
-7.638121968242583826e-01
-7.590478476244268968e-01
-7.729461709144769266e-01
-7.711903708162961557e-01
-7.780186742651520326e-01
-7.688507348406372621e-01
-7.785671357172785356e-01
-7.786351259905157640e-01
-7.786767505216656282e-01
-7.786758406195102289e-01
-7.772003034237084940e-01
-7.686023622858582094e-01
-7.757945995885191515e-01
-7.779516851636825159e-01
-7.631988957631645754e-01
-7.617023721444664552e-01
-7.691933367508707597e-01
-7.675592307108698442e-01
-7.759789958703575685e-01
-7.322268312904296472e-01
-7.674872851106582239e-01
-7.774178966987190798e-01
-7.786715583983121469e-01
-7.785017494219599321e-01
-7.785414973381219461e-01
-7.764475219059048250e-01
-7.686513712737021997e-01
-7.737886527660546854e-01
-7.715100058461783483e-01
-7.727749584350047662e-01
-7.737624909836111620e-01
-7.774104321482835367e-01
-7.603839630368409708e-01
-7.599651184040365770e-01
-7.785190235930739000e-01
-7.737648006635962084e-01
-7.784500265601335123e-01
-7.738225286933837488e-01
-7.628467254447994783e-01
-7.765905041354952409e-01
-7.564446492227969721e-01
-7.782030845168290689e-01
-7.615732237803993776e-01
-7.732563087824044779e-01
-7.781144663798866823e-01
-7.665479368637559965e-01
-7.780505413296876505e-01
-7.774761369559226587e-01
-7.784883113685308054e-01
-7.498656077417789056e-01
-7.758372997972426965e-01
-7.693384554344473436e-01
-7.638930421429930284e-01
-7.640727399024425104e-01
-7.548359608385024622e-01
-7.390530681344924524e-01
-7.764234388354478433e-01
-7.786189265656529024e-01
-7.786276456075964525e-01
-7.473823143276629999e-01
-7.609009821075258806e-01
-7.786302551734505251e-01
-7.766614234182296350e-01
-7.785236848625598505e-01
-7.739730248335061624e-01
-7.784854410323558405e-01
-7.695583509388623789e-01
-7.581352781611738756e-01
-7.689220462101755693e-01
-7.786272442075667932e-01
-7.786813316974101618e-01
-7.753803156423626497e-01
-7.639245022195635393e-01
-7.773541914406476572e-01
-7.656182976546941354e-01
-7.748986896234808519e-01
-7.737151499944983080e-01
-7.787218731004057481e-01
-7.782617531824169710e-01
-7.759067159253416612e-01
-7.644222419816313341e-01
-7.773378513860760286e-01
-7.781886136266646936e-01
-7.724172812062559679e-01
-7.778072333070693567e-01
-7.590749658751545503e-01
-7.663879845398722246e-01
-7.777979433643875673e-01
-7.726474790009913995e-01
-7.688706511738954141e-01
-7.706636073175130441e-01
-7.785499481591640070e-01
-7.741496725115237787e-01
-7.699154805499373033e-01
-7.786615718263445451e-01
-7.779164914149103716e-01
-7.786474511134682253e-01
-7.703079855176864221e-01
-7.774059822890220239e-01
-7.582673881310282304e-01
-7.703389855209050729e-01
-7.786335269096551492e-01
-7.661308631408272340e-01
-7.774771418529806688e-01
-7.673033479708490923e-01
-7.785581987458525255e-01
-7.782616293165145471e-01
-7.639907192546186998e-01
-7.786529170456586435e-01
-7.532989638033567026e-01
-7.782397991153655603e-01
-7.785933375465927675e-01
-7.786460820692835405e-01
-7.505758361998258188e-01
-7.626994190844951227e-01
-7.781795509266911104e-01
-7.786815980556665018e-01
-7.780823925617394998e-01
-7.710338164228258684e-01
-7.744510475653467729e-01
-7.554559068861661508e-01
-7.619796948614774301e-01
-7.763626821446476534e-01
-7.681324420604167535e-01
-7.783130616056976869e-01
-7.693165768045244768e-01
-7.770095205973146513e-01
-7.774434950310049608e-01
-7.547565674516616419e-01
-7.672760173785744264e-01
-7.756389793115912035e-01
-7.777214510473666742e-01
-7.587874926734028413e-01
-7.741130314874706819e-01
-7.782856816533265665e-01
-7.759002534779964044e-01
-7.785588529999611929e-01
-7.710385382282791689e-01
-7.773648727792559221e-01
-7.734615815910754755e-01
-7.784196989718137338e-01
-7.705084592211304262e-01
-7.756366491425095155e-01
-7.644801907348690584e-01
-7.783181391763744905e-01
-7.694999430435953691e-01
-7.747583123031316354e-01
-7.783711472633538797e-01
-7.775226928401051119e-01
-7.606870247158465936e-01
-7.550360163781104639e-01
-7.582883503395376756e-01
-7.758798426124511316e-01
-7.723559629279432848e-01
-7.779406350213347032e-01
-7.732714250791130617e-01
-7.779619688275514200e-01
-7.666923845294175699e-01
-7.773353954884467676e-01
-7.783440616089163377e-01
-7.786479102554975107e-01
-7.737361373487172678e-01
-7.722718756753264024e-01
-7.786702545467076853e-01
-7.776800826299248293e-01
-7.781791253122745111e-01
-7.616518674525676325e-01
-7.744724456328211382e-01
-7.690977513897476747e-01
-7.785756638380942896e-01
-7.762988139051256731e-01
-7.617068862649856165e-01
-7.768049784112034395e-01
-7.786256004232225969e-01
-7.717922771456895426e-01
-7.786750974240956857e-01
-7.536448849472461298e-01
-7.786256507146416261e-01
-7.689796745884476259e-01
-7.751114809992967203e-01
-7.781895589190779283e-01
-7.746689966055808618e-01
-7.769315032395778253e-01
-7.780577851566730097e-01
-7.786983730378804758e-01
-7.785776931899843767e-01
-7.647985996785817697e-01
-7.781694581839500025e-01
-7.786759058120904520e-01
-7.718257619175372675e-01
-7.769928997489867761e-01
-7.775797130647359445e-01
-7.768225990343151643e-01
-7.624168595406470850e-01
-7.543315043780265405e-01
-7.648303582440374448e-01
-7.786290994021354273e-01
-7.779386429223476007e-01
-7.745226169112382486e-01
-7.766509413826523378e-01
-7.780751422154961183e-01
-7.672558812531886652e-01
-7.773009467977343157e-01
-7.750553529816923692e-01
-7.784991501006541803e-01
-7.694108247864304140e-01
-7.785420645135698869e-01
-7.778360055866895273e-01
-7.772137237820087030e-01
-7.756747691068111017e-01
-7.783147119092999056e-01
-7.472843149784265115e-01
-7.786495996746478632e-01
-7.738470904636440828e-01
-7.782037951159535005e-01
-7.782703846800385072e-01
-7.630785148698149278e-01
-7.786349946740327432e-01
-7.764012044403014734e-01
-7.769385831537900522e-01
-7.780255092415271356e-01
-7.679146206113753870e-01
-7.712048035222349718e-01
-7.623369157421646669e-01
-7.771894358205853059e-01
-7.786574199903069093e-01
-7.699148314181027963e-01
-7.685493840012012079e-01
-7.761326287049112871e-01
-7.786460280525742128e-01
-7.757304556775150850e-01
-7.579701202097592905e-01
-7.693046819526014879e-01
-7.743690325054584100e-01
-7.637266809228120401e-01
-7.692475853595195368e-01
-7.783097926634607866e-01
-7.781037282306013658e-01
-7.783309728014526918e-01
-7.775720487456081464e-01
-7.628564223754463747e-01
-7.767975464570580080e-01
-7.570107620316801622e-01
-7.782732568788586214e-01
-7.784868845823464945e-01
-7.579138720515428140e-01
-7.690181512492952898e-01
-7.775309471520839288e-01
-7.750040445584116533e-01
-7.751978686186729028e-01
-7.781535651642141893e-01
-7.630425760629830911e-01
