-6.184323435895924259e-01
-4.158075494938378025e-01
-5.938196821384911228e-01
-5.615144415073876072e-01
-5.780700003974919010e-01
-5.959957545869831730e-01
-5.456871098154072453e-01
-6.239985531442646671e-01
-6.010784698896889378e-01
-5.821749015026573826e-01
-6.201241916292195011e-01
-6.208541473620419193e-01
-6.240655152373795200e-01
-6.180206431322579075e-01
-6.165353140109066654e-01
-5.868761545293812443e-01
-6.238379223518852879e-01
-6.239745063953880955e-01
-5.823850041502003361e-01
-6.234592354171757389e-01
-5.659116922193054844e-01
-5.496277665966038395e-01
-5.932132961475138355e-01
-5.937608821564202000e-01
-6.214466026299481083e-01
-5.438396414988522221e-01
-4.908092363052849461e-01
-6.236698260777477909e-01
-6.239212682717327763e-01
-5.707393145435337711e-01
-6.239260552697662998e-01
-5.538765495889668156e-01
-5.885986002408747364e-01
-6.180206431322579075e-01
-5.760026281946186710e-01
-6.236713161938671757e-01
-5.931406678878550220e-01
-6.238107985132221867e-01
-6.111585578196530033e-01
-5.929011596613411594e-01
-6.109847618513588596e-01
-5.847972153001312900e-01
-5.525220005088333775e-01
-5.465587569647316624e-01
-5.678005596869473148e-01
-5.594682289534096409e-01
-6.205979628735069920e-01
-5.797882579513673473e-01
-5.716726338737492252e-01
-5.766950665288452793e-01
-5.827083593481068302e-01
-5.478396235280518223e-01
-5.731692394488339115e-01
-5.508260881774906803e-01
-6.127650724970583607e-01
-4.158075494938378025e-01
-5.702011628323082615e-01
-5.310882075005058933e-01
-5.970883822315220524e-01
-6.034976324313168217e-01
-5.974109588437561680e-01
-5.811092896633629490e-01
-6.231967924409393955e-01
-6.186819529407505680e-01
-4.887839747839455296e-01
-6.042819066219811130e-01
-5.256141020231728245e-01
-5.644571637981419254e-01
-6.234356282525543858e-01
-6.239271095269207645e-01
-5.589014446609501530e-01
-5.878451323383335758e-01
-6.238001888864521671e-01
-6.165353140109066654e-01
-5.553676529102806736e-01
-6.228234438472275425e-01
-6.048652647309784580e-01
-5.369026815765385319e-01
-5.641290961080078770e-01
-6.230264088385586430e-01
-6.034378415220265079e-01
-6.034976324313168217e-01
-6.099451413624767948e-01
-5.340883178883080173e-01
-6.118244162076000858e-01
-5.777555709951405216e-01
-5.657710960381512333e-01
-5.932132961475138355e-01
-5.627227319651131321e-01
-5.520238956683163334e-01
-6.238403624170307804e-01
-6.045686124139313389e-01
-6.158386474721913029e-01
-6.234501047306542088e-01
-5.697092158966545750e-01
-6.239905772977356602e-01
-5.389804920428280521e-01
-6.182354489588026691e-01
-6.239179564886574436e-01
-5.836761376135830570e-01
-6.143415389829163242e-01
-5.683978261672739674e-01
-5.366758188479427982e-01
-6.189144892864708591e-01
-5.782545214765553165e-01
-6.034976324313168217e-01
-5.785555659108643223e-01
-6.239790102713589359e-01
-6.060970803969387699e-01
-5.667845947914604832e-01
-6.057379288845543552e-01
-5.698886109762673069e-01
-5.919096252196316410e-01
-5.963712712996487308e-01
-6.163353069000725437e-01
-5.745328633361344028e-01
-5.452535195522789646e-01
-5.963712712996487308e-01
-6.205979628735069920e-01
-6.180884732180123020e-01
-5.631576484315876652e-01
-5.905696047716622044e-01
-6.231814516954903294e-01
-6.118390193455700565e-01
-6.192794746034626652e-01
-5.657771123819832493e-01
-5.872552624218945194e-01
-6.235254822545532871e-01
-6.054396597915177036e-01
-5.084191454821114231e-01
-6.200202001505379368e-01
-5.889109155409817387e-01
-6.185315406196598698e-01
-5.872539473944191624e-01
-5.414673915379528690e-01
-5.855129031711105991e-01
-5.596207870417122532e-01
-6.043508431189541508e-01
-5.797882579513673473e-01
-6.010577460997585941e-01
-6.238179398947243381e-01
-5.662036767476086307e-01
-5.118517099195007969e-01
-5.528857937329296757e-01
-6.209902322166447330e-01
-5.917803688221459080e-01
-5.917803688221459080e-01
-6.107153525822643925e-01
-6.185315406196598698e-01
-5.980139157050137211e-01
-6.170641338699345280e-01
-6.237142650657181431e-01
-5.913624918334965397e-01
-5.628653994076733280e-01
-6.218149183564667393e-01
-5.812656773500923801e-01
-5.629738277071003605e-01
-5.857808484011177708e-01
-6.236974304788593937e-01
-5.821459671729092289e-01
-6.045686124139313389e-01
-6.218849538140778233e-01
-6.231411775820736576e-01
-5.754876403384689976e-01
-6.034378415220265079e-01
-5.952376766376976658e-01
-5.970883822315220524e-01
-5.679123444729332615e-01
-6.242082199328427006e-01
-6.235980620854382206e-01
-5.828725291662697483e-01
-5.897426424794678379e-01
-5.948611056678776432e-01
-6.241474604480747868e-01
-5.878817072384838749e-01
-6.240863768630509067e-01
-5.589025063686852146e-01
-6.127418844275955845e-01
-5.918543977909569431e-01
-6.048759339623932529e-01
-6.186819529407505680e-01
-5.215037806206230808e-01
-5.489081112914566685e-01
-6.206530599170212437e-01
-5.464451691382412601e-01
-4.908092363052849461e-01
-6.190350247793678928e-01
-6.240700749927048374e-01
-6.143415389829163242e-01
-5.639783373349194218e-01
-5.597039988511089970e-01
-5.638755118721012760e-01
-6.234796425574307133e-01
-6.234826153390888859e-01
-6.242238922291283298e-01
-6.020711405449394871e-01
-5.618444836013798405e-01
-6.124667978160862614e-01
-5.990240765982155491e-01
-5.924686385565285374e-01
-6.240610113614086796e-01
-6.238530284040455509e-01
-5.639045467846874882e-01
-6.181582888834957767e-01
-6.040722025805000950e-01
-5.771174511187557865e-01
-4.220377547913078953e-01
-6.179545453064922977e-01
-5.257778657846932102e-01
-5.934575280421261478e-01
-5.996832182877545048e-01
-5.729094451539997745e-01
-6.234592354171757389e-01
-5.529099373393540073e-01
-5.578239454203133274e-01
-5.190595953040604282e-01
-6.226727893822674442e-01
-5.788488542907719303e-01
-5.417171051972393681e-01
-5.844010604792122532e-01
-6.242386369281296421e-01
-5.659762775772099186e-01
-5.855129031711105991e-01
-6.169801732771877933e-01
-6.209902322166447330e-01
-5.992572648697380711e-01
-5.909546694033627201e-01
-5.592554701738838840e-01
-5.590462057166580845e-01
-6.143415389829163242e-01
-5.792468978338722874e-01
-5.710235895835642506e-01
-6.223431347184662510e-01
-6.178772306316380192e-01
-6.224906934671883274e-01
-5.920401817434315372e-01
-5.814911505454067875e-01
-5.916539399199967075e-01
-4.887839747839455296e-01
-5.084191454821114231e-01
-6.068064185106043507e-01
-5.828163219862465549e-01
-6.223431347184662510e-01
-6.021587817245011021e-01
-5.725187069051747013e-01
-6.234864933662895847e-01
-5.959957545869831730e-01
-6.208560509853844334e-01
-6.237842893474583317e-01
-5.885064086192135502e-01
-5.776330759995464970e-01
-6.235172754400257755e-01
-6.232356323175911594e-01
-6.134968070559982944e-01
-6.238047672682289768e-01
-6.239799788468365360e-01
-5.589204175644402195e-01
-5.629822133355621983e-01
-5.685801102095131565e-01
-6.057379288845543552e-01
-5.619379921131615330e-01
-5.321109300725941349e-01
-5.963339736931805302e-01
-5.431183098130707432e-01
-6.201887807124142338e-01
-5.498014806085114170e-01
-6.237759372466091801e-01
-6.238530284040455509e-01
-5.707759564989094425e-01
-6.235326795154099155e-01
-5.930394163601879765e-01
-6.096271282308582951e-01
-5.740880003445629765e-01
-6.223490057759766270e-01
-6.234905949109081913e-01
-5.892858399324898411e-01
-6.155577978365902592e-01
-5.562472908072952915e-01
-5.875847606235031773e-01
-6.237880667918209721e-01
-6.096415898077969242e-01
-6.010577460997585941e-01
-5.921601062887196232e-01
-5.979666454964165379e-01
-5.509050382547859837e-01
-6.106029307716374088e-01
-5.797185642891411472e-01
-6.180024711661820103e-01
-6.218739493065361668e-01
-6.218149183564667393e-01
-5.959957545869831730e-01
-6.238047672682289768e-01
-5.860895911478285480e-01
-6.238716734819893528e-01
-5.716147596263174702e-01
-6.231564251952652622e-01
-6.107580406837944675e-01
-6.239761939518932987e-01
-5.611449411385540653e-01
-5.958983270698074985e-01
-5.810083789997582127e-01
-5.438396414988522221e-01
-6.190350247793678928e-01
-6.207280462854389835e-01
-6.221499858670715977e-01
-6.178407600396160770e-01
-5.542197680347447086e-01
-6.238001888864521671e-01
-5.685938081019406010e-01
-5.503950944417004276e-01
-5.657088240855221439e-01
-6.228948092334751774e-01
-5.980139157050137211e-01
-6.236648379140381504e-01
-6.068064185106043507e-01
-6.238620100789551426e-01
-6.235634429626946140e-01
-6.171462690704350162e-01
-6.226573480539803196e-01
-5.583979716771130253e-01
