-6.184028942680481755e-01
-4.157993499085688160e-01
-5.937962701518594288e-01
-5.615582545902562117e-01
-5.780642320636635301e-01
-5.958735674921006309e-01
-5.456941670373374187e-01
-6.239884162879587581e-01
-6.011146984171868990e-01
-5.821502399283339235e-01
-6.201003036810154301e-01
-6.208409937769239217e-01
-6.240528269331296896e-01
-6.180237829941682692e-01
-6.165241488400096115e-01
-5.868987953668177715e-01
-6.238213977963982249e-01
-6.239654067454711850e-01
-5.823140534115184286e-01
-6.234518380197767717e-01
-5.659065145818906739e-01
-5.496295269202010614e-01
-5.931917107004113232e-01
-5.937177621180643738e-01
-6.214289215587890380e-01
-5.438825237933027079e-01
-4.908640054893242954e-01
-6.236620205666157934e-01
-6.239123586841557323e-01
-5.706609513276476031e-01
-6.239170681403947150e-01
-5.538648085717666758e-01
-5.885949887197269303e-01
-6.180237829941682692e-01
-5.760217223483904414e-01
-6.236571214196070523e-01
-5.931367156957000342e-01
-6.238030892171244624e-01
-6.111695891282414861e-01
-5.928058994908984580e-01
-6.109527367737801473e-01
-5.848174301218130866e-01
-5.525705888723361214e-01
-5.466543799655587677e-01
-5.677961058372166248e-01
-5.593448481265692607e-01
-6.205898367570390484e-01
-5.798099032397555641e-01
-5.716639645174250717e-01
-5.767096804757367856e-01
-5.827764505793832095e-01
-5.476065560982471547e-01
-5.731506422470102891e-01
-5.508129595658464162e-01
-6.127995195535120843e-01
-4.157993499085688160e-01
-5.702119889209432690e-01
-5.309123710823524522e-01
-5.970777486540093104e-01
-6.035430465308972980e-01
-5.974107897830132075e-01
-5.811310559725505476e-01
-6.231905187200776908e-01
-6.186630165377134949e-01
-4.887889693912552125e-01
-6.042760277690483184e-01
-5.256835222274175434e-01
-5.644375670470743733e-01
-6.234174684554215640e-01
-6.239165221618422352e-01
-5.588797131979102994e-01
-5.875011381820548495e-01
-6.237910099248495932e-01
-6.165241488400096115e-01
-5.553786704864740464e-01
-6.228147210435497350e-01
-6.049304111334194989e-01
-5.369721239895945963e-01
-5.641387313825423355e-01
-6.230136904733976078e-01
-6.033762011961882887e-01
-6.035430465308972980e-01
-6.099260050200820960e-01
-5.340982158504802291e-01
-6.117984225701564860e-01
-5.777531338870227628e-01
-5.658128484032965977e-01
-5.931917107004113232e-01
-5.627579499817613184e-01
-5.521030759515829223e-01
-6.238292566820640150e-01
-6.045710581145620210e-01
-6.158124699817595360e-01
-6.234424160963620842e-01
-5.697673722237647231e-01
-6.239730758453250203e-01
-5.389272409531749020e-01
-6.182453665528591102e-01
-6.239089293419297633e-01
-5.836624043173960219e-01
-6.143226347817407618e-01
-5.683597218366392978e-01
-5.366729757653523336e-01
-6.189023697341076158e-01
-5.782547783432917532e-01
-6.035430465308972980e-01
-5.788093180069993071e-01
-6.239636660898597587e-01
-6.061485130640884567e-01
-5.667764337287916065e-01
-6.057437136328543970e-01
-5.699030284296157101e-01
-5.919179658544873046e-01
-5.962607508595428873e-01
-6.163277546541039431e-01
-5.744958392623931154e-01
-5.452069243654439346e-01
-5.962607508595428873e-01
-6.205898367580622299e-01
-6.180590362627688128e-01
-5.631335830214635463e-01
-5.905309664597234720e-01
-6.231723030267410923e-01
-6.118139718346518041e-01
-6.192595115426812180e-01
-5.657876770515094522e-01
-5.872726491449360431e-01
-6.235167102525778215e-01
-6.054663169260801059e-01
-5.084443577280692850e-01
-6.200113324206265597e-01
-5.889259137864094606e-01
-6.185052206437322564e-01
-5.872587545241273466e-01
-5.412954830872552803e-01
-5.855050056444868201e-01
-5.596051073681296284e-01
-6.043190018784440065e-01
-5.798099032397555641e-01
-6.011001492639225230e-01
-6.238087935895081371e-01
-5.662074504787172335e-01
-5.116895239344485535e-01
-5.529175257641321117e-01
-6.209814843668782780e-01
-5.919471341100268624e-01
-5.919471341100268624e-01
-6.107086591612216342e-01
-6.185052206437322564e-01
-5.980996079946484523e-01
-6.170504195904896738e-01
-6.237060254392357006e-01
-5.913653920222050608e-01
-5.627892208555961284e-01
-6.217943858476844277e-01
-5.812815687074313065e-01
-5.629347045425474594e-01
-5.857721342664891084e-01
-6.236899017932028277e-01
-5.821008653090699037e-01
-6.045710581145620210e-01
-6.218778247155423156e-01
-6.231324400448549072e-01
-5.755058649795735670e-01
-6.033762011961882887e-01
-5.952112882590829823e-01
-5.970777486540093104e-01
-5.679661068633888865e-01
-6.241925071297370620e-01
-6.235895947349202606e-01
-5.829197380150664687e-01
-5.897161516074449494e-01
-5.948577630806219929e-01
-6.241314826367992952e-01
-5.878435768184825383e-01
-6.240746072716090165e-01
-5.589048965856564521e-01
-6.127245777438551366e-01
-5.918114331122231730e-01
-6.048591005307898394e-01
-6.186630165377134949e-01
-5.215154142068030296e-01
-5.489541263517990766e-01
-6.206488580505705732e-01
-5.464769375763679493e-01
-4.908640054893242954e-01
-6.190244277678568219e-01
-6.240596291666550277e-01
-6.143226347817407618e-01
-5.639735124305298442e-01
-5.598395190844928093e-01
-5.638621373151673222e-01
-6.234742527907245480e-01
-6.234655635497403647e-01
-6.242080777501740618e-01
-6.020920307586447029e-01
-5.618189669734309222e-01
-6.125045420818850950e-01
-5.990318029704626568e-01
-5.924857321895793394e-01
-6.240489214762675596e-01
-6.238449008854516364e-01
-5.639518323849632697e-01
-6.181281977901511571e-01
-6.040265497397763195e-01
-5.771095938289354521e-01
-4.220290326110976431e-01
-6.179589129123773672e-01
-5.258288645954336538e-01
-5.934963189292520314e-01
-5.997360227477284145e-01
-5.729453207912238444e-01
-6.234518380197767717e-01
-5.528152427364653176e-01
-5.577779203765900196e-01
-5.191971657924900896e-01
-6.226686137630811357e-01
-5.788306399968408122e-01
-5.418089012290562279e-01
-5.844225842765995438e-01
-6.242242488991908145e-01
-5.660073066397697250e-01
-5.855050056444868201e-01
-6.169712681042061053e-01
-6.209814843668782780e-01
-5.992240120687640781e-01
-5.908823662259239384e-01
-5.592491654975829674e-01
-5.590286495490139895e-01
-6.143226347817407618e-01
-5.794277301763678389e-01
-5.711246276904816677e-01
-6.223362121186142293e-01
-6.178683982872197333e-01
-6.224652571777828935e-01
-5.921029335286612794e-01
-5.814876343335801945e-01
-5.916470457485185630e-01
-4.887889693912552125e-01
-5.084443577280692850e-01
-6.068002392926004074e-01
-5.827845454268362202e-01
-6.223362121186142293e-01
-6.021549939679801122e-01
-5.725473992184504368e-01
-6.234682193846252662e-01
-5.958735674921006309e-01
-6.208431292932077294e-01
-6.237756482031835414e-01
-5.885229007467376316e-01
-5.777056043022414933e-01
-6.235019668834700379e-01
-6.232226427762223020e-01
-6.134870060362713762e-01
-6.237954092313099386e-01
-6.239706869472044781e-01
-5.590425489238612933e-01
-5.629758644453838334e-01
-5.685553089182125985e-01
-6.057437136328543970e-01
-5.619523424041350523e-01
-5.320796674069159238e-01
-5.963148917629577106e-01
-5.431178050237126520e-01
-6.201786684149404039e-01
-5.496191581875864429e-01
-6.237662087077769923e-01
-6.238449008854516364e-01
-5.707558716892742190e-01
-6.235247030401418478e-01
-5.930317203301532780e-01
-6.096567188367989498e-01
-5.741114352497467266e-01
-6.223345326139665401e-01
-6.234820688544584488e-01
-5.893018422829017222e-01
-6.155545231073581425e-01
-5.562140622581736027e-01
-5.875909487497974482e-01
-6.237801356605847669e-01
-6.096263302842099829e-01
-6.011001492639225230e-01
-5.919968614529940165e-01
-5.979906168903542651e-01
-5.508808327552302542e-01
-6.105815831984480191e-01
-5.797089505140254895e-01
-6.179820284837854727e-01
-6.218622255050487713e-01
-6.217943858476844277e-01
-5.958735674921006309e-01
-6.237954092313099386e-01
-5.862143734206360923e-01
-6.238611885303572135e-01
-5.715822901281794044e-01
-6.231378013615130884e-01
-6.106980542017024227e-01
-6.239635763179732786e-01
-5.611127712907867382e-01
-5.958118534107735842e-01
-5.810313394018068456e-01
-5.438825237933027079e-01
-6.190244277678568219e-01
-6.207423609673231590e-01
-6.221351862504250763e-01
-6.178353210558151787e-01
-5.542659549109336670e-01
-6.237910099248495932e-01
-5.686068773997312586e-01
-5.503596956195887513e-01
-5.656514460021547785e-01
-6.228781917754175890e-01
-5.980996079946484523e-01
-6.236560411904270573e-01
-6.068002392926004074e-01
-6.238530630538757782e-01
-6.235537822107470873e-01
-6.171262197985178943e-01
-6.226478680727862702e-01
-5.584095310592958050e-01
