-8.009831347171145755e-01
-8.052176107320863085e-01
-8.067119671631532984e-01
-8.065589713532406169e-01
-8.077560160908776599e-01
-8.081743727106529551e-01
-8.083655508834797221e-01
-7.985423710796910601e-01
-7.871797560382562953e-01
-7.596698012802678424e-01
-8.054302456457096415e-01
-7.993312068883258181e-01
-8.081509750936108905e-01
-8.086034209135848361e-01
-8.072822979319769221e-01
-7.982252389792281466e-01
-8.024134152237254458e-01
-8.059688360098677951e-01
-8.054941390309411364e-01
-7.924403707165199595e-01
-8.082440570596534091e-01
-7.995278342295366603e-01
-7.954942240048128443e-01
-7.961558076221424418e-01
-8.081621463078934031e-01
-8.065408263955193835e-01
-8.012831109244304972e-01
-8.076352002698856669e-01
-8.014376070950108844e-01
-8.026601039472895938e-01
-8.069257848564463931e-01
-8.049241724092441874e-01
-8.063250696886259394e-01
-7.985657696280556994e-01
-7.918273164559084254e-01
-8.082325319427925425e-01
-7.924413513991910296e-01
-8.066273071471530276e-01
-8.087477665994244891e-01
-7.906472897756773310e-01
-7.925872272480207759e-01
-7.862176560465174990e-01
-8.081934508535939532e-01
-8.087996785197335559e-01
-8.083286081109124499e-01
-8.036770560447055178e-01
-8.087360095832425433e-01
-7.976543205458599406e-01
-7.985087661672312098e-01
-8.088574773300367671e-01
-8.085195394832569438e-01
-7.923914697620946246e-01
-7.953974288556653338e-01
-8.046142487455087977e-01
-8.041992756206470805e-01
-8.017752823088246661e-01
-8.024477111775356608e-01
-7.948011402640420275e-01
-8.080240693543034869e-01
-8.079184182587939578e-01
-8.075108510110455828e-01
-8.088908475492078143e-01
-8.086369149986583071e-01
-8.088874724361974078e-01
-8.086166019219833689e-01
-8.044826388958770114e-01
-8.088818509731370288e-01
-7.925200518820363360e-01
-8.029352948669272738e-01
-8.006047169346290904e-01
-8.086957261566001254e-01
-7.872545989829975444e-01
-8.067937959585267382e-01
-8.088321863342005091e-01
-7.864012569788771945e-01
-7.983193370181995707e-01
-8.086263286549526530e-01
-8.018747550103741961e-01
-7.926205937419015246e-01
-8.066613348800617533e-01
-8.070873097184974032e-01
-8.081636895093995410e-01
-8.082964178774434405e-01
-7.886416130367595034e-01
-8.045895361009913760e-01
-8.063975722197371798e-01
-7.893498233187872248e-01
-8.080211068171936351e-01
-8.088636454794484454e-01
-8.041292485449391680e-01
-8.017032398510652857e-01
-8.074779641482907611e-01
-8.064551652077514010e-01
-8.033022247854548770e-01
-8.069208954129296618e-01
-7.995973062369901019e-01
-7.878166726458746272e-01
-7.991545489657598811e-01
-7.884545568976479846e-01
-8.086008066911178904e-01
-8.065768015239316302e-01
-8.088133372966128665e-01
-7.994562620896774607e-01
-8.076152457524019557e-01
-8.071796168241578417e-01
-8.062325362715798693e-01
-7.968090335506874400e-01
-8.061017208401042300e-01
-7.768731713894683200e-01
-8.000586117286163645e-01
-7.976273717958408671e-01
-8.088709228340464907e-01
-7.939317487779933291e-01
-8.012789423245865184e-01
-7.854580451402741748e-01
-8.084005173895436602e-01
-7.950390810746628123e-01
-8.088660389784652072e-01
-7.988732113171297389e-01
-8.071343880746442156e-01
-7.980893357325273829e-01
-7.923129872087317782e-01
-8.083622754219847995e-01
-8.084637737501341181e-01
-7.692166288051682788e-01
-8.045055708516317683e-01
-8.025460029620605784e-01
-8.088594107557016688e-01
-8.023813609633523303e-01
-7.977742870006638842e-01
-8.087338461209017115e-01
-8.072763002145963984e-01
-8.082771767530518847e-01
-7.877139747742492037e-01
-8.081416227523166018e-01
-8.079618374485451060e-01
-7.956982115883308726e-01
-7.779200170788842517e-01
-8.086906029511171656e-01
-8.046363480988818484e-01
-8.083797284070330935e-01
-8.088581376377421694e-01
-8.063898683193999606e-01
-7.833576668653565722e-01
-8.086615335795956927e-01
-8.082815474498945552e-01
-7.941055764112550097e-01
-8.087168187502700167e-01
-8.081482938159185725e-01
-8.083821610215979891e-01
-8.020129930827695208e-01
-8.085291358310657817e-01
-7.954153875488716441e-01
-7.995906836021620112e-01
-8.082091594714599925e-01
-8.065333245921808558e-01
-8.021200467500764208e-01
-8.015160067606645899e-01
-8.085413575772124606e-01
-8.086840976629334765e-01
-8.088220367807823497e-01
-8.049340686429220515e-01
-8.029324301186877566e-01
-8.086910583678561526e-01
-8.086283105093914347e-01
-8.088429961953240710e-01
-8.083133791241723376e-01
-8.086315915588218051e-01
-7.982902862731295901e-01
-8.077204749587851840e-01
-8.071743464697080928e-01
-7.960949941206652003e-01
-8.024493428546863871e-01
-8.070493937138396578e-01
-8.076884654018956500e-01
-8.049614849168735820e-01
-8.051535348076301890e-01
-8.078117352578717547e-01
-8.072529901418763476e-01
-8.088621553633290606e-01
-7.853854317817765551e-01
-8.078823537234145480e-01
-8.088783985603529292e-01
-8.079876648861843424e-01
-8.019964090216833430e-01
-8.082181150693374949e-01
-8.042404223833161669e-01
-8.077905756089764910e-01
-7.944099736068326312e-01
-8.047615122649747210e-01
-8.023835430521446543e-01
-7.970367568213421183e-01
-7.967439098883348780e-01
-7.794190850708562213e-01
-8.075848743919211703e-01
-8.026972413662749606e-01
-8.039397718984562236e-01
-8.042121828202086764e-01
-8.028924782428819018e-01
-8.082625615078884440e-01
-8.088337248790937739e-01
-8.085250734019953089e-01
-8.014628785330730754e-01
-8.022318287420946437e-01
-8.088062052283364611e-01
-8.050853526819425898e-01
-8.021579981449920016e-01
-8.010046454746204692e-01
-7.858855147514420825e-01
-7.960214168433028536e-01
-7.936947746802049952e-01
-7.940938603732663470e-01
-8.058709204796630221e-01
-8.051545629877525645e-01
-7.688562665734368640e-01
-8.045093166310268717e-01
-8.039791714999753314e-01
-8.077187389735061007e-01
-8.081771834421831446e-01
-8.084411668259579020e-01
-8.051989656541425067e-01
-8.087148424837666827e-01
-7.841945831332284289e-01
-8.088408141065317469e-01
-8.029198479507047015e-01
-7.918436062190610247e-01
-8.087745328102189379e-01
-7.957070703286606150e-01
-7.941341475251990634e-01
-8.043389861140328723e-01
-8.088784609589654284e-01
-8.056082996208149272e-01
-8.088749973703104335e-01
-7.952004457492309886e-01
-7.813806720677691775e-01
-7.832087278965789157e-01
-8.066370152536708193e-01
-7.770962622616368609e-01
-8.006596072245317774e-01
-7.929980941716510134e-01
-7.887537684891301470e-01
-8.077713596302944499e-01
-8.018637989316064196e-01
-7.990470538515526133e-01
-8.083766289655047732e-01
-8.063094514090496379e-01
-8.066242915246564227e-01
-8.067724798474389392e-01
-7.987414412800151187e-01
-8.083223952580171900e-01
-8.085947596136409121e-01
-8.006137405190545397e-01
-8.067889568064290362e-01
-8.078546058986264544e-01
-8.034820734191614466e-01
-8.055182332772690135e-01
-8.063377822417694407e-01
-8.085555686283785182e-01
-8.088340256962853747e-01
-8.070912110287624674e-01
-7.992152870301085787e-01
-8.075353261683064776e-01
-8.083454296592551547e-01
-8.032221226621347743e-01
-8.048616098839718180e-01
-7.942462200898605662e-01
-7.952864496637064295e-01
-8.007812081504541712e-01
-8.075780850503522235e-01
-7.911328897479850131e-01
