-8.009837396753417549e-01
-8.052172687372854964e-01
-8.067122439941739609e-01
-8.065607364221042408e-01
-8.077553645896988765e-01
-8.081734703422178701e-01
-8.083647470262781409e-01
-7.985427335298082019e-01
-7.871760983833913095e-01
-7.596797540578069663e-01
-8.054308052014472752e-01
-7.993300015232270850e-01
-8.081492550467116454e-01
-8.086020348063183150e-01
-8.072820164716241198e-01
-7.982281928339370891e-01
-8.024091471301966205e-01
-8.059669719949462685e-01
-8.054941611054665662e-01
-7.924308097355278191e-01
-8.082431253321518128e-01
-7.995292466718846303e-01
-7.954955567840973352e-01
-7.961526969682489741e-01
-8.081608544013775264e-01
-8.065403916174812560e-01
-8.012823869819957201e-01
-8.076344042000350720e-01
-8.014378417048880765e-01
-8.026564967971506759e-01
-8.069257195503771740e-01
-8.049232249659239447e-01
-8.063261797388824315e-01
-7.985682978882359118e-01
-7.918268972765463154e-01
-8.082312114807522763e-01
-7.924381192926625017e-01
-8.066276153852797171e-01
-8.087467427368638662e-01
-7.906432332061243962e-01
-7.925792704820510126e-01
-7.862213457627720281e-01
-8.081927268117102825e-01
-8.087985134221977734e-01
-8.083271200075771157e-01
-8.036734006357777460e-01
-8.087346988415542448e-01
-7.976546841964987644e-01
-7.985117376297369285e-01
-8.088563979356069300e-01
-8.085182746167136614e-01
-7.924053027100653734e-01
-7.953983725203126465e-01
-8.046145540803558704e-01
-8.041989367988352511e-01
-8.017702707133570472e-01
-8.024472656415422289e-01
-7.947963067748534671e-01
-8.080225491296642026e-01
-8.079177314230210349e-01
-8.075100390021431318e-01
-8.088895104309630213e-01
-8.086355831673087691e-01
-8.088862085996212370e-01
-8.086153155656216063e-01
-8.044827986223767047e-01
-8.088805774401662818e-01
-7.925128429395281726e-01
-8.029392285176197852e-01
-8.006060147283124984e-01
-8.086942219661312770e-01
-7.872613832487723728e-01
-8.067934697568175384e-01
-8.088309248291251086e-01
-7.863977442917982064e-01
-7.983165536498176840e-01
-8.086252118746676265e-01
-8.018779457816956890e-01
-7.926070903146685831e-01
-8.066624931002300825e-01
-8.070862498261837104e-01
-8.081620627153891512e-01
-8.082955113969934047e-01
-7.886392520908961368e-01
-8.045916975747523514e-01
-8.063963112794412247e-01
-7.893552957386335001e-01
-8.080194809751479745e-01
-8.088623129008644108e-01
-8.041285198314995775e-01
-8.017004715105349177e-01
-8.074772084935448735e-01
-8.064547073254271226e-01
-8.033039528161017850e-01
-8.069204922565798022e-01
-7.995904214056377413e-01
-7.878223942652781142e-01
-7.991546022223985357e-01
-7.884642326917526978e-01
-8.085994627873849261e-01
-8.065756683230875801e-01
-8.088121031642567793e-01
-7.994533710259360548e-01
-8.076140578694235295e-01
-8.071794067092150637e-01
-8.062308146766264949e-01
-7.968051926861281498e-01
-8.060980069124953351e-01
-7.768808118178164301e-01
-8.000647438609360673e-01
-7.976252322661804284e-01
-8.088696407719674353e-01
-7.939397093311962861e-01
-8.012757696333319135e-01
-7.854378997152569042e-01
-8.083997994520641939e-01
-7.950480262562488187e-01
-8.088649232677583845e-01
-7.988733861627161925e-01
-8.071330588135210427e-01
-7.980949115161910523e-01
-7.923077093616058830e-01
-8.083615306398768130e-01
-8.084619953710182605e-01
-7.692387867819273639e-01
-8.045039914013193405e-01
-8.025368945473856375e-01
-8.088580302462996530e-01
-8.023804117543373859e-01
-7.977756433261438129e-01
-8.087326937581595931e-01
-8.072749497103280936e-01
-8.082762755564726342e-01
-7.877100128577350091e-01
-8.081404472238004066e-01
-8.079604788576146834e-01
-7.956941006573113873e-01
-7.779283737187551173e-01
-8.086897851976995177e-01
-8.046362105049145175e-01
-8.083785597901568254e-01
-8.088567220803661861e-01
-8.063892154281511182e-01
-7.833738100004022931e-01
-8.086602784164537150e-01
-8.082805152090825063e-01
-7.940987122602416459e-01
-8.087151148983270366e-01
-8.081471376894127090e-01
-8.083806149915008232e-01
-8.020114532652684591e-01
-8.085280929798241978e-01
-7.954183372432559462e-01
-7.995845192373867150e-01
-8.082082060652642230e-01
-8.065324099589118445e-01
-8.021232056203123628e-01
-8.015121355251025870e-01
-8.085406314487458834e-01
-8.086828990332285416e-01
-8.088208945291925911e-01
-8.049343550559779903e-01
-8.029323510071542103e-01
-8.086901259824184063e-01
-8.086271887240723544e-01
-8.088415977545319047e-01
-8.083127775540976945e-01
-8.086299297908773331e-01
-7.982864261710822529e-01
-8.077209726713744375e-01
-8.071748708898699443e-01
-7.960943351942126878e-01
-8.024515936390425042e-01
-8.070502686031572059e-01
-8.076883016766782664e-01
-8.049601038432697697e-01
-8.051539324422688493e-01
-8.078102640435136372e-01
-8.072529008030827624e-01
-8.088606264691982073e-01
-7.853818697933498960e-01
-8.078814965382042912e-01
-8.088771903918826611e-01
-8.079870672002394949e-01
-8.019889425403762262e-01
-8.082168200813201198e-01
-8.042409263770295968e-01
-8.077891327125131804e-01
-7.944171788529423850e-01
-8.047611097954096016e-01
-8.023797829378521707e-01
-7.970395678595066924e-01
-7.967416650102743247e-01
-7.794268633738022922e-01
-8.075837871317738115e-01
-8.026962553611427520e-01
-8.039383258155695655e-01
-8.042137691958920476e-01
-8.028895302516011467e-01
-8.082617418231667905e-01
-8.088324950978624805e-01
-8.085240157541119244e-01
-8.014641374377232674e-01
-8.022317332339738982e-01
-8.088051486578509142e-01
-8.050856305572463567e-01
-8.021531985021825850e-01
-8.010070464205917284e-01
-7.858844836708568371e-01
-7.960188484599648451e-01
-7.936888329551162746e-01
-7.940921236375469983e-01
-8.058709419332379387e-01
-8.051548665175300989e-01
-7.688551825416423124e-01
-8.045098920935754849e-01
-8.039778576437380808e-01
-8.077183877424584102e-01
-8.081767082756112774e-01
-8.084399332027824014e-01
-8.051990227419688617e-01
-8.087135265196035983e-01
-7.841945403948986648e-01
-8.088395168332099816e-01
-8.029156692895677017e-01
-7.918211167911987092e-01
-8.087731338536179315e-01
-7.957098355056428929e-01
-7.941359749692527004e-01
-8.043351942261581788e-01
-8.088774659676460921e-01
-8.056092718488202520e-01
-8.088736841446941828e-01
-7.951922984411563533e-01
-7.813766347826811565e-01
-7.831914523321386046e-01
-8.066390024361146383e-01
-7.771124059314107324e-01
-8.006555183164931755e-01
-7.930052222742587364e-01
-7.887560734438753274e-01
-8.077714370207620398e-01
-8.018647228273565464e-01
-7.990445780859199987e-01
-8.083754138276926238e-01
-8.063092740004822456e-01
-8.066246352636691208e-01
-8.067718207532179608e-01
-7.987384117683420381e-01
-8.083212232213135007e-01
-8.085938960278622467e-01
-8.006165072358941703e-01
-8.067920734389198989e-01
-8.078542727501053511e-01
-8.034790664321699305e-01
-8.055189087225352873e-01
-8.063381100052837702e-01
-8.085546908444245506e-01
-8.088327983616065975e-01
-8.070893507416958546e-01
-7.992139647346195863e-01
-8.075338653429465774e-01
-8.083442933137313657e-01
-8.032203580253650665e-01
-8.048613072597541329e-01
-7.942485507756749108e-01
-7.952902247783512069e-01
-8.007835399544698252e-01
-8.075769063473290377e-01
-7.911371026336914136e-01
