-7.613758280728291084e-01
-7.765390494228402440e-01
-7.758193822000090112e-01
-7.785309124898396327e-01
-7.785878144360428577e-01
-7.780204091396741850e-01
-7.670794546667052405e-01
-7.559230052351509910e-01
-7.786188406760655711e-01
-7.636522806668041286e-01
-7.616542045818055495e-01
-7.778170892483080578e-01
-7.781232823438896107e-01
-7.785721326896535288e-01
-7.781478224791507081e-01
-7.569396236229848363e-01
-7.726629823212098902e-01
-7.785959295875224395e-01
-7.786719877533072598e-01
-7.753928568092812723e-01
-7.785821990075650900e-01
-7.662945588213703196e-01
-7.572037580834329873e-01
-7.783633052087086668e-01
-7.627944905741457227e-01
-7.781683071756557712e-01
-7.781914928659794395e-01
-7.786457352364424267e-01
-7.781268807029789736e-01
-7.770495976089553114e-01
-7.752099922124413567e-01
-7.486645365085892179e-01
-7.784349279960814938e-01
-7.766357482390172651e-01
-7.709706759591382630e-01
-7.785892326458865309e-01
-7.650244893084778841e-01
-7.775857433884822978e-01
-7.636083450641724113e-01
-7.785621067827190878e-01
-7.603958541744899602e-01
-7.696763067797978142e-01
-7.710233227217577756e-01
-7.719836312999251993e-01
-7.776364944946395630e-01
-7.768497984917553945e-01
-7.725017084940083434e-01
-7.516503716866681506e-01
-7.668570925756342804e-01
-7.741406948179823111e-01
-7.717020418365513335e-01
-7.687645076685926115e-01
-7.747506644850888913e-01
-7.758368850159138574e-01
-7.403074760351523453e-01
-7.784651993137323700e-01
-7.761767579913961823e-01
-7.620115128792473991e-01
-7.696658668072026144e-01
-7.773981720194339529e-01
-7.654502090308790141e-01
-7.701439040525072111e-01
-7.784833112641330599e-01
-7.765458672363383386e-01
-7.783430833619863209e-01
-7.702095585016507373e-01
-7.750078344661318619e-01
-7.720546627327555811e-01
-7.544840785331429212e-01
-7.727467770037712569e-01
-7.775141954670721223e-01
-7.780700801756990082e-01
-7.756115430052819004e-01
-7.785351728243992131e-01
-7.646437743888815364e-01
-7.786412200920552751e-01
-7.727957321303672300e-01
-7.764131526901663083e-01
-7.786163857260589571e-01
-7.781635475494841359e-01
-7.786052731449859543e-01
-7.565582373929290450e-01
-7.757820782720206143e-01
-7.550860780176749110e-01
-7.786168077347001004e-01
-7.741170223510246418e-01
-7.770077551806324756e-01
-7.736795729970750157e-01
-7.783091144873354184e-01
-7.768522679587636093e-01
-7.785040930784199453e-01
-7.735241413261598753e-01
-7.740202027299468712e-01
-7.784424560810269123e-01
-7.678662228155113123e-01
-7.772714757574038513e-01
-7.775549461552612174e-01
-7.770212612947778874e-01
-7.782499734309272776e-01
-7.758776098861555059e-01
-7.782870291021058984e-01
-7.781322440946762953e-01
-7.783157236990123629e-01
-7.755999175626341335e-01
-7.781105102181511413e-01
-7.748153043450797250e-01
-7.582267412681490404e-01
-7.728150780938106701e-01
-7.715729889493964100e-01
-7.758286667875320397e-01
-7.597422051715319036e-01
-7.764583510897902219e-01
-7.693305970870304433e-01
-7.737420383058124518e-01
-7.762618257269439104e-01
-7.786410522382072319e-01
-7.779146646957660893e-01
-7.498568326340556700e-01
-7.619893266641056817e-01
-7.770727817932989723e-01
-7.745978937790309882e-01
-7.752913566019462577e-01
-7.786275376980832386e-01
-7.698442394716752402e-01
-7.670756212607797719e-01
-7.766317325772359448e-01
-7.383268453020980226e-01
-7.766082072641855572e-01
-7.709469839721947437e-01
-7.786640448466843889e-01
-7.779482347057541380e-01
-7.786368190115986465e-01
-7.782129040757583827e-01
-7.787123821968011672e-01
-7.757017805296537727e-01
-7.704584249683907871e-01
-7.775557838955854395e-01
-7.740634678841205041e-01
-7.786313380430220921e-01
-7.587840897966056097e-01
-7.772211404369026022e-01
-7.743670410228195022e-01
-7.552108709622621374e-01
-7.716269846109443664e-01
-7.769407578255572711e-01
-7.545746206032758474e-01
-7.757780507562643812e-01
-7.672772752074848990e-01
-7.697074314497486247e-01
-7.724653015362863417e-01
-7.744737665129185489e-01
-7.763583704782529571e-01
-7.644370151252762868e-01
-7.714113010095249301e-01
-7.772131588783206535e-01
-7.548430142532875919e-01
-7.742104734088289808e-01
-7.530622463214229345e-01
-7.758342875740091849e-01
-7.637199718353225864e-01
-7.717660749620020022e-01
-7.718864999751130496e-01
-7.718182944149949432e-01
-7.786614981927418855e-01
-7.743833643206844419e-01
-7.733293680649065971e-01
-7.611270010750863513e-01
-7.678006042593197300e-01
-7.782458916812214911e-01
-7.718104065603260677e-01
-7.778434600950849820e-01
-7.765250122441381686e-01
-7.717916401374393942e-01
-7.526108190737094139e-01
-7.612792607345498785e-01
-7.595224453393865094e-01
-7.740857139002242926e-01
-7.616613827180277463e-01
-7.740730119324528147e-01
-7.742871355921261411e-01
-7.684517809922661868e-01
-7.777588499481793427e-01
-7.775776241340197625e-01
-7.704175586042784074e-01
-7.782371740712160646e-01
-7.782620689561916549e-01
-7.677950972637543892e-01
-7.782283931033028290e-01
-7.772850147575154356e-01
-7.737899739502349661e-01
-7.783626093882679564e-01
-7.758052436863983603e-01
-7.722032104352296589e-01
-7.780043808175620690e-01
-7.748202184981138885e-01
-7.786392117286843328e-01
-7.611698765175739512e-01
-7.784111591712219447e-01
-7.763025892331431033e-01
-7.786285273152886433e-01
-7.638684928878045621e-01
-7.564420620854057642e-01
-7.779284159617088079e-01
-7.770797444796936349e-01
-7.784927994685123531e-01
-7.783261967495906930e-01
-7.779649783422870613e-01
-7.786073157793401700e-01
-7.675386143411725426e-01
-7.573012013680020527e-01
-7.702584895412938337e-01
-7.603581697128318773e-01
-7.712994185555749338e-01
-7.770864067463318925e-01
-7.779219655689100232e-01
-7.711514743206249189e-01
-7.661574940416789881e-01
-7.773594712625828684e-01
-7.744516357687520891e-01
-7.760251285024271084e-01
-7.784883765490591134e-01
-7.759422917020979416e-01
-7.786254393257605599e-01
-7.720429041622173250e-01
-7.786578217547036607e-01
-7.767695156023630698e-01
-7.767935066700607516e-01
-7.786498781601052244e-01
-7.751231314463382649e-01
-7.773821427803245809e-01
-7.771697830372530369e-01
-7.786838269537829094e-01
-7.756591388229668871e-01
-7.427691145350718838e-01
-7.733364580332202642e-01
-7.690645793921023765e-01
-7.681819134624554568e-01
-7.579685184649586072e-01
-7.784664734286949050e-01
-7.651301780274346598e-01
-7.723768080195227981e-01
-7.755957192090086050e-01
-7.786387495180507878e-01
-7.738413235488988962e-01
-7.769615157158611396e-01
-7.706996200922657803e-01
-7.704290264520281539e-01
-7.745706140729974321e-01
-7.780565602305945516e-01
-7.784375229350019021e-01
-7.785726660802408938e-01
-7.707596314209720356e-01
-7.666291141361323280e-01
-7.775073339495749414e-01
-7.722895869967192350e-01
-7.603124443376227948e-01
-7.737569212158231791e-01
-7.737424575174753905e-01
-7.638008810332138632e-01
-7.763080888936964019e-01
-7.674823950344268342e-01
-7.780172340642226292e-01
-7.739416710341601169e-01
-7.678044314602511244e-01
-7.756342978119518117e-01
-7.463651079211141015e-01
-7.784443213755110058e-01
-7.783466550201232348e-01
-7.782788332617140981e-01
-7.603227991062933011e-01
