-1.077823376382644804e+00
-1.083843357960637244e+00
-1.078360434721167715e+00
-1.084739843948687943e+00
-1.086939204118158253e+00
-1.072965687706078919e+00
-1.084389795648809107e+00
-1.083943797375019225e+00
-1.086895262456442746e+00
-1.086558566993977459e+00
-1.045398312254752549e+00
-1.072763610265161427e+00
-1.067476934387292298e+00
-1.072615575144942435e+00
-1.084435813694204720e+00
-1.086938495381678971e+00
-1.083652636135872038e+00
-1.086909255578126343e+00
-1.085732728808130654e+00
-1.085808068613465460e+00
-1.086161017051841648e+00
-1.076730894955750140e+00
-1.069558663858975800e+00
-1.078527463233973416e+00
-1.086412287882472905e+00
-1.083776142082120808e+00
-1.080462008814271124e+00
-1.076060558768864306e+00
-1.081637874810900124e+00
-1.085065162840243014e+00
-1.086657822697367104e+00
-1.086756713322307499e+00
-1.086537776148821743e+00
-1.079338709923382433e+00
-1.071204167424644860e+00
-1.084087915352489384e+00
-1.086534423387553128e+00
-1.069606304733957680e+00
-1.082816228835787209e+00
-1.078553675307835968e+00
-1.083230625471975239e+00
-1.086641432351376446e+00
-1.083825215331222447e+00
-1.082916628668959769e+00
-1.064079281507934960e+00
-1.086904437380786570e+00
-1.082205525699015292e+00
-1.083466350666191014e+00
-1.071819425660129221e+00
-1.058918988897408875e+00
-1.086233777559306057e+00
-1.054067725880946549e+00
-1.086523726216461094e+00
-1.085884194455053242e+00
-1.084096667456384333e+00
-1.082669977663959893e+00
-1.078429593804236086e+00
-1.083398309170212181e+00
-1.067396443902458580e+00
-1.086465215875710877e+00
-1.086284841976072224e+00
-1.062018065347279938e+00
-1.072117024200912150e+00
-1.062908327772225769e+00
-1.078807888652141722e+00
-1.072193737241383227e+00
-1.086927100649978550e+00
-1.075301308750118645e+00
-1.086925273860748442e+00
-1.077829347557331952e+00
-1.086901394749935301e+00
-1.086201787094529303e+00
-1.086924276879932316e+00
-1.074656781840081843e+00
-1.086606748967375191e+00
-1.086701412319149407e+00
-1.082856893173362645e+00
-1.081953866506870421e+00
-1.068783084495868119e+00
-1.083467851026858719e+00
-1.083525039820875557e+00
-1.085015900532658728e+00
-1.084483131865914496e+00
-1.045813246264066132e+00
-1.083323433629180821e+00
-1.078400691139455470e+00
-1.084988998814429673e+00
-1.086513882136847409e+00
-1.063430408581103714e+00
-1.086587884097303780e+00
-1.086943045358117255e+00
-1.086534731655325325e+00
-1.086636817648019226e+00
-1.086588460120316180e+00
-1.077017651504780682e+00
-1.082546934119369419e+00
-1.083685119270290764e+00
-1.082566646027322443e+00
-1.077254547371472748e+00
-1.084402119840438994e+00
-1.076787823910768660e+00
-1.072839711426700982e+00
-1.081440773426498803e+00
-1.085508629779275092e+00
-1.074574641051645907e+00
-1.086210789724196824e+00
-1.062872147752847107e+00
-1.081051091297473343e+00
-1.086914877041186722e+00
-1.067000509804989727e+00
-1.086210391583796175e+00
-1.064158515638615521e+00
-1.086919453560318383e+00
-1.082525132323558958e+00
-1.072353010631110104e+00
-1.071625264926757248e+00
-1.067527211836482914e+00
-1.085074793181325825e+00
-1.078398028488214644e+00
-1.060876606597508820e+00
-1.082778544730450543e+00
-1.085007077182586821e+00
-1.074120156100894841e+00
-1.086058718251939448e+00
-1.082702512486781510e+00
-1.074520855775978001e+00
-1.084811547405030163e+00
-1.062695896818246277e+00
-1.086921327381338509e+00
-1.068234799995030793e+00
-1.084795643675084742e+00
-1.068172861455883416e+00
-1.064467585279549988e+00
-1.082637524797524842e+00
-1.082937643031533392e+00
-1.086476311652864846e+00
-1.065702243342008027e+00
-1.074784725538398655e+00
-1.068827039196099671e+00
-1.084425704187657269e+00
-1.086253425671662720e+00
-1.086914267956222924e+00
-1.068287938467170628e+00
-1.061203089176620873e+00
-1.086261429923530253e+00
-1.080680404889341029e+00
-1.082732289663459690e+00
-1.076801284315939577e+00
-1.070875371440257462e+00
-1.084664927895124586e+00
-1.086129601213093432e+00
-1.076377058966960343e+00
-1.081115352555121811e+00
-1.086609351082648667e+00
-1.086312226119394930e+00
-1.068692168786134156e+00
-1.081344721938427123e+00
-1.086922586529459389e+00
-1.065635309188570412e+00
-1.086908669776226910e+00
-1.061740832968558701e+00
-1.081716090074684056e+00
-1.066084138682987126e+00
-1.075959391525890263e+00
-1.086453207402433785e+00
-1.083441265026982459e+00
-1.084644199448581370e+00
-1.086042981694396170e+00
-1.086443910009171399e+00
-1.086916455632950695e+00
-1.058034049912299546e+00
-1.086902645981814297e+00
-1.086653928372021349e+00
-1.075845879602189692e+00
-1.080092300294842156e+00
-1.086935296288635167e+00
-1.086472736305500897e+00
-1.073552438157554301e+00
-1.076327750093247326e+00
-1.079197102791573437e+00
-1.065916931821908387e+00
-1.084438708244766625e+00
-1.086924708082284363e+00
-1.086550300574805172e+00
-1.073016621272023352e+00
-1.086905681162084969e+00
-1.071242061077560814e+00
-1.086903469270970257e+00
-1.073344288493450316e+00
-1.079852525710071953e+00
-1.086895209371055993e+00
-1.076231768454368742e+00
-1.081480834267045887e+00
-1.086913664459194573e+00
-1.063217022090162667e+00
-1.084856216895337733e+00
-1.059717773093785675e+00
-1.086910809955503376e+00
-1.066086441843714150e+00
-1.081464516098554762e+00
-1.083927180717642935e+00
-1.086608456081654461e+00
-1.060016802146043213e+00
-1.086721950310226115e+00
-1.086904909095670613e+00
-1.056935582875217827e+00
-1.066579366668071183e+00
-1.086255169107522400e+00
-1.086923294800277384e+00
-1.086643595348055991e+00
-1.077015536005552443e+00
-1.081137840270008477e+00
-1.083105601004268559e+00
-1.086487832578774126e+00
-1.086539588502551945e+00
-1.086919528066124352e+00
-1.086877755454685124e+00
-1.070261804952229889e+00
-1.086903846456612976e+00
-1.086926601926739844e+00
-1.065290479554738434e+00
-1.083230803354586991e+00
-1.072088830738272103e+00
-1.086586105271186264e+00
-1.082347464847322138e+00
-1.086958111363406809e+00
-1.068825584470238121e+00
-1.086933524913098248e+00
-1.065376823401953610e+00
-1.084426630853619011e+00
-1.086030631891395482e+00
-1.079915226536746653e+00
-1.078808119154478939e+00
-1.086545766430850657e+00
-1.071847137163336905e+00
-1.084527984826769265e+00
-1.082771387050803336e+00
-1.083256904601063164e+00
-1.085988225980605515e+00
-1.086038062448557051e+00
-1.078575027274842890e+00
-1.086508690013493927e+00
-1.064832538931574257e+00
-1.077046721807624730e+00
-1.072810173599924477e+00
-1.086931265524532231e+00
-1.068288580148424538e+00
-1.086909710994865330e+00
-1.082545762515570553e+00
-1.086696587136890324e+00
-1.075401778432484301e+00
-1.084049216571207674e+00
-1.086085890519376429e+00
-1.084580060659851464e+00
-1.085536805081124934e+00
-1.086907597358282240e+00
-1.082726782753075989e+00
-1.074539770471807154e+00
-1.079334827705230149e+00
-1.057996212138738068e+00
-1.055320652767028244e+00
-1.086919200240578087e+00
-1.086500584713127049e+00
-1.086595356563981207e+00
-1.070123714028801354e+00
-1.071286568983401688e+00
-1.080760879076029690e+00
-1.082660086086894902e+00
-1.086913883319999607e+00
-1.086921250547226103e+00
-1.085974977451320322e+00
-1.086035136698688897e+00
-1.086929402413721713e+00
-1.086897335114832552e+00
-1.079163612431790265e+00
-1.074809518276657494e+00
-1.078025665233786734e+00
-1.072978089663143786e+00
-1.082061290840562018e+00
-1.083738083119447859e+00
-1.072256956814731987e+00
-1.083948009281362923e+00
-1.083490527334566744e+00
-1.074067453487719925e+00
-1.086045866931732329e+00
-1.086927427544202240e+00
-1.073296439002211722e+00
-1.073926318536456259e+00
-1.086899976811315449e+00
-1.084739901225026282e+00
-1.077387401933725508e+00
-1.080045072927083405e+00
-1.086433396308626564e+00
-1.086158484785761269e+00
-1.076183118025715979e+00
-1.073336577142532500e+00
-1.086489011167492302e+00
-1.086049165210630330e+00
-1.083275973896439703e+00
-1.083953656821455391e+00
-1.086885907786842020e+00
-1.083482805739100607e+00
-1.086066911096628340e+00
-1.086544535688068303e+00
-1.063020423619951638e+00
-1.086534643645342024e+00
-1.062602917297686966e+00
-1.086747296719755562e+00
-1.086939570127930077e+00
-1.067971511377896698e+00
-1.079557225207741888e+00
-1.086527147429938944e+00
-1.086461699201669129e+00
-1.075485880586262377e+00
-1.086925520195569428e+00
-1.084824362403656872e+00
-1.079564406636114748e+00
-1.068232362723853024e+00
-1.085942700139190586e+00
-1.082694869122411641e+00
-1.083030100080128344e+00
-1.074220833933855923e+00
-1.086042922555412682e+00
-1.075392510375883015e+00
-1.069551768346633347e+00
-1.086706547631825837e+00
-1.081050899445022973e+00
-1.086920279643442067e+00
-1.083756194083895119e+00
-1.086898447579647931e+00
-1.075547786994780930e+00
-1.086555183964725169e+00
-1.086906297697629364e+00
-1.082331336668636235e+00
-1.086900946318115624e+00
-1.075932581542934807e+00
-1.078030520684029492e+00
-1.086721642973776492e+00
-1.086902211054171952e+00
-1.083956148575003775e+00
-1.082830407290663155e+00
-1.085781262355800303e+00
-1.071868599957730206e+00
-1.085849642853196295e+00
-1.081303035008664759e+00
-1.084152099776025446e+00
-1.086903976841773423e+00
-1.082649573317672642e+00
-1.083664759627487095e+00
-1.078258042323346766e+00
-1.086894078745450409e+00
-1.086633862561489972e+00
-1.086910322873796853e+00
-1.086920478480811747e+00
-1.084333925607557925e+00
-1.071374480246509941e+00
-1.083198429184909495e+00
-1.086913304503019484e+00
-1.076827230497207077e+00
-1.082991798973585995e+00
-1.086659166130180987e+00
-1.086950757174696358e+00
-1.071296968131269844e+00
-1.071326096176113518e+00
-1.082329369715358647e+00
-1.072121615621205004e+00
-1.086121825135256680e+00
-1.086497023335601719e+00
-1.086016763566936882e+00
-1.085927295132483872e+00
-1.086559922068323525e+00
-1.086408852233495148e+00
-1.086466180260236891e+00
-1.074588823231812151e+00
-1.086465513898934754e+00
-1.058239633782710465e+00
-1.060473697825278672e+00
-1.086930180533732804e+00
-1.086181048403437766e+00
-1.079401769774909647e+00
-1.076885105210300120e+00
-1.086888768809791239e+00
-1.054739336117114457e+00
-1.086349467380847367e+00
-1.086914200900997551e+00
-1.081264891295637520e+00
-1.055191154225673111e+00
-1.052058348997439774e+00
-1.065095717652644547e+00
-1.086924085958804520e+00
-1.086931123963500889e+00
-1.082226736570652159e+00
-1.086444673693682583e+00
-1.086143677688147458e+00
-1.086083560350294741e+00
-1.083414868551250132e+00
-1.085786737135555180e+00
-1.086596097431089314e+00
-1.075733744638915690e+00
-1.062931161939110192e+00
-1.086147463514413269e+00
-1.074863364088292750e+00
-1.086926547444369229e+00
-1.085561746365334423e+00
-1.084942597529794606e+00
-1.086653533025588425e+00
-1.086906329362596901e+00
-1.086276533647384079e+00
-1.079369414231683644e+00
-1.086094488023723992e+00
-1.066929460137094887e+00
-1.082757925248648556e+00
-1.072061615629996689e+00
-1.082474270469452771e+00
-1.084022556531186732e+00
-1.071561419038977059e+00
-1.081539312942828568e+00
-1.084066648601498040e+00
-1.086605597852672966e+00
-1.084950114234294327e+00
-1.080556602782513531e+00
-1.061312379880751999e+00
-1.074365715130175980e+00
-1.064693172096218499e+00
-1.077911871119346054e+00
-1.073694034579153689e+00
-1.080902327417339714e+00
-1.081800832512732180e+00
-1.086803982599582108e+00
-1.086066941830273302e+00
-1.086620538129414948e+00
-1.084421821969504984e+00
-1.078672373301293286e+00
-1.082010574272777470e+00
-1.086895683414246472e+00
-1.078193982231374415e+00
-1.080303495383765133e+00
-1.086566157738621863e+00
-1.078113479173685940e+00
-1.086712604022528561e+00
-1.063205959840621384e+00
-1.082356965268905791e+00
-1.086576168059315117e+00
-1.082337919256593617e+00
-1.086550537130739125e+00
-1.079833958397563132e+00
-1.069274653314556511e+00
-1.086903773813452156e+00
-1.071611790551747712e+00
-1.060502676858510407e+00
