-8.045449676763569702e-01
-8.076398254136925026e-01
-7.596797540578069663e-01
-7.786708197592381309e-01
-7.934281322739171749e-01
-8.082725961004492143e-01
-8.078858401367094988e-01
-7.905366023709565759e-01
-7.879141966893886684e-01
-8.086170828922004672e-01
-7.797831545010611709e-01
-8.088693113572306137e-01
-8.067581496192360868e-01
-8.088920364149212450e-01
-7.930638040371226216e-01
-8.027091553327717621e-01
-8.014384067924488209e-01
-7.983184767402845550e-01
-8.048504207515403408e-01
-8.064182284427902081e-01
-7.867963301080355132e-01
-7.900595091089120947e-01
-8.012388813240219898e-01
-8.083511513032161089e-01
-8.084261296118893103e-01
-7.954516950793855123e-01
-8.086100312488828656e-01
-7.951380666088082583e-01
-8.088736841446941828e-01
-8.081608544013775264e-01
-8.084446520099836109e-01
-8.086482768381079156e-01
-8.032581482299647746e-01
-8.081693393005536796e-01
-8.086171766051233334e-01
-7.970280982717530271e-01
-8.088491316534744957e-01
-8.084086638419476500e-01
-8.080665336122818676e-01
-8.088700955366022738e-01
-7.714764571121058845e-01
-8.041848751131360773e-01
-7.852356485050269175e-01
-7.871899480182692477e-01
-7.965860751634648018e-01
-8.083440377669578458e-01
-8.064136624704799639e-01
-8.066756075596693831e-01
-8.088469400392330755e-01
-8.008451254608901504e-01
-8.055758001417722136e-01
-8.088192303465341348e-01
-7.894397446776760807e-01
-8.076668287309602956e-01
-8.079296280564491894e-01
-8.084207340852122003e-01
-8.037875145639349350e-01
-8.075975313767074226e-01
-8.084594023790971917e-01
-8.077960968309060297e-01
-8.079914633557009340e-01
-8.076115028004733354e-01
-8.046485994529424257e-01
-8.048087790430512589e-01
-7.918298854761401939e-01
-8.021123285170904671e-01
-7.999535258804382210e-01
-8.085220124687300114e-01
-8.088347286750472431e-01
-7.864550567396677572e-01
-7.930444840816541774e-01
-8.075464686548092796e-01
-7.865672802953521670e-01
-8.088934906307502226e-01
-7.896748726974496257e-01
-8.077059147794988236e-01
-8.083292379728727051e-01
-8.085949306340395326e-01
-8.044459540880348758e-01
-8.085551079160765431e-01
-8.084879765541134189e-01
-7.943384873692682646e-01
-8.088591166464247362e-01
-8.054322353923107913e-01
-7.902408211749892830e-01
-8.082489947264466235e-01
-7.962943992142074157e-01
-8.056852436046915145e-01
-8.065569034351994793e-01
-8.088492334693916375e-01
-8.076576544523229595e-01
-7.900820278487767911e-01
-7.783008429319967503e-01
-8.080730081760766348e-01
-8.088455988303036026e-01
-7.953495113756223756e-01
-7.996951987793212702e-01
-7.832233694644783473e-01
-8.065133186712593050e-01
-8.088736989186847692e-01
-8.086850158665450650e-01
-8.086133815491762800e-01
-8.070848127063402488e-01
-7.796035297726199298e-01
-8.085082829367655766e-01
-7.976980600375663810e-01
-7.988720149278096816e-01
-8.088785942017369113e-01
-8.088599089257781927e-01
-8.086035353841138917e-01
-8.071272028392360021e-01
-8.081471937933674132e-01
-8.057546939157930188e-01
-8.024828712228679883e-01
-8.063092740004822456e-01
-8.038921663167197806e-01
-7.853373208462032240e-01
-8.085717678146754350e-01
-8.086574326447240058e-01
-8.019329624494164754e-01
-8.002003117048149816e-01
-7.916027228619662015e-01
-8.049402389082427334e-01
-8.066857050615428015e-01
-7.937863303646378599e-01
-7.972768038675974722e-01
-8.051418708479791686e-01
-8.084061529539692259e-01
-8.087925567719894682e-01
-8.034376653194820195e-01
-8.023880325181963480e-01
-8.055744910788218416e-01
-8.046693573542454958e-01
-7.904666753862210626e-01
-7.697080083363166958e-01
-7.961822622614482814e-01
-8.088293000514297226e-01
-8.078215899384108001e-01
-8.053673771845035745e-01
-8.081663962819199964e-01
-8.075084563834155071e-01
-8.088859593448123331e-01
-8.084406646521947737e-01
-8.073250675369995077e-01
-8.088671562079563504e-01
-8.088560891988690882e-01
-8.088337407768422249e-01
-8.020741908807637044e-01
-8.064807882144419127e-01
-8.077916507864885132e-01
-8.088596228850075676e-01
-8.044513563696941150e-01
-8.080185044189297505e-01
-8.083242434918815889e-01
-8.088102664427480049e-01
-8.071199759070422086e-01
-8.084803078852744740e-01
-7.864063629888774498e-01
-8.085457355856343620e-01
-7.877173445098317739e-01
-8.088850773865396970e-01
-8.081038999222058816e-01
-8.041285198314995775e-01
-8.059601734104244741e-01
-8.041612841691251345e-01
-8.087806876755375685e-01
-8.088412918687736264e-01
-8.087706750876022532e-01
-8.085546908444245506e-01
-8.087909381972987477e-01
-8.088626732625546767e-01
-8.013122429369622379e-01
-7.939397093311962861e-01
-8.079604788576146834e-01
-8.088200310408667493e-01
-8.043339085362081198e-01
-8.064447650324513273e-01
-8.088785129508141436e-01
-8.056846466211774471e-01
-8.011088991886029520e-01
-8.083329259529009603e-01
-8.077183877424584102e-01
-8.066652028940278774e-01
-8.061449513777133591e-01
-8.043198247255334277e-01
-8.011868404089018680e-01
-8.086819281090232847e-01
-8.066103764071522741e-01
-8.065591255083938149e-01
-7.841511860177750037e-01
-8.081521933713330386e-01
-8.088627868894732176e-01
-8.087490497870072348e-01
-8.073809410290131439e-01
-8.043335700824655321e-01
-8.032537503304917337e-01
-8.084038580648118533e-01
-8.066246352636691208e-01
-7.977958183988987928e-01
-8.072400166124247267e-01
-8.080910294765596413e-01
-8.052572111701492563e-01
-8.079124348683019985e-01
-8.055612190594997335e-01
-8.081475528340743564e-01
-7.837428526003832330e-01
-8.083127775540976945e-01
-8.023797829378521707e-01
-7.985779042895134738e-01
-8.088790415943830636e-01
-8.048523279519821383e-01
-7.957687998622088310e-01
-7.967411647916603501e-01
-8.054551777648317756e-01
-7.914194038824791111e-01
-8.088747873548257639e-01
-7.925895850807602727e-01
-7.968370684394764369e-01
-8.058192274368678465e-01
-8.083081795458002539e-01
-8.051403084202449767e-01
-8.088539024046331738e-01
-8.043045475278315370e-01
-7.976437144573085281e-01
-8.062572480363344729e-01
-8.020737162631544903e-01
-8.012310492943204299e-01
-7.923863406983120417e-01
-8.085971934792232085e-01
-7.976822490703022739e-01
-7.932405328868837868e-01
-8.073583255422389637e-01
-8.088840081194053067e-01
-8.031980145303512231e-01
-8.082068188463706893e-01
-8.088745544310042002e-01
-7.914849177827731896e-01
-7.984605062899874373e-01
-8.044787035136825581e-01
-8.017004715105349177e-01
-8.088740977603827709e-01
-7.909064981272696526e-01
-8.087045741518105180e-01
-7.906604976702340526e-01
-7.920896249711143478e-01
-8.022273751815064413e-01
-8.088367769274025232e-01
-8.063395430391119278e-01
-8.062096595826516721e-01
-8.085503350549202439e-01
-7.904692045321772831e-01
-8.082463727145339227e-01
-7.801897883798132316e-01
-8.086330901673147720e-01
-8.064002822002297455e-01
-8.087058500377567460e-01
-7.971117186864591364e-01
-7.988115917734410765e-01
-8.048553746965555478e-01
-7.964886382709044366e-01
-8.086635215638340313e-01
-8.007777455521308818e-01
-7.912650277017406752e-01
-8.082688382044644904e-01
-8.080281957551208594e-01
-8.080544690889954751e-01
-8.075617753464912063e-01
-7.762958112895868013e-01
-8.088495340521464350e-01
-7.937954671122960937e-01
