-1.436383426115791062e+00
-1.458837446033342644e+00
-1.482437292851726651e+00
-1.493834948967165399e+00
-1.493799809171466375e+00
-1.488593371933467857e+00
-1.428246715656022126e+00
-1.490242920882944411e+00
-1.474751498772076674e+00
-1.487897529080481451e+00
-1.496803384551248950e+00
-1.482768095096506533e+00
-1.486958275140349395e+00
-1.497319036910262913e+00
-1.451743405525437680e+00
-1.488986528471081705e+00
-1.484521953717053533e+00
-1.491445938312786268e+00
-1.487165207804834743e+00
-1.497492652900553667e+00
-1.494005058399277885e+00
-1.490110735478346049e+00
-1.497938142240029524e+00
-1.456272400068632233e+00
-1.493035446378611963e+00
-1.494700003821992640e+00
-1.497930608930098106e+00
-1.491600474873435500e+00
-1.492263967838462602e+00
-1.483705443963162063e+00
-1.478405592640363864e+00
-1.451289775415515182e+00
-1.497069669923951851e+00
-1.497934847287673676e+00
-1.496574386743544371e+00
-1.420169900712043631e+00
-1.451264079980191246e+00
-1.454993470479870599e+00
-1.497983007024930036e+00
-1.491076638749011751e+00
-1.489681363277871817e+00
-1.497493283122036667e+00
-1.478290736010790640e+00
-1.488407613886979064e+00
-1.492891813308191207e+00
-1.497757571650337072e+00
-1.496591311006915781e+00
-1.436008755686325467e+00
-1.493730593718168631e+00
-1.497207909469690623e+00
-1.496144863224220467e+00
-1.490383475547829129e+00
-1.497484441101157193e+00
-1.475156077322496539e+00
-1.497952121650772517e+00
-1.462088989849583687e+00
-1.497984014429109223e+00
-1.496680949633771629e+00
-1.492954048944093115e+00
-1.480794050578176035e+00
-1.491516545196986510e+00
-1.451771896338510448e+00
-1.496465141464448534e+00
-1.497509557412927350e+00
-1.497441433057774107e+00
-1.479760308278123215e+00
-1.463209487124821795e+00
-1.497502362171738488e+00
-1.497357841063049477e+00
-1.474746279667277671e+00
-1.456980588168688806e+00
-1.413081802643390228e+00
-1.457655604653467218e+00
-1.497911023739840974e+00
-1.446995430462511445e+00
-1.457098526793769944e+00
-1.496981778939695529e+00
-1.487380993472168678e+00
-1.497625484992653799e+00
-1.497259203121430016e+00
-1.432410304664257117e+00
-1.446563112834438058e+00
-1.463665310676983689e+00
-1.496297647896268623e+00
-1.497967758412197536e+00
-1.489775590750044065e+00
-1.497943068720060777e+00
-1.497519173775210710e+00
-1.497340575907923244e+00
-1.452195370235713767e+00
-1.497937542334510042e+00
-1.473468115781915388e+00
-1.493867756039780836e+00
-1.497337510544388239e+00
-1.464541176519113197e+00
-1.497299151127274852e+00
-1.497254971666828194e+00
-1.493236850366502999e+00
-1.491069097493058937e+00
-1.496621263681819691e+00
-1.496629540038149520e+00
-1.460470497517086130e+00
-1.444420646535634400e+00
-1.479044799585928383e+00
-1.486974924308965829e+00
-1.497597180931434790e+00
-1.496577032758424242e+00
-1.446159468339270449e+00
-1.497950579664029114e+00
-1.490336915334320222e+00
-1.486556268449900298e+00
-1.486669375532847726e+00
-1.497932179998820779e+00
-1.496377761624784641e+00
-1.497275917821957458e+00
-1.493170694474765581e+00
-1.497315744082911237e+00
-1.494548721385747569e+00
-1.491875772938875855e+00
-1.469714794129500124e+00
-1.408610352652915898e+00
-1.488679414607215534e+00
-1.494833859256272657e+00
-1.424216251424653468e+00
-1.465080165361356768e+00
-1.491277037921712401e+00
-1.496477019898902361e+00
-1.496733094710820389e+00
-1.479750932005650110e+00
-1.472768784145729981e+00
-1.491567948555611700e+00
-1.472433780040315776e+00
-1.494252042043509920e+00
-1.470563910433164256e+00
-1.457413760396091496e+00
-1.491193735563755007e+00
-1.496336506911976727e+00
-1.492055637057128958e+00
-1.496555156203014603e+00
-1.449381238139471506e+00
-1.490298881512921891e+00
-1.438309984359357863e+00
-1.440077852132606973e+00
-1.496259556444898164e+00
-1.493304284879233945e+00
-1.487177211052158610e+00
-1.461045856460064796e+00
-1.491650680840020060e+00
-1.484521211395664064e+00
-1.468789041168538922e+00
-1.497532104853807056e+00
-1.496477331194643323e+00
-1.488032061984200238e+00
-1.497652620180806027e+00
-1.497949727703709932e+00
-1.447338757128197484e+00
-1.458094468486260675e+00
-1.494434349298807252e+00
-1.462196024601425837e+00
-1.479064880076767396e+00
-1.431509295740368781e+00
-1.433889857910573662e+00
-1.497071629370388512e+00
-1.497321420460359986e+00
-1.497024383944407067e+00
-1.497906571875429638e+00
-1.497528985619295705e+00
-1.497445348151605904e+00
-1.491914265852906984e+00
-1.493471043993033431e+00
-1.489163170628900579e+00
-1.477335091478880091e+00
-1.492441720446411546e+00
-1.483108503463576699e+00
-1.446971653662640467e+00
-1.497953478033670960e+00
-1.452555517040870603e+00
-1.487456886654098920e+00
-1.497524627822822252e+00
-1.476368604911674876e+00
-1.490615371663216004e+00
-1.497379142148882680e+00
-1.497988943883128643e+00
-1.404252970755627050e+00
-1.497927532105574722e+00
-1.497432625061860145e+00
-1.454566727941318360e+00
-1.461029658512097873e+00
-1.497929493335983908e+00
-1.480830277568016884e+00
-1.461663538613952040e+00
-1.496775031536062173e+00
-1.470315241992280031e+00
-1.496870793481989370e+00
-1.487932306818482875e+00
-1.495158556054958954e+00
-1.493625469328766275e+00
-1.464375699982293000e+00
-1.497931364598482196e+00
-1.497985054748272704e+00
-1.491850425420266690e+00
-1.496287477726452320e+00
-1.492298915683327731e+00
-1.494037283967341256e+00
-1.496703811692375874e+00
-1.447694257781107385e+00
-1.497220311437721607e+00
-1.492917568325459632e+00
-1.479521850336007693e+00
-1.497944309175049282e+00
-1.482807358077916415e+00
-1.487648646158778787e+00
-1.484988893187278336e+00
-1.497652253548098056e+00
-1.480141196367588341e+00
-1.490944792568099642e+00
-1.452268424459928431e+00
-1.496419511768175559e+00
-1.497898242571146010e+00
-1.465781985554544642e+00
-1.463324161138521928e+00
-1.497958359871758960e+00
-1.491872729809313736e+00
-1.457994677165571629e+00
-1.468682573248212053e+00
-1.496791955942451624e+00
-1.492366045494319060e+00
-1.478792071251331164e+00
-1.455036444021287290e+00
-1.496617134136130955e+00
-1.497471733459394105e+00
-1.494339763777901453e+00
-1.488988194078718186e+00
-1.453235191506888402e+00
-1.497923449492844394e+00
-1.485887746504899853e+00
-1.492959577887652323e+00
-1.497978084853882397e+00
-1.494777575911573120e+00
-1.471377762592186222e+00
-1.497376394353101103e+00
-1.496230889273981290e+00
-1.496423709681804937e+00
-1.483661477526553307e+00
-1.437046785113948122e+00
-1.485892826470820882e+00
-1.455816971401131088e+00
-1.443412893418642318e+00
-1.473733193707581490e+00
-1.479045674815224309e+00
-1.496825492213453179e+00
-1.497927101272909622e+00
-1.497963233236830671e+00
-1.497957560404390653e+00
-1.497981916487801213e+00
-1.497979610931643668e+00
-1.441219348929949184e+00
-1.496729872111409954e+00
-1.497972353276487922e+00
-1.497515356038274126e+00
-1.443907314146751331e+00
-1.494555015686672483e+00
-1.496902286542671545e+00
-1.496582386599098813e+00
-1.491966672058719912e+00
-1.494588878308439783e+00
-1.491867876728230957e+00
-1.467743268564142944e+00
-1.493949059521355816e+00
-1.464432660195426283e+00
-1.497928016095178227e+00
-1.497929393427076539e+00
-1.444410029800186068e+00
-1.496910638440945407e+00
-1.497322335517618841e+00
-1.477596520375473066e+00
-1.444999666043650821e+00
-1.494241291278152195e+00
-1.462075840687151240e+00
-1.480034290677630260e+00
-1.451927203710533298e+00
-1.486048858816232610e+00
-1.487215832307072549e+00
-1.497986117498428138e+00
-1.496323105452762592e+00
-1.466337699899319169e+00
-1.470153140130731950e+00
-1.494085767495336281e+00
-1.473543073207584042e+00
-1.497921641388307634e+00
-1.496563334278431245e+00
-1.445282499076035343e+00
-1.414190381502222982e+00
-1.493721808255223493e+00
-1.463996510431450737e+00
-1.467168995058305780e+00
-1.487092393419437997e+00
-1.428631718500189329e+00
-1.488317554232456708e+00
-1.478031370393525057e+00
-1.487247461291628214e+00
-1.444708804260719237e+00
-1.485244649392459593e+00
-1.455771267216932507e+00
-1.492905753364959454e+00
-1.487565467753708459e+00
-1.492805485960670753e+00
-1.490755561446395649e+00
-1.496501228974407738e+00
-1.497915789704020284e+00
-1.497141444372200869e+00
-1.497962620702333769e+00
-1.453018828603030332e+00
-1.497306636293256776e+00
-1.470272664854548994e+00
-1.481931177081063034e+00
-1.464378208623253075e+00
-1.496777296254235390e+00
-1.497983515525509679e+00
-1.491132418557121309e+00
-1.492542511080307444e+00
-1.492492094011873105e+00
-1.491422249420850665e+00
-1.484012579377999241e+00
-1.496783960319880924e+00
-1.472004339901920922e+00
-1.493487036936171242e+00
-1.497972108130687374e+00
-1.492978182716680813e+00
-1.494714374568436810e+00
-1.496972706448980173e+00
-1.496777272372259437e+00
-1.436146563255426445e+00
-1.497967733946212965e+00
-1.487489006042237216e+00
-1.497990889806583903e+00
-1.430922079954948467e+00
-1.488261621773458110e+00
-1.497943380830822013e+00
-1.481408669264538736e+00
-1.496945361320998868e+00
-1.458191424025243377e+00
-1.485915452606604070e+00
-1.459297564019039095e+00
-1.452847303305067506e+00
-1.492628880751783349e+00
-1.496943866356202246e+00
-1.439769311805921603e+00
-1.497344388263866843e+00
-1.480207966897851835e+00
-1.497420455306653908e+00
-1.497456910834309873e+00
-1.451276950211850547e+00
-1.452318370063741648e+00
-1.444443099602559455e+00
-1.497920731731026800e+00
-1.483130213488082383e+00
-1.497944536248891900e+00
-1.480984128742224293e+00
-1.468632062049852305e+00
-1.492087282809655857e+00
-1.497980500174934448e+00
-1.470071863512141697e+00
-1.494278202145470580e+00
-1.483873353740026158e+00
-1.496505290539145383e+00
-1.465612295138099430e+00
-1.495670000642366437e+00
-1.497942720522340787e+00
-1.496927097467682710e+00
-1.477454156282055564e+00
-1.496643015590312986e+00
-1.496750192723066863e+00
-1.493321541319361678e+00
-1.496444696672900809e+00
-1.475140035844412223e+00
-1.496432763711526448e+00
-1.491850384031299326e+00
-1.497925716120016792e+00
-1.482328730057104638e+00
-1.497422979991627434e+00
-1.493843134840583398e+00
-1.481305035079954369e+00
-1.491248629192573505e+00
-1.497963494615620617e+00
-1.460541687893793350e+00
-1.475440162560872848e+00
-1.459332271515116020e+00
-1.400326313441699444e+00
-1.484096515397430149e+00
-1.456173389046305333e+00
-1.497561943014779740e+00
-1.461505802125899978e+00
-1.468116946347418628e+00
-1.490084337284591998e+00
-1.441648547523542767e+00
-1.438767114597450325e+00
-1.491954313177681568e+00
-1.496328279272606254e+00
-1.474174602888369323e+00
-1.496710596641934732e+00
-1.490246810897821295e+00
-1.439724360017093918e+00
-1.497923317240967389e+00
-1.436040935412425279e+00
-1.496672368364699857e+00
-1.472115776025257894e+00
-1.482536876848604024e+00
-1.432427468406456850e+00
-1.497997167940514185e+00
-1.497066764539297434e+00
-1.482880899511741291e+00
-1.497965159393287227e+00
-1.485275345477729880e+00
-1.497969364213898036e+00
-1.482238406137797337e+00
-1.490441029851518273e+00
-1.497402732919919321e+00
-1.494125045070713753e+00
-1.460407888996472447e+00
-1.488903058555259840e+00
-1.496797014112377644e+00
-1.497984637854597345e+00
-1.497969394092877993e+00
-1.488666025333998277e+00
-1.497541086365566931e+00
-1.459777122389114501e+00
-1.497350360303054018e+00
-1.494526546510603238e+00
-1.497278392658987434e+00
-1.496544469204609484e+00
-1.452620239141797054e+00
-1.497971459757211354e+00
-1.482263356466719140e+00
-1.429538235291648585e+00
-1.487789591016329460e+00
-1.488099351963048322e+00
-1.497047422766859315e+00
-1.436211553773119487e+00
-1.482778118302442660e+00
-1.497995454193901788e+00
-1.436124689813015776e+00
-1.447465336835335181e+00
-1.496598516942133639e+00
-1.488184707510350258e+00
-1.459313462911234760e+00
-1.489828610324388292e+00
-1.497413838053970103e+00
-1.494297681408784051e+00
-1.458893029892596394e+00
-1.496849975481751249e+00
-1.461172590637079383e+00
-1.432712179554319842e+00
-1.465952222897519475e+00
-1.450004955846517340e+00
-1.490430961091615325e+00
-1.492472703408476375e+00
-1.494048909632985422e+00
-1.497948193146935392e+00
-1.491204277944291334e+00
-1.480257649337879400e+00
-1.456884781303792620e+00
-1.493779802429560544e+00
-1.496230842031027519e+00
-1.457192353229265880e+00
-1.470218470090162377e+00
-1.497151523289076636e+00
-1.497938884468423382e+00
-1.437895757614706893e+00
-1.496909975059482534e+00
-1.496627908715479682e+00
-1.481333121381344986e+00
-1.459001757374094765e+00
-1.496066961473913492e+00
-1.493116115806664812e+00
-1.492702109668871069e+00
-1.467329156104400845e+00
-1.457974737828622969e+00
-1.497500649347097257e+00
-1.445412129035721360e+00
-1.424895606556907390e+00
-1.457919839832812370e+00
-1.493516629944351859e+00
-1.488262456989794646e+00
-1.491948706445188400e+00
-1.496700119966369202e+00
-1.467416174495387082e+00
-1.497463420628064146e+00
-1.497948772076482582e+00
-1.460496177882436131e+00
-1.497296828312133288e+00
-1.496417523403781313e+00
-1.493181310522210037e+00
-1.496675837122888097e+00
-1.489722074778125682e+00
-1.497478097682271914e+00
-1.449115394799397549e+00
-1.496305852071661224e+00
-1.496847026392131630e+00
-1.462257935826598354e+00
-1.472289624684342435e+00
-1.497250898737110925e+00
-1.497918791393598292e+00
-1.465061286625543246e+00
-1.467380904155755283e+00
-1.422802755804196240e+00
-1.493108078084158574e+00
-1.493415869310455779e+00
-1.497957823769174412e+00
-1.465914524952869114e+00
-1.497272416558795838e+00
-1.497432523455922260e+00
-1.494167296580698912e+00
-1.494353514058862187e+00
-1.419482189563497698e+00
-1.491599015326607658e+00
-1.497255615818319896e+00
-1.493921122400822199e+00
-1.485682299426225317e+00
-1.497957004416857085e+00
-1.497978520252519985e+00
-1.490156251813699040e+00
-1.496848443630976799e+00
-1.490967431703877022e+00
-1.497944560123847468e+00
-1.497962027537813157e+00
-1.489270786837319394e+00
-1.485551872486210456e+00
-1.497527637187392457e+00
-1.497190851887435503e+00
-1.437872069216768356e+00
-1.497933646767655835e+00
-1.497481794126278354e+00
-1.496631228180801187e+00
-1.491249529553859698e+00
-1.494568041934206226e+00
-1.497918061392185640e+00
-1.446880601240908337e+00
-1.497389128020858662e+00
-1.489902957795538496e+00
-1.491725274682996982e+00
-1.496424584411106817e+00
-1.463767983158352770e+00
-1.490126478932679133e+00
-1.496565147802983775e+00
-1.493397486193234425e+00
-1.497323498734684843e+00
-1.482712186111519115e+00
-1.496468570679714727e+00
-1.471465988740175757e+00
-1.439294531199999394e+00
-1.430421648639688570e+00
-1.474758032490837145e+00
-1.497519844750663465e+00
-1.434974165063929386e+00
-1.492635324327612034e+00
-1.496604582169238640e+00
-1.497356529891096244e+00
-1.488303316386898612e+00
-1.493340362132204335e+00
-1.497162122299539044e+00
-1.495927973582751314e+00
-1.496537549112176624e+00
-1.497902387051805784e+00
-1.487754182422842408e+00
-1.497967939322058628e+00
-1.452358868015152460e+00
-1.494931520513690826e+00
-1.470229029030651002e+00
-1.497985193203154486e+00
-1.484281696353396907e+00
-1.491594169297514094e+00
-1.497949565802840777e+00
-1.497319664279771700e+00
-1.493693836296750677e+00
-1.491809984207807638e+00
-1.497512269453743938e+00
-1.481386674432252359e+00
-1.454449455926687396e+00
-1.497299800997749841e+00
-1.482274239423955642e+00
-1.485606589014156764e+00
-1.497181389273033236e+00
-1.497445433762557787e+00
-1.489153010313082115e+00
-1.490115741201307964e+00
-1.497998673043298146e+00
-1.468454590141698768e+00
-1.493277070491153324e+00
-1.490716182412077151e+00
-1.451153269450377037e+00
-1.490945864516251884e+00
-1.454415554339981709e+00
-1.473648462043783525e+00
-1.473333879434962856e+00
-1.478245541504170646e+00
-1.497149190837960164e+00
-1.463274837276240525e+00
-1.492379931522143766e+00
-1.464750999395249886e+00
-1.497935520424141131e+00
-1.497256443726644681e+00
-1.486565186913719305e+00
-1.478297295939519085e+00
-1.496951824009786547e+00
-1.485433129786775996e+00
-1.495800438579385716e+00
-1.441935243528819743e+00
-1.497971647580051080e+00
-1.497919614299933588e+00
-1.497577254259445212e+00
-1.457574915242382252e+00
-1.497938531787722294e+00
-1.477080063526097664e+00
-1.451084743920531883e+00
-1.455302749404988827e+00
-1.432619948235561935e+00
-1.497982497544342317e+00
-1.472686982931557642e+00
-1.495091337604059545e+00
-1.493994838342495024e+00
-1.487005186452607930e+00
-1.497519874441634036e+00
-1.479794496832601336e+00
-1.497196244759100514e+00
-1.497025346092620834e+00
-1.497975937659610679e+00
-1.486000345792267918e+00
-1.470360749421669055e+00
-1.480473486857170062e+00
