-8.045479351553079805e-01
-8.076427051695940218e-01
-7.596841523322221956e-01
-7.786739146235344133e-01
-7.934235729175564966e-01
-8.082761293175575457e-01
-8.078892541947719774e-01
-7.905404562029001436e-01
-7.879091886701938829e-01
-8.086206255379078112e-01
-7.797624016079065523e-01
-8.088724141838905535e-01
-8.067610854181406221e-01
-8.088955631378051958e-01
-7.930675674128291330e-01
-8.027072245153543673e-01
-8.014362020316478930e-01
-7.983219599249717913e-01
-8.048518611016628466e-01
-8.064225831898805819e-01
-7.867914963412043772e-01
-7.900616157698390207e-01
-8.012310987236854753e-01
-8.083543771776315889e-01
-8.084303302588817797e-01
-7.954537639292833529e-01
-8.086137020858881197e-01
-7.951362602311131678e-01
-8.088767280700561724e-01
-8.081644823673126421e-01
-8.084469245645162783e-01
-8.086513889851925097e-01
-8.032583756270763597e-01
-8.081735702129957399e-01
-8.086208024891969881e-01
-7.970305219191071711e-01
-8.088527614149210176e-01
-8.084109978648779116e-01
-8.080690888586399279e-01
-8.088734125616905413e-01
-7.714592622491476259e-01
-8.041868558051941118e-01
-7.852300083163139544e-01
-7.871833074736354074e-01
-7.965798949721214495e-01
-8.083470290425178728e-01
-8.064155293527004442e-01
-8.066770298304912767e-01
-8.088498687270042620e-01
-8.008439777317402086e-01
-8.055796803804990969e-01
-8.088221488418934069e-01
-7.894444124671575747e-01
-8.076689274880048952e-01
-8.079331660541650972e-01
-8.084230808439609728e-01
-8.037893002751228533e-01
-8.075991881909725389e-01
-8.084619430723545275e-01
-8.078004972907659731e-01
-8.079942552271244249e-01
-8.076160246404764376e-01
-8.046519881012794695e-01
-8.048132093521711550e-01
-7.918289717185256205e-01
-8.021105764332172594e-01
-7.999539928409216127e-01
-8.085252059522030077e-01
-8.088380353423711977e-01
-7.864521885189172945e-01
-7.930469050901887140e-01
-8.075496120276806078e-01
-7.865523550557849131e-01
-8.088969526710865221e-01
-7.896689152243492327e-01
-8.077083708616850100e-01
-8.083319863202926836e-01
-8.085985271158573351e-01
-8.044469537111875734e-01
-8.085584504428264818e-01
-8.084909984740373812e-01
-7.943396152826902590e-01
-8.088627116653082094e-01
-8.054322054508087358e-01
-7.902424925836679659e-01
-8.082518162104246340e-01
-7.962944334271309099e-01
-8.056911690059063158e-01
-8.065579136731979570e-01
-8.088530668887254915e-01
-8.076595360311624727e-01
-7.900754859569427691e-01
-7.783007820966598711e-01
-8.080761464211103640e-01
-8.088490826907512865e-01
-7.953449686887619219e-01
-7.996908467161414347e-01
-7.832135682824012957e-01
-8.065139887752887926e-01
-8.088767317953464708e-01
-8.086888523670789919e-01
-8.086164271357414446e-01
-8.070874618264791689e-01
-7.796007221463081560e-01
-8.085112752291319094e-01
-7.976986052366850100e-01
-7.988675398650524340e-01
-8.088820254328605852e-01
-8.088635275038835726e-01
-8.086065513911602221e-01
-8.071307478371021471e-01
-8.081512892517206392e-01
-8.057573916288969240e-01
-8.024816917153951845e-01
-8.063116347315666399e-01
-8.038938803496715746e-01
-7.853418862345573626e-01
-8.085756054046508989e-01
-8.086614565822241030e-01
-8.019314197721836290e-01
-8.001966060968992434e-01
-7.916041038828847132e-01
-8.049408471110222063e-01
-8.066894052448627672e-01
-7.937907496365663729e-01
-7.972680156948921404e-01
-8.051409250023719988e-01
-8.084087645533439836e-01
-8.087957365336773119e-01
-8.034409409287330828e-01
-8.023904574933407030e-01
-8.055769292536136827e-01
-8.046685842695591173e-01
-7.904621599140522203e-01
-7.697060847553369722e-01
-7.961727691712734423e-01
-8.088324734839555941e-01
-8.078238604488727770e-01
-8.053693877431509218e-01
-8.081693233820554934e-01
-8.075112806531545839e-01
-8.088895486566183290e-01
-8.084431210431215487e-01
-8.073260387304184160e-01
-8.088703522357103548e-01
-8.088598636808750353e-01
-8.088373200866338930e-01
-8.020767005058881960e-01
-8.064853040399906359e-01
-8.077947752448675356e-01
-8.088627470555660448e-01
-8.044540503892061434e-01
-8.080209655585643969e-01
-8.083275439116117678e-01
-8.088135769489166460e-01
-8.071226043525097094e-01
-8.084833858433124743e-01
-7.863940274241325579e-01
-8.085487777265665255e-01
-7.877252273159978113e-01
-8.088881926509496889e-01
-8.081059114905950747e-01
-8.041276199641582689e-01
-8.059644674780723772e-01
-8.041624700549003801e-01
-8.087846053662655077e-01
-8.088448544862625322e-01
-8.087739640745279512e-01
-8.085575433346388063e-01
-8.087937807562706194e-01
-8.088661296191570482e-01
-8.013144204291460237e-01
-7.939355423572418413e-01
-8.079623890939113817e-01
-8.088231937858221254e-01
-8.043339414420482836e-01
-8.064476022395250521e-01
-8.088821018013117037e-01
-8.056842399659511766e-01
-8.011122358861324511e-01
-8.083354601534959993e-01
-8.077208747985717974e-01
-8.066680779579040728e-01
-8.061453414979335985e-01
-8.043201411041376314e-01
-8.011852143230793200e-01
-8.086856951835510454e-01
-8.066110363128540239e-01
-8.065612962367889605e-01
-7.841452298584339342e-01
-8.081545432927963457e-01
-8.088664034279939852e-01
-8.087521748515722475e-01
-8.073820391568300447e-01
-8.043349286439773760e-01
-8.032521841946003160e-01
-8.084071701290962420e-01
-8.066258462044355593e-01
-7.977933635833618364e-01
-8.072423128309604845e-01
-8.080935342135784349e-01
-8.052637478235122881e-01
-8.079161843183395586e-01
-8.055624583634493074e-01
-8.081497078659889421e-01
-7.837365040454027376e-01
-8.083159638467189989e-01
-8.023836420747396669e-01
-7.985771944644806108e-01
-8.088820682736990175e-01
-8.048528687926885805e-01
-7.957691525938865862e-01
-7.967471483993289194e-01
-8.054567178609726152e-01
-7.914127776297685823e-01
-8.088780728998539171e-01
-7.925922846320030413e-01
-7.968349600109216890e-01
-8.058221800151226244e-01
-8.083114227178451738e-01
-8.051415396752712450e-01
-8.088574832203743181e-01
-8.043089968982097826e-01
-7.976428460228202066e-01
-8.062597172233221254e-01
-8.020771633732077799e-01
-8.012315010550377092e-01
-7.923844739693162165e-01
-8.086008647355196199e-01
-7.976780099692699633e-01
-7.932359384271261415e-01
-8.073604771765825472e-01
-8.088877865943071566e-01
-8.031968841227647982e-01
-8.082103630426284990e-01
-8.088777320357916079e-01
-7.914867674830314836e-01
-7.984771126779672823e-01
-8.044829325648901186e-01
-8.016991702738163195e-01
-8.088771471652147493e-01
-7.909177722307798586e-01
-8.087081586840507708e-01
-7.906615747037288866e-01
-7.920765610310194216e-01
-8.022266155007240496e-01
-8.088404027643558702e-01
-8.063411632451173983e-01
-8.062138588997480593e-01
-8.085539167645332537e-01
-7.904587093639132700e-01
-8.082491619410869799e-01
-7.801893068375942430e-01
-8.086360966685173235e-01
-8.064017793062088213e-01
-8.087094047936556063e-01
-7.971151856603977404e-01
-7.988149946453926287e-01
-8.048595799031612597e-01
-7.964888377013561449e-01
-8.086671246114132128e-01
-8.007789714160320482e-01
-7.912600584226605616e-01
-8.082732235911247454e-01
-8.080308226766941271e-01
-8.080575982007143221e-01
-8.075662212344763002e-01
-7.762859253111240587e-01
-8.088532848182079515e-01
-7.937913717600462160e-01
