-7.879174649287704613e-01
-8.013708685197864501e-01
-8.020157798617792988e-01
-7.494488166764159409e-01
-7.799014222288810361e-01
-7.829854401499450889e-01
-8.017501030475926438e-01
-7.566637374140283701e-01
-7.661800521715149692e-01
-7.988179611682993952e-01
-7.732059616112348932e-01
-8.023903100623667184e-01
-7.362842129949824788e-01
-7.953986854690598962e-01
-7.762145199770136283e-01
-7.990016786934585058e-01
-7.373930040276454045e-01
-7.970041348270222592e-01
-7.963712549993550160e-01
-8.004372647211294156e-01
-7.965859772665577765e-01
-7.954950539605086801e-01
-7.773502822699822623e-01
-7.931899026386345364e-01
-7.616206453358214112e-01
-7.904905558490077366e-01
-8.014494678175353437e-01
-7.998880301551455352e-01
-7.984483326367760592e-01
-8.021403340835404627e-01
-7.898902729240963039e-01
-8.013028401945346824e-01
-7.431396818138567006e-01
-7.525654462542318290e-01
-8.024762947151596881e-01
-7.842322739595257719e-01
-8.020830669466320062e-01
-8.023855678701854455e-01
-7.818115004597050444e-01
-7.725805966835079808e-01
-7.468854552193516794e-01
-7.981278001707290404e-01
-7.750361720093205120e-01
-7.981756771372011672e-01
-7.836289511510643457e-01
-7.529139080258008265e-01
-7.354994103105643166e-01
-7.969694706889246527e-01
-7.844847325443506936e-01
-7.573084393551812177e-01
-8.018235651684699761e-01
-7.906047811130825220e-01
-7.773316401199821257e-01
-8.009695693997439525e-01
-7.997754233037579485e-01
-8.023911399906918929e-01
-7.991827109767657422e-01
-7.994502739934380431e-01
-8.011362071506397120e-01
-8.023848874847241408e-01
-7.557135090967413982e-01
-8.013950797073073895e-01
-7.814256268942481043e-01
-7.950110071560509972e-01
-7.991112700112636968e-01
-7.819282206437724314e-01
-7.840677087369568588e-01
-7.769305379357811514e-01
-8.008743441993712020e-01
-8.019870756868781037e-01
-7.517029094043720105e-01
-7.523412572986479807e-01
-7.941940690965089145e-01
-7.963868010788451857e-01
-8.008021911394407333e-01
-7.946413855395098036e-01
-7.725601717599553941e-01
-7.879882512247958770e-01
-7.964854765184319341e-01
-7.982731294627656293e-01
-8.018612332661572140e-01
-7.996916962041443755e-01
-8.024029885291552588e-01
-8.016802631237981425e-01
-8.018897622001865955e-01
-7.998554689593503353e-01
-7.990859089246672431e-01
-8.023879101752994236e-01
-7.816249601678266767e-01
-7.824600031318057480e-01
-7.689629379049128799e-01
-8.021510215149356693e-01
-8.020228353951022182e-01
-8.024149306255438097e-01
-7.711624962497631852e-01
-7.979502886385807514e-01
-7.983142389706833209e-01
-7.466735915718593075e-01
-7.924686345920902708e-01
-7.988767774299726510e-01
-7.631818214594214833e-01
-7.989987015718563734e-01
-7.943093602027202493e-01
-8.012728311396875025e-01
-7.672147403698242885e-01
-7.996807193779781331e-01
-7.877032231381795313e-01
-7.646248098411329019e-01
-8.023509596750334483e-01
-8.020617229658089098e-01
-7.987382047914889371e-01
-8.009766578890356037e-01
-7.904295672720862420e-01
-7.869670916536061211e-01
-7.765705640414860556e-01
-7.915000831755578670e-01
-7.862265824385404889e-01
-7.654612940259633014e-01
-7.927252926635427466e-01
-8.017231625382731375e-01
-8.018190450290992866e-01
-8.017763483794695389e-01
-7.983281571724820669e-01
-7.682525337536347809e-01
-7.953701868629881044e-01
-8.024098302896579549e-01
-7.977393573443365415e-01
-7.935608867140766520e-01
-8.016586509841919783e-01
-8.024511305404167238e-01
-8.017029130295615369e-01
-8.024423658574761919e-01
-7.826389261278110521e-01
-8.019771805928450625e-01
-8.023860296778135837e-01
-7.780134527502754471e-01
-8.020041193791567213e-01
-8.019788346315049887e-01
-7.792258055576063436e-01
-7.719075519581656275e-01
-8.021821293589067592e-01
-8.011760358585867658e-01
-7.910426791146661918e-01
-7.949229043529515426e-01
-8.023669299071830574e-01
-7.868997571467857277e-01
-7.944436020526797204e-01
-7.997017328040704198e-01
-8.020795964504150444e-01
-7.984385736836305814e-01
-8.024237094984802976e-01
-8.016019728608025918e-01
-7.767085222174592296e-01
-7.836427737979309027e-01
-7.955031912989516396e-01
-7.759362410599660587e-01
-8.003573859394192969e-01
-7.831531052500093626e-01
-8.019498960218002237e-01
-8.012920535772088959e-01
-7.421087997094828470e-01
-8.014930475464601134e-01
-7.900155610652705995e-01
-8.024694171087001227e-01
-8.017058039522383384e-01
-7.803430391984873538e-01
-8.020282817497166317e-01
-7.572698987371965229e-01
-8.024224305235089227e-01
-7.842853745827856882e-01
-8.018508627504937758e-01
-7.922500347710159652e-01
-7.732670094910996106e-01
-7.818613265505962584e-01
-7.977731825701134261e-01
-8.013281140502002131e-01
-7.854111968057522208e-01
-8.017716672492355423e-01
-7.975051812107999405e-01
-7.746529148987538749e-01
-7.630307166310346112e-01
-7.917804330749346198e-01
-7.489066051227801779e-01
-8.024000875274945876e-01
-7.909048488585935788e-01
-7.732242557365035518e-01
-8.012535039372430390e-01
-7.864343613533287813e-01
-8.020204548800149436e-01
-8.018495589045430139e-01
-7.965450070975218511e-01
-8.020514837000446429e-01
-7.948732498609203390e-01
-8.020330050029081947e-01
-7.841431882962069944e-01
-7.610482119834971471e-01
-7.835763934813514409e-01
-8.023376788467224685e-01
-7.729171927736327996e-01
-8.019099262199609335e-01
-7.935724332897843292e-01
-7.886549502832536085e-01
-8.024147735616762311e-01
-8.023610077509404359e-01
-8.000026738168717344e-01
-8.020785344542726847e-01
-7.841796587388676354e-01
-7.815286215053499630e-01
-8.019446003450555471e-01
-8.023911480826870779e-01
-8.019682978289949249e-01
-8.001164073703502799e-01
-7.885718833580989129e-01
-7.743048045149124592e-01
-7.992448179937785557e-01
-8.020574945812041223e-01
-7.836586772171327819e-01
-8.017193964952972207e-01
-8.008539323648011798e-01
-8.020469646026839872e-01
-7.956224846459536426e-01
-7.664686102502888954e-01
-8.015857639148364910e-01
-7.510887090436686453e-01
-7.977929979421671813e-01
-8.012996450381100200e-01
-7.965227066854646543e-01
-7.371273383794443301e-01
-7.885118040974549158e-01
-7.957173807285820022e-01
-8.023693363062412987e-01
-8.023827783854317053e-01
-8.009975737121999284e-01
-7.951026604822960531e-01
-8.024291573900970143e-01
-7.946221681349858734e-01
-7.953126646692817436e-01
-8.017495745750087277e-01
-7.822095994573152744e-01
-7.638620666719709851e-01
-8.017613309915525566e-01
-8.011745460567882837e-01
-7.862761339896672252e-01
-7.928535814242896329e-01
-7.971751936313596909e-01
-8.018580365777183694e-01
-7.960303954596679166e-01
-7.928164265142022549e-01
-7.540716019001131309e-01
-7.991930307374643938e-01
-8.021415791265423811e-01
-7.940699385104025287e-01
-7.987608434232787991e-01
-8.013239909985115927e-01
-7.780116881086931446e-01
-7.908191647945523872e-01
-7.639759625443162117e-01
-8.010416901467038997e-01
-8.024578068440428869e-01
-7.987505364985669765e-01
-7.756810466533453630e-01
-7.914646003041105882e-01
-8.023168580074703238e-01
-7.996814293514098448e-01
-8.016003024681477296e-01
-7.768066187195122874e-01
-7.944280134272322380e-01
-7.977795716879728660e-01
-7.821537117182917331e-01
-7.528838932049465305e-01
-8.009405048551375694e-01
-7.990351722754993613e-01
-7.964065523239428623e-01
-8.012722369021628710e-01
-8.023573027249202294e-01
-8.006481765123980576e-01
-8.015163240777235520e-01
-8.014745282193573850e-01
-7.847068083926298510e-01
-7.988696641947001797e-01
-7.544889675122232742e-01
-7.753021470272672966e-01
-7.643837344911479370e-01
-7.977436747078628931e-01
-8.024030191391411382e-01
-8.019965551402485904e-01
-7.719181521436374593e-01
-7.750825855729660541e-01
-7.621229499245704142e-01
-8.023837333906502778e-01
-8.020729398917751940e-01
-7.985174136341801621e-01
-8.019338124497485953e-01
-8.023959512638287883e-01
-7.881656485130333900e-01
-7.963848202394333553e-01
-7.959921912544221101e-01
-7.852290431453419206e-01
-8.012414020579839979e-01
-7.766525595634885537e-01
-8.023735182188733717e-01
-8.023561748838302643e-01
-8.005926346620881873e-01
-7.895548666710161534e-01
-8.024263990173270411e-01
-7.973398337448737161e-01
-7.824669415222201829e-01
-8.016190342560687299e-01
-7.684272372240322779e-01
-7.887923243776945315e-01
-8.012117775468221570e-01
-8.014081982957497186e-01
-7.979179118296424456e-01
-7.833622327427031129e-01
-8.024208469697931001e-01
-8.017506375891589876e-01
-8.024441009080752751e-01
-7.386762633339170048e-01
-7.970803296897083223e-01
-7.951831071695486530e-01
-8.024044642359714485e-01
-7.979538301777308051e-01
-8.017907044149056306e-01
-7.873154614532368312e-01
-8.017518275352009116e-01
-7.735299342095026676e-01
-8.024214308193190481e-01
-8.013758193788034223e-01
-7.779388282593412418e-01
-8.024189787172936184e-01
-7.567646034988474435e-01
-8.018894831304174131e-01
-7.960767939813349070e-01
-8.024212853374310672e-01
-7.878418262486334145e-01
-7.916149031571568795e-01
-7.757931078631623567e-01
-7.632923944834403285e-01
-7.712470278617364894e-01
-7.751761951086310054e-01
-8.018108775696798363e-01
-7.934273137235755557e-01
-8.009760984824869645e-01
-8.011683529397678472e-01
-7.443475726747796895e-01
-8.019990482822373368e-01
-7.529603998533777043e-01
-8.024123240816508629e-01
-7.378551272897483360e-01
-8.024204380271129367e-01
-7.671468886204251270e-01
-7.949776242319142039e-01
-7.392188576322448190e-01
-8.016253047380283991e-01
-7.719432952083998822e-01
-7.967023988248598254e-01
-7.756423040135296265e-01
-7.860826970753450604e-01
-8.013108326481012122e-01
-7.996500347806682063e-01
