-7.880974806154845691e-01
-8.093968437294243312e-01
-8.039842139239190555e-01
-7.847500297481893039e-01
-7.911035137491999603e-01
-8.107560727054952121e-01
-8.102212784121511913e-01
-8.103322119693039394e-01
-8.107553984279511905e-01
-7.541943530793069339e-01
-8.097763967941282726e-01
-7.997658940273104644e-01
-8.063072630445240474e-01
-7.653531099910615421e-01
-7.915266559700249172e-01
-8.044112779441057182e-01
-8.051630410606740451e-01
-8.101628965939162708e-01
-8.107703005204676128e-01
-7.988306286985753513e-01
-8.107961903567193485e-01
-8.084066941643832660e-01
-8.094592144022463298e-01
-8.005662912743864990e-01
-8.102249524797080493e-01
-8.107331826592563129e-01
-8.012610048296628928e-01
-8.107737808729289508e-01
-7.703087295646546817e-01
-8.043153256418882346e-01
-7.929951998646138644e-01
-8.053101667443989253e-01
-8.100722546930192447e-01
-8.107939523885725475e-01
-8.040627216229914165e-01
-8.094184587950585819e-01
-7.668470147306798435e-01
-8.065697591061471439e-01
-7.870666741634486652e-01
-8.069133463556645847e-01
-7.708638853634475208e-01
-8.096823788488982654e-01
-7.989530091414926982e-01
-7.823907773251412845e-01
-8.013564649278996921e-01
-8.069242512116907573e-01
-8.103623281473992801e-01
-8.066731750274775958e-01
-8.094054007212398982e-01
-8.107596908936975932e-01
-8.005151458325563407e-01
-7.785257998163579440e-01
-8.057755756432889438e-01
-8.107413308004616237e-01
-8.103925234879134631e-01
-7.657469886596082187e-01
-8.033894098604796863e-01
-8.107796910459874606e-01
-8.096579223180888629e-01
-8.107225665132282710e-01
-7.630996856148122287e-01
-8.102822884226916766e-01
-8.069593965316890216e-01
-7.949357156882761455e-01
-8.040716073716758228e-01
-8.069524702857016063e-01
-7.703494097347138858e-01
-8.101050651873229480e-01
-7.896317209358094669e-01
-8.013192911873339153e-01
-8.107367850149749255e-01
-8.056410731057404018e-01
-7.719234808589099384e-01
-8.094711399878142810e-01
-7.900769676322816348e-01
-8.107803001309512592e-01
-8.103416583741782642e-01
-7.647047828192590213e-01
-7.800703126246808505e-01
-8.053578062223969436e-01
-8.059398749152897334e-01
-8.050836337039946056e-01
-8.104101618061541057e-01
-7.905523421483813262e-01
-8.044865995886503196e-01
-7.711129955257056690e-01
-8.096781562323449588e-01
-8.088083344752667880e-01
-8.023388603011845088e-01
-7.777646187002538181e-01
-8.076112729738234020e-01
-8.098021487946389652e-01
-8.103080953712342716e-01
-8.100800535882590747e-01
-8.107671517188428378e-01
-7.608651745374082065e-01
-8.104083084742306209e-01
-8.040028711090563274e-01
-8.006790446358500457e-01
-8.048851791078923679e-01
-8.011409848238109088e-01
-8.098368275220273471e-01
-8.007328951040981746e-01
-8.103633321131347156e-01
-8.051188102232991195e-01
-8.014679009335814452e-01
-7.897625643069623447e-01
-8.103350944126723743e-01
-8.107522188926814533e-01
-7.649863030071137882e-01
-8.101311589832185245e-01
-7.961806229556678272e-01
-8.091392473558662868e-01
-8.107381149436114764e-01
-7.603758092279313541e-01
-7.764592211003182864e-01
-8.078405040557263828e-01
-8.106959800476907230e-01
-8.088105230833171344e-01
-8.060270644034026599e-01
-7.424417290146230197e-01
-8.107609556297539211e-01
-7.860933666358469463e-01
-8.106965472231386638e-01
-7.784540320987580753e-01
-7.910978811102686858e-01
-7.900792512352345920e-01
-8.107258568758843875e-01
-8.107172104771016574e-01
-8.107272044996498561e-01
-7.946105593125103450e-01
-8.095315399820683933e-01
-8.097061285058735347e-01
-8.095488840023754573e-01
-7.987390363829909301e-01
-8.103686015362618900e-01
-7.847222362885950542e-01
-7.674720960910199619e-01
-7.692492458279012180e-01
-8.107656215558527446e-01
-8.102081774974940753e-01
-8.106903883869527316e-01
-7.937210773358820415e-01
-7.882050241584657169e-01
-7.836367639953969455e-01
-7.921204709688900447e-01
-8.071087359691737628e-01
-8.035580174307106471e-01
-7.950722247603116966e-01
-7.779304760749219394e-01
-7.784349474365590549e-01
-8.107659689391730762e-01
-8.097513302470324970e-01
-8.092378557900665736e-01
-8.068596611971734500e-01
-7.678658667261479831e-01
-7.605828981156228519e-01
-8.057969774360536075e-01
-8.100774011815665698e-01
-8.099779890159843898e-01
-8.103765121902106738e-01
-7.620016600246308780e-01
-8.068216092194198108e-01
-7.998787968660472369e-01
-7.983054531047819591e-01
-8.074608578587649799e-01
-8.056199115941999889e-01
-8.107271914611338115e-01
-8.004527895952342487e-01
-8.106979702840326762e-01
-7.698010507280705905e-01
-8.107303104604361987e-01
-7.707332040424226260e-01
-7.589452008957742191e-01
-8.097553815002320743e-01
-8.099061914960621333e-01
-7.859929877574323154e-01
-8.107442281449912524e-01
-7.681623979712604022e-01
-8.087460317889927364e-01
-8.047048708664952255e-01
-8.107452591190813518e-01
-8.107396795655368305e-01
-8.090837731267093158e-01
-7.947285737151978946e-01
-8.107249786386965251e-01
-7.769222020412562824e-01
-8.099384245703695751e-01
-7.426908876056550479e-01
-8.101199309582589603e-01
-8.095287851298926807e-01
-8.101843915189383960e-01
-7.989751504043816066e-01
-8.036484316232381797e-01
-7.624419595355866885e-01
-8.054561450387118793e-01
-7.830172742957948184e-01
-8.099059363136766887e-01
-8.098705060089705920e-01
-8.107746945003746486e-01
-7.292309965247987247e-01
-7.642859149033902622e-01
-8.070933803225635028e-01
-7.821943427677033878e-01
-8.107691615129588580e-01
-8.104432116503594852e-01
-8.097254497240065074e-01
-8.107755056823371387e-01
-8.098083793426631427e-01
-8.103447065929649806e-01
-7.980584104786394573e-01
-8.072862004170893169e-01
-8.064389492626069522e-01
-8.107774959186790920e-01
-7.824671811665175891e-01
-7.591202113087056613e-01
-8.107384576703189349e-01
-8.107606976534007526e-01
-7.603288072402356601e-01
-8.038984195570229030e-01
-8.107876966948388553e-01
-8.014661235044477916e-01
-8.107804752195952869e-01
-8.107155825252412296e-01
-7.829908582622884250e-01
-7.887922491187928653e-01
-8.107319402749417758e-01
-7.572718302960275150e-01
-7.619613076801179385e-01
-8.103246272782562709e-01
-7.911800377311883903e-01
-7.844164672548650241e-01
-8.056930213476298785e-01
-8.103445119465468860e-01
-7.972961536849616504e-01
-8.107096732835052943e-01
-8.016446617672918773e-01
-8.107562366182683444e-01
-7.632880176658509708e-01
-8.100153397078393436e-01
-8.095352373326896167e-01
-8.074501951466082073e-01
-7.824221796597121692e-01
-8.042377758080838657e-01
-7.649974490756867862e-01
-8.046104128713487125e-01
-7.995286205093143916e-01
-7.936099835912464595e-01
-8.039578882287023998e-01
-8.107552494163392520e-01
-8.107460945154307819e-01
-8.063095391968964076e-01
-8.103833499605535007e-01
-7.818923893625615573e-01
-7.812931000496028400e-01
-7.893216948265908695e-01
-8.096781394685386157e-01
-8.101800785640953517e-01
-7.753076314235805011e-01
-8.091340775842545963e-01
-8.093981541002868152e-01
-7.787064875717042423e-01
-8.010381519104121661e-01
-7.910611669773934818e-01
-8.107616606409429050e-01
-7.730287875289796329e-01
-8.107794014046667552e-01
-8.100290823037503696e-01
-8.103904857541202045e-01
-7.645825783963082767e-01
-8.107579400072573161e-01
-7.904571120868204570e-01
-7.864490284825442767e-01
-8.085895295495866275e-01
-8.014187126661418414e-01
-7.830370537246345020e-01
-8.057275622392772174e-01
-8.099631930942414737e-01
-8.025532908047317004e-01
-7.875301347355125881e-01
-7.600575502271531558e-01
-7.968686365763424373e-01
-8.028847475777147746e-01
-7.564353610629914737e-01
-7.767179071212886310e-01
-7.993044167066691852e-01
-8.014771508293925262e-01
-8.103067384342430568e-01
-7.846474147642730212e-01
-7.939960540513275600e-01
-8.072386768887518382e-01
-8.107604033554671741e-01
-8.095717163066147304e-01
-7.539480368847726321e-01
-7.780663616264937854e-01
-7.803819182569859958e-01
-8.047591543997405505e-01
-7.814191526974318958e-01
-8.107397037799237705e-01
-8.034139115604339576e-01
-8.105472645963309741e-01
-8.102914451862452960e-01
-8.060694181601284480e-01
-7.687767858857987857e-01
-8.107050120140193439e-01
-7.842652390951989627e-01
-8.103161457235692477e-01
-8.096179750988958812e-01
-8.102724061588524318e-01
-8.084634005333064533e-01
-8.100508678014157748e-01
-8.107919044102309680e-01
-8.107641584480880237e-01
-8.083729095066665149e-01
-8.057259389440296626e-01
-8.067891191000817752e-01
-8.022603293190477824e-01
-7.251169051284669376e-01
-8.016848641688703037e-01
-7.775836068446515537e-01
-7.899083144272445178e-01
-7.897312476540683246e-01
-7.841099736521719432e-01
-8.056297612617491222e-01
-8.058432213271735645e-01
-7.806403658593772388e-01
-7.651494669968961215e-01
-7.976804397309897876e-01
-7.992755382562755084e-01
-8.094112820232985950e-01
-8.047825855443953014e-01
-7.827318723554490543e-01
-7.968988389017759300e-01
-8.071153427715180850e-01
-8.098643369282363391e-01
-8.097324681709288097e-01
-8.027293778265593982e-01
-8.097431960756658054e-01
-7.664340253229020572e-01
-8.094471044148086047e-01
-8.098222309033153987e-01
-7.601427699680207706e-01
-8.082224422375439143e-01
-8.102523873801110721e-01
-8.094210720862029529e-01
-8.070781476105330920e-01
-8.006246991696535087e-01
-8.080251592452405429e-01
-7.832429225797532535e-01
-8.037564068342326618e-01
-8.103195636774180866e-01
-8.051885034198640323e-01
-7.395121979768155551e-01
-8.067450768555282092e-01
-7.940215080286143756e-01
-8.107752588818548656e-01
-8.099928063581465221e-01
-8.066926815788029170e-01
-8.107577993775485492e-01
-8.103990930373548007e-01
