-7.880948703650081377e-01
-8.093954401988131542e-01
-8.039875246149701393e-01
-7.847657575611864944e-01
-7.910885003088026224e-01
-8.107537155487051228e-01
-8.102207588745972133e-01
-8.103336437377568480e-01
-8.107548396207809871e-01
-7.541881966282696359e-01
-8.097786734013979748e-01
-7.997618082037135645e-01
-8.063063347158481164e-01
-7.653484332837775517e-01
-7.915238718124220085e-01
-8.044118998494318440e-01
-8.051578825870753242e-01
-8.101617274691127468e-01
-8.107678243753526637e-01
-7.988332676119878073e-01
-8.107948811735660177e-01
-8.084085834249890024e-01
-8.094599212888963224e-01
-8.005575373163381636e-01
-8.102232165186384893e-01
-8.107311632628375619e-01
-8.012531115885646038e-01
-8.107733909128734817e-01
-7.703080756573701393e-01
-8.043133108907702944e-01
-7.929980646540184530e-01
-8.053072781848568118e-01
-8.100700741128826765e-01
-8.107921642857435218e-01
-8.040729196942516532e-01
-8.094196141313577675e-01
-7.668679774098825508e-01
-8.065690111674509444e-01
-7.870705741563247537e-01
-8.069161405770935991e-01
-7.708793091846721790e-01
-8.096795605251538852e-01
-7.989542652146205404e-01
-7.823497610245104816e-01
-8.013620982038522911e-01
-8.069263595678641821e-01
-8.103636486176145626e-01
-8.066738952440469790e-01
-8.094036224522177525e-01
-8.107576877594973030e-01
-8.005253836162041781e-01
-7.785407002519606490e-01
-8.057801539302946736e-01
-8.107393130272986248e-01
-8.103925829633273903e-01
-7.657705016601126236e-01
-8.033973421399431825e-01
-8.107769804039702821e-01
-8.096555878704460030e-01
-8.107204731924461116e-01
-7.631237638161614267e-01
-8.102828434366444732e-01
-8.069559071790797233e-01
-7.949303947879303722e-01
-8.040707750609729088e-01
-8.069504194305098244e-01
-7.703761247686092828e-01
-8.101031954832231818e-01
-7.896245085649902240e-01
-8.013368469771783298e-01
-8.107352174115898258e-01
-8.056442456936886432e-01
-7.719421634212999539e-01
-8.094671841330562945e-01
-7.900756095649386079e-01
-8.107778622822642278e-01
-8.103381395081317162e-01
-7.647194433829791471e-01
-7.800674702812522288e-01
-8.053636340304932695e-01
-8.059414448024930788e-01
-8.050816022694869956e-01
-8.104099676183440515e-01
-7.905488870310489746e-01
-8.044845272659753022e-01
-7.711401867437184254e-01
-8.096743517273374824e-01
-8.088093455994737058e-01
-8.023374772658963261e-01
-7.777793159097204923e-01
-8.076083461480024761e-01
-8.098009069644829250e-01
-8.103089942855838945e-01
-8.100806983073185474e-01
-8.107664654444215468e-01
-7.608886823148942602e-01
-8.104052776821193405e-01
-8.039982309733469945e-01
-8.006830634883131959e-01
-8.048815974044296606e-01
-8.011480445371010894e-01
-8.098383480783534205e-01
-8.007254718171991081e-01
-8.103639249804027722e-01
-8.051215057843646994e-01
-8.014632779674147889e-01
-7.897690596536415253e-01
-8.103367434432725558e-01
-8.107511182657914928e-01
-7.649832780236525132e-01
-8.101291009033674273e-01
-7.961946075515069499e-01
-8.091355545389493642e-01
-8.107369533251851390e-01
-7.604408430623020854e-01
-7.764682733537910941e-01
-8.078366562562799835e-01
-8.106950809768695976e-01
-8.088108497622672477e-01
-8.060243046898151187e-01
-7.424654943394256579e-01
-8.107589509684901552e-01
-7.860689853943740868e-01
-8.106949953139632736e-01
-7.784327632338402525e-01
-7.910957615479615734e-01
-7.900890025741581502e-01
-8.107252734125738325e-01
-8.107160935769851529e-01
-8.107264212436732231e-01
-7.946252405994944645e-01
-8.095317846400672535e-01
-8.097067618132531841e-01
-8.095456547509228828e-01
-7.987395206334378939e-01
-8.103680719740512517e-01
-7.847260105791739049e-01
-7.674806864837969700e-01
-7.691917267378042267e-01
-8.107636069337222917e-01
-8.102056575457726728e-01
-8.106884749512068833e-01
-7.937413564808346589e-01
-7.882030311219418994e-01
-7.836317167938459116e-01
-7.921339447214470475e-01
-8.071081881195368846e-01
-8.035576917218930637e-01
-7.950768590160478544e-01
-7.779455584379083577e-01
-7.784430029805990969e-01
-8.107641607102760162e-01
-8.097521066697710435e-01
-8.092381804243560239e-01
-8.068612036403038923e-01
-7.678810849545706363e-01
-7.605950401801908622e-01
-8.057936875754193595e-01
-8.100804188775458936e-01
-8.099756709168405289e-01
-8.103761369495726674e-01
-7.620336278924515483e-01
-8.068262216514436869e-01
-7.998781767560818601e-01
-7.983192476846580066e-01
-8.074548722785337418e-01
-8.056211117352967133e-01
-8.107262973007626217e-01
-8.004514484717052403e-01
-8.106970324563097519e-01
-7.698384578203144590e-01
-8.107286094608978644e-01
-7.707445805790822391e-01
-7.589774896789772685e-01
-8.097538152633894093e-01
-8.099070695380686802e-01
-7.859191876849225267e-01
-8.107435151869005763e-01
-7.681624818471198823e-01
-8.087466300839428746e-01
-8.047078553562565517e-01
-8.107437677727027392e-01
-8.107391773273877611e-01
-8.090827798814118621e-01
-7.947385862162783532e-01
-8.107226714806680112e-01
-7.769280774077770291e-01
-8.099356074400781980e-01
-7.427161707746818831e-01
-8.101196079550108120e-01
-8.095292096381357938e-01
-8.101821368966927173e-01
-7.989777088137587358e-01
-8.036589203604107556e-01
-7.624482163477996899e-01
-8.054545564413411185e-01
-7.830033550895136862e-01
-8.099042757243084534e-01
-8.098696090722131702e-01
-8.107732482549642183e-01
-7.292736848498926339e-01
-7.643415207431393243e-01
-8.070933403424823682e-01
-7.822047379122404331e-01
-8.107675703035510661e-01
-8.104410865422825294e-01
-8.097268687520633446e-01
-8.107740821143071264e-01
-8.098082460045983311e-01
-8.103445399690010209e-01
-7.980576726241702668e-01
-8.072915911969187341e-01
-8.064439443690850640e-01
-8.107750744805147791e-01
-7.824559182900904242e-01
-7.591393728847030120e-01
-8.107368912372433511e-01
-8.107608404789616863e-01
-7.603479481670519791e-01
-8.039063729432865957e-01
-8.107873139686700981e-01
-8.014594700024797458e-01
-8.107790045603345819e-01
-8.107146776391142007e-01
-7.829743599228695672e-01
-7.887857267099972480e-01
-8.107301993416221597e-01
-7.572647996453139019e-01
-7.619672103889233439e-01
-8.103219564361607841e-01
-7.911789242920291843e-01
-7.844239547142491942e-01
-8.056919791182658441e-01
-8.103424341996786628e-01
-7.973074603819086947e-01
-8.107084914430869871e-01
-8.016477966589196091e-01
-8.107541435833405252e-01
-7.633037505023124725e-01
-8.100175127901730887e-01
-8.095324493775285513e-01
-8.074513498293637292e-01
-7.824344443113578906e-01
-8.042340500615690058e-01
-7.650563279798678895e-01
-8.046086067301362332e-01
-7.995277593740801603e-01
-7.936080694871071595e-01
-8.039650645510520999e-01
-8.107537560416504530e-01
-8.107442525723244087e-01
-8.063060817250368162e-01
-8.103818409499733422e-01
-7.818700184196059055e-01
-7.813043604728380220e-01
-7.893462457979264491e-01
-8.096780552573537015e-01
-8.101775871653583705e-01
-7.753372443440413875e-01
-8.091330690449521912e-01
-8.093971910623859456e-01
-7.787110837968299615e-01
-8.010457907724027882e-01
-7.910686005718181590e-01
-8.107599512366657768e-01
-7.730570364900795077e-01
-8.107779565741936034e-01
-8.100294401325798255e-01
-8.103880926299357190e-01
-7.645703964379202411e-01
-8.107555661362170207e-01
-7.904505207752304807e-01
-7.864565585154809080e-01
-8.085932493053883396e-01
-8.014202632660242243e-01
-7.830289765359115250e-01
-8.057342316872428967e-01
-8.099605144200444640e-01
-8.025614849266042850e-01
-7.875331866410320014e-01
-7.600691764454006183e-01
-7.968729815925784665e-01
-8.028974806611949289e-01
-7.564569936683939178e-01
-7.767329812937859845e-01
-7.992971349876833997e-01
-8.014796966782172793e-01
-8.103062233598361530e-01
-7.846517274929492025e-01
-7.940005906602202179e-01
-8.072380529840076369e-01
-8.107589116635145476e-01
-8.095716264860243205e-01
-7.539610329790916721e-01
-7.780477908236435036e-01
-7.803795167791267584e-01
-8.047613404202159648e-01
-7.814340821334473386e-01
-8.107385146499304085e-01
-8.034175504936688084e-01
-8.105455671402108653e-01
-8.102880269134666857e-01
-8.060737983309738119e-01
-7.687896405943882572e-01
-8.107034155231638284e-01
-7.842729699067791937e-01
-8.103160940468737694e-01
-8.096173175272391997e-01
-8.102689621038269285e-01
-8.084703418943113284e-01
-8.100505283635990317e-01
-8.107905633540420931e-01
-8.107623047097972657e-01
-8.083693142756182004e-01
-8.057323314997952846e-01
-8.067893069341520729e-01
-8.022652638900024114e-01
-7.251772651655865598e-01
-8.016929961675576255e-01
-7.776146469942235573e-01
-7.899070242516227358e-01
-7.897227419579221364e-01
-7.841025021529716144e-01
-8.056289780339637163e-01
-8.058430503106952525e-01
-7.805751688156794543e-01
-7.651568603699709925e-01
-7.976979220867013165e-01
-7.992777758952681610e-01
-8.094096950453426587e-01
-8.047821404964881076e-01
-7.827430638950142461e-01
-7.968990954445537289e-01
-8.071206516964902766e-01
-8.098618535354450421e-01
-8.097345272169199637e-01
-8.027313564778971733e-01
-8.097458491197923047e-01
-7.664597970663797888e-01
-8.094462641928971136e-01
-8.098204576817638056e-01
-7.601378330571444408e-01
-8.082204754273838443e-01
-8.102534232633260558e-01
-8.094169733594834826e-01
-8.070822317794115186e-01
-8.006300586229875282e-01
-8.080224158367724785e-01
-7.832422629372641776e-01
-8.037529060247675661e-01
-8.103164305886042529e-01
-8.051781467587766361e-01
-7.395383418961460897e-01
-8.067417851574049115e-01
-7.940382754768934292e-01
-8.107735891516929527e-01
-8.099914673721335667e-01
-8.066924196781289913e-01
-8.107561683527322316e-01
-8.103985828634983068e-01
