-6.216679380950408396e-01
-5.925310382363276895e-01
-5.962396681052523073e-01
-5.630245262500720438e-01
-5.642662772652583536e-01
-5.874416826036649164e-01
-6.151827906933503565e-01
-5.887821347196476873e-01
-6.037703061220126566e-01
-6.231509426352458414e-01
-6.238463463005500254e-01
-5.968315301206784662e-01
-5.277342589315848764e-01
-5.563764402386622843e-01
-6.234095485624747690e-01
-6.235083507117705759e-01
-5.376335212704616007e-01
-5.772481363010483202e-01
-6.182559372600989755e-01
-5.949009403330164369e-01
-6.242276632902102884e-01
-6.185026222583728250e-01
-6.149026972916799005e-01
-6.234120631334262308e-01
-6.225191222247558054e-01
-5.567342301574426111e-01
-5.500637309369521555e-01
-5.238627137360053476e-01
-5.871509316121118482e-01
-6.182559372600989755e-01
-5.616714225825744089e-01
-6.060492394235806879e-01
-4.157922358927207407e-01
-5.786295298230724748e-01
-6.235160434362368997e-01
-6.158284058538155969e-01
-5.732068510469870981e-01
-6.218702362594085153e-01
-6.192111091432052072e-01
-6.170650066551642832e-01
-6.231457607564406809e-01
-6.240436004218535837e-01
-6.239436285314040598e-01
-6.106973865744548258e-01
-5.659793110308127817e-01
-5.523372756061034616e-01
-6.096228638407664713e-01
-6.235315145668464121e-01
-6.234570907172637400e-01
4.715312926354927603e-01
-6.142954619345145639e-01
-5.871015729126410898e-01
-5.592178681609111246e-01
-6.056134978053050455e-01
-6.233606317755656656e-01
-6.061187756922917780e-01
-5.369799749669509348e-01
-5.268778295931296762e-01
-6.236681805667357859e-01
-6.238205486652331766e-01
-5.770271399733500894e-01
-5.945697527122574266e-01
-5.499038936314063486e-01
-5.881532260891871866e-01
-4.157922358927207407e-01
-5.352030114945846018e-01
-6.234351599332766947e-01
-5.822607500222402033e-01
-5.678295882162528452e-01
-5.800302431662457403e-01
-5.562427041795926508e-01
-6.220915110525565561e-01
-5.897492815484183248e-01
-6.241103986021953043e-01
-5.994409171608167108e-01
-6.002098859962897714e-01
-6.081968469289021906e-01
-6.238694654521422800e-01
-6.232561634597258982e-01
-6.108105012890773233e-01
-5.812345769000130113e-01
-6.232555450615363535e-01
-6.085101568815188822e-01
-6.229614780959563669e-01
-6.106250544753747400e-01
-6.093360462901072916e-01
-5.200803072866874155e-01
-6.228118182835059580e-01
-6.153703795489745554e-01
-5.762130047869759020e-01
-6.152554077771382746e-01
-6.136782893654780802e-01
-6.239662596699672159e-01
-5.958146134135203775e-01
-5.145408751186805185e-01
-5.985377438110189852e-01
-5.590935123828130182e-01
-5.631346942600684580e-01
-6.174718698230462488e-01
-6.085611523804145273e-01
-6.176796423015075144e-01
-5.820138461631613191e-01
-5.914760369551258501e-01
-6.143261471507029947e-01
-5.791604349133449015e-01
-6.220959664997535166e-01
-5.903640238311963495e-01
-6.236613036808448252e-01
-6.171359380450921472e-01
-5.318263562139945444e-01
-6.054774204012828287e-01
-6.235525512811618265e-01
-5.901297962036805567e-01
-5.878680402156787332e-01
-6.106949148443417963e-01
-6.232450397428946909e-01
-6.163722311821656641e-01
-5.923652991396265444e-01
-5.693857742217259821e-01
-6.239653991279082712e-01
-6.221634650346713480e-01
-5.651630682614522394e-01
-5.813679804769235071e-01
-5.624030118551927027e-01
-6.232458555814700540e-01
-5.672887133178191599e-01
-5.319412963208632883e-01
-6.140255609271006998e-01
-6.164761351165252146e-01
-5.858256824058371004e-01
-6.068096829322057184e-01
-5.090184600767569956e-01
-5.898019124497549948e-01
-6.239436285314040598e-01
-6.232555711385684427e-01
-5.844809271138983187e-01
-5.872889671218471941e-01
-6.224700228986220774e-01
-5.885263120499329981e-01
-5.629426127043443140e-01
-6.185026222583728250e-01
-5.550477670249419626e-01
-5.974364706990199503e-01
-5.465168447908835825e-01
-6.228971311566310343e-01
-5.600525380787330088e-01
-5.257568338629680094e-01
-6.192850636062102732e-01
-5.990427488204913553e-01
-5.636834369716124948e-01
-5.590284110722022470e-01
-6.204828487452941355e-01
-5.177928076800780710e-01
-6.068446261552052912e-01
-6.228030377742724832e-01
-6.238352263090091165e-01
-5.785025747236686167e-01
-5.923652991396265444e-01
-6.226153390225844797e-01
-6.241034509357886728e-01
-5.354588011023478922e-01
-5.641387996938901361e-01
-6.238328905519919809e-01
-5.749492242676096376e-01
-6.049579864111619409e-01
-5.835865966719465669e-01
-5.851247681048589167e-01
-5.994618607428746637e-01
-6.033975610253291544e-01
-6.034077683207469400e-01
-5.698624009010272440e-01
-5.823188030836062845e-01
-6.045732738193946298e-01
-6.011212354269700464e-01
-5.886172342789249834e-01
-5.552433745679336008e-01
-6.218547800299601969e-01
-6.034077683207469400e-01
-6.153703795489745554e-01
-6.232809627172427591e-01
-5.140568854031043466e-01
-5.735266541805940088e-01
-5.592178681609111246e-01
-6.237073184666114267e-01
-6.239152418193297800e-01
-5.864433588203864511e-01
-5.914643013593631204e-01
-6.186669299122767862e-01
-5.961771363136249002e-01
-5.868867461313383993e-01
-4.157922358927207407e-01
-5.914760369551258501e-01
-6.238550672051387247e-01
-6.160999813792186197e-01
-6.239562274631934580e-01
-5.852960988622980532e-01
-6.240839155134635385e-01
-5.921098606404738840e-01
-5.668637396511512216e-01
-5.524969974276500162e-01
-6.011212354269700464e-01
-6.143288852390723642e-01
-5.876148517918663439e-01
-5.408136786636786875e-01
-5.996091773477273401e-01
-6.021615618583636698e-01
-5.506230497476535257e-01
-6.013488506642060694e-01
-5.972902232524829325e-01
-5.686370746907668527e-01
-6.139659860846476969e-01
-5.209207476791816172e-01
-6.171421350655036386e-01
-6.056134978053050455e-01
-5.553287582215743479e-01
-6.218051852402167734e-01
-6.223447451111751016e-01
-5.745855511841254648e-01
-5.741456242021995005e-01
-6.206848414358573374e-01
-6.237908618268447336e-01
-5.949009403330164369e-01
-5.727680155751185831e-01
-5.309238301333861765e-01
-5.654716619965510782e-01
-6.092055493709521707e-01
-5.919711792585330423e-01
-5.165590734896140512e-01
-5.257568338629680094e-01
-5.914760369551258501e-01
-6.235189864155726847e-01
-5.351639816281276163e-01
-5.662287229415851053e-01
4.715312926354927603e-01
-6.185096388426499781e-01
-5.958838721481042322e-01
-6.061399968084769663e-01
-6.168176548299270090e-01
-5.761746790003853258e-01
-4.958343373355346140e-01
-5.932019909587579187e-01
-6.239436285314040598e-01
-6.135708259162383493e-01
-5.519290135917144235e-01
-6.235958130773978647e-01
-6.189179101702647623e-01
-6.011039156210499224e-01
-6.188537904736476358e-01
-5.580853184428887781e-01
-5.928353870031314310e-01
-6.239243538793998178e-01
-5.318263562139945444e-01
-5.949009403330164369e-01
-6.061399968084769663e-01
-5.498531291005092081e-01
-5.845083852973657068e-01
-6.186669299122767862e-01
-5.615428870287614282e-01
-6.237136440095382151e-01
-6.036279925820308145e-01
-5.632450522598700937e-01
-5.609153786417918619e-01
-6.233898119744735178e-01
-5.604018846270518717e-01
-5.527522617694812235e-01
-6.136782893654780802e-01
-5.729725368064718660e-01
-6.238256001588778910e-01
-6.237752379593329843e-01
-5.919711792585330423e-01
-6.232450397428946909e-01
-5.972902232524829325e-01
-6.233599090692477640e-01
-5.901675687846618112e-01
-6.241148056206183847e-01
-5.310010106977897104e-01
-6.229408101853805002e-01
-6.233884783205466684e-01
-5.670867616054492411e-01
-5.465975494799094614e-01
-5.974364706990199503e-01
-5.536824965593295511e-01
-5.782067307946162638e-01
-5.699606535700040277e-01
-5.623648481187301096e-01
-5.798386351880507883e-01
-6.236635910090880808e-01
-6.231466771778541025e-01
-6.056134978053050455e-01
-6.222630904731231150e-01
-5.707902068016009745e-01
-6.235725188371615824e-01
-5.932019909587579187e-01
-5.475626865145640787e-01
-5.864704025653081354e-01
-5.873612368223147806e-01
-5.874416919168906626e-01
-5.970095896837191995e-01
-6.232081668195205149e-01
-5.744285544124322351e-01
-6.011113345366793093e-01
-6.238418573257403787e-01
-6.159468067553716120e-01
-5.662287229415851053e-01
-5.533262507733779367e-01
-5.888524276879506525e-01
-6.235014738258796152e-01
-5.712693722662406381e-01
-5.907479061488883909e-01
-5.467308589932399210e-01
-5.674022601661162790e-01
-5.442366542038398203e-01
-5.900144225661533293e-01
-5.315939577040152964e-01
-5.938272120174842295e-01
-5.911219918844180521e-01
-5.800240074959474024e-01
-5.757717413571553644e-01
-6.224250958976226267e-01
-6.215265894052462992e-01
