-6.216481784683095535e-01
-5.925412243859379258e-01
-5.962607508595428873e-01
-5.629758644453838334e-01
-5.642705303584721888e-01
-5.874638772970338652e-01
-6.151605100914571134e-01
-5.888067283613402925e-01
-6.037632470616710600e-01
-6.231446372820130808e-01
-6.238404682980491778e-01
-5.968116119411939202e-01
-5.277256375579678638e-01
-5.564081238139632068e-01
-6.234038509004115047e-01
-6.235021180863309365e-01
-5.376355453977109677e-01
-5.772186021081705531e-01
-6.182453665528591102e-01
-5.948577630806219929e-01
-6.242221879248053273e-01
-6.185052206437322564e-01
-6.148797909003813622e-01
-6.234047023227365925e-01
-6.225112980197293755e-01
-5.567208535442852435e-01
-5.500477431576495935e-01
-5.238346797722848169e-01
-5.871115789555660935e-01
-6.182453665528591102e-01
-5.615666546545063920e-01
-6.060306025040015365e-01
-4.157993499085688160e-01
-5.785910047077041929e-01
-6.235096173392659091e-01
-6.158124699817595360e-01
-5.731964000691558425e-01
-6.218622255050487713e-01
-6.192080684840758353e-01
-6.170504195904896738e-01
-6.231406589202278523e-01
-6.240378495881715448e-01
-6.239374745519791210e-01
-6.106980542017024227e-01
-5.658494227018269207e-01
-5.522877444269675973e-01
-6.096263302842099829e-01
-6.235247030401418478e-01
-6.234518380197767717e-01
4.710573986972053651e-01
-6.142894261724544114e-01
-5.871389427545490314e-01
-5.592491654975829674e-01
-6.055999451445509552e-01
-6.233549730257217369e-01
-6.060973829432585447e-01
-5.369338808913881600e-01
-5.269772512052272040e-01
-6.236619942856507226e-01
-6.238138667374358848e-01
-5.770016727917610666e-01
-5.945602454800464898e-01
-5.499003263322840285e-01
-5.881189272458495765e-01
-4.157993499085688160e-01
-5.351651208838633655e-01
-6.234297228026050020e-01
-5.822289220119899467e-01
-5.677961058372166248e-01
-5.799884083891346798e-01
-5.562209125516340835e-01
-6.220863551566945260e-01
-5.897673864742406513e-01
-6.241045830144915652e-01
-5.994053732918248611e-01
-6.001944214697937374e-01
-6.081873257323034965e-01
-6.238630925697959961e-01
-6.232470407356057729e-01
-6.107946113530239307e-01
-5.812650387287101594e-01
-6.232485686843950434e-01
-6.084782524461982423e-01
-6.229544418620800439e-01
-6.105946573739552408e-01
-6.093318008822335985e-01
-5.200007842647400569e-01
-6.228035728505012525e-01
-6.153699027089615248e-01
-5.762234030301256471e-01
-6.152523780095358052e-01
-6.136774311699954021e-01
-6.239595686491660187e-01
-5.958118534107735842e-01
-5.143945586494967914e-01
-5.985311392833871924e-01
-5.590663690496661120e-01
-5.631624045813123924e-01
-6.174611577319361055e-01
-6.085442942050258708e-01
-6.176740455536386953e-01
-5.820085783573333282e-01
-5.914630907345461708e-01
-6.143210227740512064e-01
-5.791124295590914794e-01
-6.220900176267244452e-01
-5.903522414575712585e-01
-6.236544261527583455e-01
-6.171262197985178943e-01
-5.318771457739164266e-01
-6.054663169260801059e-01
-6.235458006551493071e-01
-5.901089049133755315e-01
-5.878662133642484910e-01
-6.106895842475587033e-01
-6.232376898041072089e-01
-6.163576708640123858e-01
-5.923187275799663976e-01
-5.693163782957276764e-01
-6.239594672022760191e-01
-6.221547643086577928e-01
-5.651293472043672494e-01
-5.813627757290420472e-01
-5.623616968917053427e-01
-6.232390882819961453e-01
-5.672867121451254935e-01
-5.317982576474143963e-01
-6.140136006924558076e-01
-6.164611063567355664e-01
-5.858290063087294719e-01
-6.068002392926004074e-01
-5.090264793496005469e-01
-5.897768325776324705e-01
-6.239374745519791210e-01
-6.232500669911843483e-01
-5.844717924519869934e-01
-5.872726491449360431e-01
-6.224652571777828935e-01
-5.885229007467376316e-01
-5.629172774105527521e-01
-6.185052206437322564e-01
-5.551678955500599644e-01
-5.974107897830132075e-01
-5.464769375763679493e-01
-6.228903502746696574e-01
-5.600109133605553069e-01
-5.258288645954336538e-01
-6.192828649328927515e-01
-5.990263099288937187e-01
-5.636288641248992093e-01
-5.590426983947046624e-01
-6.204782703348494799e-01
-5.177706209415010585e-01
-6.068214575134999178e-01
-6.227939199442673601e-01
-6.238287431664778504e-01
-5.784850711759923492e-01
-5.923187275799663976e-01
-6.226102133631201685e-01
-6.240973459213174923e-01
-5.354324174166992245e-01
-5.640855059634226620e-01
-6.238268512089842899e-01
-5.749917587713078149e-01
-6.049304111334194989e-01
-5.835593052643409662e-01
-5.851176084432457847e-01
-5.994625309107949329e-01
-6.033762011961882887e-01
-6.033930183866250685e-01
-5.698597509214445855e-01
-5.823059563450138088e-01
-6.045710581145620210e-01
-6.010925924989657387e-01
-5.885760953419697517e-01
-5.551976956930764207e-01
-6.218463848868317490e-01
-6.033930183866250685e-01
-6.153699027089615248e-01
-6.232744741955171808e-01
-5.139969792344369903e-01
-5.736013237202699511e-01
-5.592491654975829674e-01
-6.236992399556903210e-01
-6.239089293419297633e-01
-5.864190818598654653e-01
-5.914408045164782912e-01
-6.186630165377134949e-01
-5.961778988662022050e-01
-5.868419925145016425e-01
-4.157993499085688160e-01
-5.914630907345461708e-01
-6.238489792091506114e-01
-6.160981196528777515e-01
-6.239504632575062493e-01
-5.852748140467640692e-01
-6.240777227661106208e-01
-5.921029335286612794e-01
-5.667888253068487092e-01
-5.525296952302258813e-01
-6.010925924989657387e-01
-6.143226347817407618e-01
-5.876074117155248855e-01
-5.408040935397485649e-01
-5.997360227477284145e-01
-6.021549939679801122e-01
-5.506598949040047986e-01
-6.013344697573016484e-01
-5.972460295166059918e-01
-5.685760587344836914e-01
-6.139712158685890486e-01
-5.208407998467116107e-01
-6.171340030202540072e-01
-6.055999451445509552e-01
-5.552494525344342513e-01
-6.217943858476844277e-01
-6.223362121186142293e-01
-5.745669039242108367e-01
-5.741579321863775620e-01
-6.206710135967512532e-01
-6.237842371472760439e-01
-5.948577630806219929e-01
-5.727638275463026174e-01
-5.309123710823524522e-01
-5.654459534445184232e-01
-6.092041872789777379e-01
-5.919634348789304390e-01
-5.165444075383409661e-01
-5.258288645954336538e-01
-5.914630907345461708e-01
-6.235112606259877177e-01
-5.351126527760433627e-01
-5.662074504787172335e-01
4.710573986972053651e-01
-6.184918461534869571e-01
-5.958735674921006309e-01
-6.061485130640884567e-01
-6.168048619080878092e-01
-5.761279535179156808e-01
-4.956320309141125091e-01
-5.931917107004113232e-01
-6.239374745519791210e-01
-6.135332588620492356e-01
-5.518970873863464632e-01
-6.235895947349202606e-01
-6.189023697341076158e-01
-6.011146984171868990e-01
-6.188480657508070859e-01
-5.580836119055740951e-01
-5.928168827140756214e-01
-6.239193581065465288e-01
-5.318771457739164266e-01
-5.948577630806219929e-01
-6.061485130640884567e-01
-5.497193980008975300e-01
-5.844859002386280089e-01
-6.186630165377134949e-01
-5.615491851685712188e-01
-6.237072508532118809e-01
-6.035945402724752773e-01
-5.632051080129109044e-01
-5.608743788606301850e-01
-6.233844140700509628e-01
-5.604186388584215806e-01
-5.528152427364653176e-01
-6.136774311699954021e-01
-5.729453207912238444e-01
-6.238191873741342208e-01
-6.237701864515609040e-01
-5.919634348789304390e-01
-6.232376898041072089e-01
-5.972460295166059918e-01
-6.233555927432598009e-01
-5.901543391818474538e-01
-6.241086511961957406e-01
-5.309416380487967935e-01
-6.229338363816492308e-01
-6.233820357049505434e-01
-5.669068912198174104e-01
-5.466543799655587677e-01
-5.974107897830132075e-01
-5.537377461580089699e-01
-5.782037896383149800e-01
-5.699241627635663887e-01
-5.623449440471712801e-01
-5.798099032397555641e-01
-6.236571214196070523e-01
-6.231378013615130884e-01
-6.055999451445509552e-01
-6.222599179770301747e-01
-5.707558716892742190e-01
-6.235670533780437452e-01
-5.931917107004113232e-01
-5.475234136881910185e-01
-5.864630765184700723e-01
-5.873464795764949953e-01
-5.874515239369935138e-01
-5.969872164398635217e-01
-6.232013340743719487e-01
-5.744005633510951281e-01
-6.010859400943401321e-01
-6.238358125027502199e-01
-6.159331393236612273e-01
-5.662074504787172335e-01
-5.532677624412495332e-01
-5.888443137810944750e-01
-6.234974654000802197e-01
-5.711246276904816677e-01
-5.907267963041092917e-01
-5.465951331372472799e-01
-5.674199814818801091e-01
-5.442007710441669754e-01
-5.899990871877472953e-01
-5.315380484198368727e-01
-5.938553264623299688e-01
-5.911037631577593654e-01
-5.800007551422129426e-01
-5.757635862691731221e-01
-6.224149030052621434e-01
-6.215250658984144971e-01
