-5.694426375222483294e-01
-5.625661763143816607e-01
-5.714498327826240676e-01
-5.810876304996290820e-01
-5.823701846194544451e-01
-5.724850578946152346e-01
-5.728298540008345263e-01
-5.762545729768553393e-01
-5.823175173965373652e-01
-5.738185795736590045e-01
-5.693466190961280482e-01
-5.784817014602103846e-01
-5.808957463842907565e-01
-5.765570525792518275e-01
-5.789806547355929034e-01
-5.724958542515614646e-01
-5.760845777359882014e-01
-5.758471975815573352e-01
-5.826736775008121150e-01
-5.821633453262129443e-01
-5.801970160347500460e-01
-5.800188270178714411e-01
-5.753411527504304068e-01
-5.662613578853288310e-01
-5.823108379510322230e-01
-5.793607032639065402e-01
-5.665131400120535510e-01
-5.826848962125459330e-01
-5.826448642429986613e-01
-5.818815932390370982e-01
-5.824330470305958407e-01
-5.755487468806186335e-01
-5.737359721926131861e-01
-5.825905625489631312e-01
-5.685613670167604106e-01
-5.822112190318384783e-01
-5.788192639839926379e-01
-5.795546083492317813e-01
-5.814033348825851100e-01
-5.714836430517116206e-01
-5.823643601280727999e-01
-5.783961641383448260e-01
-5.827014839989224093e-01
-5.763058143449106829e-01
-5.686981457066813128e-01
-5.821893003550449031e-01
-5.702364465934315341e-01
-5.806434659999886172e-01
-5.794597214800396578e-01
-5.725676690009513514e-01
-5.801237041843214648e-01
-5.807108462569394725e-01
-5.634277344462552684e-01
-5.824385800180116313e-01
-5.826649472829976695e-01
-5.743249359321871417e-01
-5.742781183463612216e-01
-5.821524749291220324e-01
-5.826676285606899874e-01
-5.709527686950841563e-01
-5.783357157153168338e-01
-5.689156356048861163e-01
-5.799896570635119097e-01
-5.824826660347262042e-01
-5.826443240759053843e-01
-5.707487978753724711e-01
-5.818324678358712809e-01
-5.686002031681218760e-01
-5.790496443179526942e-01
-5.823129734736958163e-01
-5.673745966297665255e-01
-5.824922186103740351e-01
-5.679017754984179156e-01
-5.810345264864245074e-01
-5.824311471325436251e-01
-5.826520829242745059e-01
-5.815268915859141963e-01
-5.788979383898058551e-01
-5.821559413117447512e-01
-5.808789313552060740e-01
-5.763723936644473689e-01
-5.775014919010081904e-01
-5.826465452802458422e-01
-5.744555227239707129e-01
-5.783650132608690875e-01
-5.737348909271040576e-01
-5.797915321556010859e-01
-5.825107351658025401e-01
-5.795760185238996165e-01
-5.717023213175216334e-01
-5.692998648402372019e-01
-5.822220065412202494e-01
-5.704675431144514697e-01
-5.811409394038000720e-01
-5.815644834903159754e-01
-5.826153264162221568e-01
-5.765400708434262889e-01
-5.806871478227058070e-01
-5.827004465055742877e-01
-5.769217557055035250e-01
-5.826980725643315928e-01
-5.791054044631400721e-01
-5.680781298098245280e-01
-5.716826480594554560e-01
-5.820133344051519053e-01
-5.736216858741918223e-01
-5.822191082653680461e-01
-5.825142965433278697e-01
-5.731593438205400126e-01
-5.777238228139558451e-01
-5.818875434589663165e-01
-5.795219077509918826e-01
-5.819255069610753672e-01
-5.723209039089360850e-01
-5.781523168799558299e-01
-5.821191102978864329e-01
-5.685459294137635844e-01
-5.751385505092421191e-01
-5.786127115381041186e-01
-5.731252853539863246e-01
-5.715311982450166362e-01
-5.823858019677081721e-01
-5.799123898861089366e-01
-5.819280857932844775e-01
-5.697583810207524913e-01
-5.823572662440219538e-01
-5.825156395104804652e-01
-5.782413252410569804e-01
-5.827042956617751734e-01
-5.820210550692954676e-01
-5.824020088431516307e-01
-5.818442174014726298e-01
-5.819515756112614291e-01
-5.824058701065459864e-01
-5.822313206982889788e-01
-5.824638561126866954e-01
-5.713172399220147746e-01
-5.822866086629310267e-01
-5.740895357695499079e-01
-5.784765586969533580e-01
-5.803232409772554057e-01
-5.795667239246049540e-01
-5.770594303277412074e-01
-5.819991876152434962e-01
-5.762091607567945140e-01
-5.824986596373000758e-01
-5.825265648556032794e-01
-5.703933306750932353e-01
-5.735119332340636866e-01
-5.781909853932538645e-01
-5.728717253324666636e-01
-5.792824852061548846e-01
-5.799867830020466464e-01
-5.826924455133357661e-01
-5.826927174595275538e-01
-5.823711569202223437e-01
-5.775581805748024600e-01
-5.702229601112285273e-01
-5.702174317804256098e-01
-5.712898413431921618e-01
-5.826467809048572200e-01
-5.699831212652006762e-01
-5.826984460246840136e-01
-5.803479294073858874e-01
-5.801929312539377825e-01
-5.681396054816523211e-01
-5.822380839628258364e-01
-5.820851431009450572e-01
-5.821237864685335772e-01
-5.720734827001670020e-01
-5.725711214137354510e-01
-5.817324707997122424e-01
-5.762502693352380412e-01
-5.759554284405985491e-01
-5.824569317293444293e-01
-5.768899314818063395e-01
-5.824086240273991244e-01
-5.667755103451290744e-01
-5.748149708625951426e-01
-5.722674357486048358e-01
