-5.694460763993343111e-01
-5.625697451722460052e-01
-5.714511005437480362e-01
-5.810890171833709150e-01
-5.823712008355012015e-01
-5.724872867298416157e-01
-5.728318668495299137e-01
-5.762537819116668736e-01
-5.823178559044399627e-01
-5.738170367196888666e-01
-5.693518502581638163e-01
-5.784829661716676119e-01
-5.808956022520294082e-01
-5.765595626675800167e-01
-5.789816529743370133e-01
-5.724962593566271796e-01
-5.760836481345753546e-01
-5.758458058109937605e-01
-5.826743150285648154e-01
-5.821640678592037155e-01
-5.801963382457870910e-01
-5.800193891631838516e-01
-5.753440890167578203e-01
-5.662578408091508697e-01
-5.823118860382467954e-01
-5.793611648009145965e-01
-5.665147048014352871e-01
-5.826855053695674247e-01
-5.826456236366581720e-01
-5.818821835230628681e-01
-5.824333310015087362e-01
-5.755525094040236933e-01
-5.737389594065350762e-01
-5.825913625143267494e-01
-5.685613347373553728e-01
-5.822114698770534114e-01
-5.788186892314822751e-01
-5.795553417306470445e-01
-5.814045804174147181e-01
-5.714883744127475795e-01
-5.823647542536951605e-01
-5.783968981949308974e-01
-5.827019801432977708e-01
-5.763060494936027567e-01
-5.687003665994669888e-01
-5.821902742551178234e-01
-5.702417792959798559e-01
-5.806447882488895429e-01
-5.794611802444223914e-01
-5.725678449690165817e-01
-5.801234968614080723e-01
-5.807121038467050189e-01
-5.634326611197981727e-01
-5.824395737834795472e-01
-5.826655864435961174e-01
-5.743247698910853849e-01
-5.742838226840293325e-01
-5.821532908718700661e-01
-5.826683825643448333e-01
-5.709530405835642197e-01
-5.783360756688851190e-01
-5.689214107605757853e-01
-5.799890414296079433e-01
-5.824834221171947268e-01
-5.826449922891648869e-01
-5.707529506795985252e-01
-5.818324689180705001e-01
-5.686079450138459279e-01
-5.790516062240360640e-01
-5.823133225460861429e-01
-5.673803461107926882e-01
-5.824925700278256180e-01
-5.678980834911270259e-01
-5.810342430654563683e-01
-5.824315185579607146e-01
-5.826527746609078129e-01
-5.815271581077670060e-01
-5.788967881136265481e-01
-5.821561104516087548e-01
-5.808801987114327048e-01
-5.763742387507145848e-01
-5.775021570200014054e-01
-5.826473084203072084e-01
-5.744569878956706788e-01
-5.783660696917438671e-01
-5.737382941530638769e-01
-5.797917070244255067e-01
-5.825111285278993245e-01
-5.795777486996145367e-01
-5.717056530748858556e-01
-5.693035056920792147e-01
-5.822230432177476489e-01
-5.704674497783596143e-01
-5.811422986294934034e-01
-5.815647963714799529e-01
-5.826160153394859265e-01
-5.765403675500212488e-01
-5.806878908351940094e-01
-5.827009962220969230e-01
-5.769235224086676217e-01
-5.826985974940234181e-01
-5.791053164008127530e-01
-5.680755962192741704e-01
-5.716878680031977078e-01
-5.820141634698470234e-01
-5.736217768678356643e-01
-5.822195015905898829e-01
-5.825145896501041642e-01
-5.731591902181147891e-01
-5.777247273428717245e-01
-5.818885651419173355e-01
-5.795214416539286040e-01
-5.819255183231867301e-01
-5.723274217915066409e-01
-5.781542501232036502e-01
-5.821201931335082680e-01
-5.685510682106177383e-01
-5.751376653788805582e-01
-5.786137121524468352e-01
-5.731289699724297915e-01
-5.715302996440020378e-01
-5.823862117564329033e-01
-5.799120844795425667e-01
-5.819282230100054631e-01
-5.697616163673997480e-01
-5.823582430679320465e-01
-5.825160652029174324e-01
-5.782406675396597473e-01
-5.827049275579277987e-01
-5.820212122901664564e-01
-5.824027890360879978e-01
-5.818453256547151398e-01
-5.819519010239526668e-01
-5.824062708192814242e-01
-5.822323202582754265e-01
-5.824647584272084622e-01
-5.713220154806292195e-01
-5.822874483869121542e-01
-5.740894846514377203e-01
-5.784785080002564639e-01
-5.803239756110650793e-01
-5.795682505772602466e-01
-5.770635149910021688e-01
-5.819996746655007325e-01
-5.762108361022276748e-01
-5.824989220057172901e-01
-5.825272492699180571e-01
-5.703957438980687966e-01
-5.735156188432687374e-01
-5.781902150122584239e-01
-5.728717572224329979e-01
-5.792830765827575723e-01
-5.799863244957992325e-01
-5.826929433565728456e-01
-5.826933703902390516e-01
-5.823719474879009983e-01
-5.775608979977286950e-01
-5.702270525438242199e-01
-5.702193553450262131e-01
-5.712933025917383834e-01
-5.826474997131506628e-01
-5.699822366358506809e-01
-5.826991339765918987e-01
-5.803475625570827523e-01
-5.801926940947137457e-01
-5.681440753821648260e-01
-5.822385229062810863e-01
-5.820861215749277839e-01
-5.821248740937380317e-01
-5.720737752826295930e-01
-5.725755584648095642e-01
-5.817337294535329661e-01
-5.762494442131487205e-01
-5.759557048795457268e-01
-5.824576906818969002e-01
-5.768901114605631264e-01
-5.824094016457622702e-01
-5.667813015408906807e-01
-5.748146011658811227e-01
-5.722726573635682490e-01
