-5.971444158443699468e-01
-5.834421269876578497e-01
-5.964037406424484988e-01
-5.965783260039552172e-01
-5.961253476014863883e-01
-5.955325552605543749e-01
-5.938824093365733248e-01
-5.937610469522233148e-01
-5.920153723671206514e-01
-5.972922302804049011e-01
-5.975129688387641469e-01
-5.961699226616259395e-01
-5.978124865267419041e-01
-5.908920276401466998e-01
-5.959256908031820288e-01
-5.960647098133052824e-01
-5.952599070299821049e-01
-5.852528088644498583e-01
-5.961053829495689405e-01
-5.978452208843766380e-01
-5.978594613309166084e-01
-5.860395871182738636e-01
-5.917928419342011193e-01
-5.972334802817053090e-01
-5.972845979865498700e-01
-5.953813094272919493e-01
-5.945966727047470313e-01
-5.974619335898367911e-01
-5.952760221030111154e-01
-5.961402137705268389e-01
-5.956321514914045823e-01
-5.952463040639375258e-01
-5.925820367940783928e-01
-5.923451308147182903e-01
-5.848957880607803528e-01
-5.920175811393353360e-01
-5.902643561382825421e-01
-5.978503204812700700e-01
-5.975754177985231896e-01
-5.978064230996108508e-01
-5.975698468580000755e-01
-5.852411144348653727e-01
-5.972151927134192739e-01
-5.949685935294194428e-01
-5.875315812295467399e-01
-5.932425960084712901e-01
-5.978504088351985768e-01
-5.966312260593664707e-01
-5.940170599961994702e-01
-5.894129792484472663e-01
-5.839853060565165510e-01
-5.978595214398846336e-01
-5.904595753711828765e-01
-5.977999090108565561e-01
-5.945917522486922069e-01
-5.978352311744210557e-01
-5.924626838461317657e-01
-5.973720899901542314e-01
-5.882335539066176899e-01
-5.978450074775567558e-01
-5.971290217047576787e-01
-5.978396035489175198e-01
-5.872173654934268461e-01
-5.892504114212778754e-01
-5.895348159003933608e-01
-5.859877165770105423e-01
-5.976011178188336270e-01
-5.976350463265324153e-01
-5.972415989871747710e-01
-5.978625835404111077e-01
-5.974107374530460701e-01
-5.978145394040730309e-01
-5.882651819451862885e-01
-5.931732378882830226e-01
-5.828922311631834496e-01
-5.974626734362374902e-01
-5.856680125683101368e-01
-5.956394793605180871e-01
-5.978061483328424019e-01
-5.837395212613057938e-01
-5.926723933063526850e-01
-5.959240072785425557e-01
-5.816097931862843629e-01
-5.975707837562451719e-01
-5.978101622906013546e-01
-5.940983769987665530e-01
-5.898061160820731175e-01
-5.902417528744822173e-01
-5.945641092669498029e-01
-5.973581420373865747e-01
-5.935558428343751247e-01
-5.976586264185467234e-01
-5.975987713567353365e-01
-5.948222969831704621e-01
-5.958916493615704635e-01
-5.852235375050074406e-01
-5.978398053357297792e-01
-5.832124992394471796e-01
-5.978383960748803183e-01
-5.976405025501371204e-01
-5.855569663536781544e-01
-5.861045811409860695e-01
-5.956408768683747468e-01
-5.978220807390098868e-01
-5.974841192819909663e-01
-5.825241803403993224e-01
-5.969907408000645344e-01
-5.974293201540864517e-01
-5.841321336273611609e-01
-5.916006911718376671e-01
-5.972232432769287724e-01
-5.871601800474656185e-01
-5.955948106524560082e-01
-5.976092691482780550e-01
-5.959706344320010452e-01
-5.955869787047510799e-01
-5.909728477481012154e-01
-5.955580150210648682e-01
-5.970592282609366030e-01
-5.947369145998848694e-01
-5.803491603767940710e-01
-5.813746478325221290e-01
-5.964909317022857316e-01
-5.974123909957050893e-01
-5.978479860241510124e-01
-5.978178155784479308e-01
-5.901734671814368172e-01
-5.909938556671933130e-01
-5.939140953830651659e-01
-5.953726994282151352e-01
-5.888342412142056892e-01
-5.945692008818399543e-01
-5.803601240379782089e-01
-5.840014261635377846e-01
-5.921238807177852115e-01
-5.975297665232552902e-01
-5.941072068216547430e-01
-5.974202824343770590e-01
-5.888101564105920893e-01
-5.952535480480916075e-01
-5.829875411854791301e-01
-5.948282756193440379e-01
-5.972531883518452656e-01
-5.976195177200273045e-01
-5.919035048911437391e-01
-5.954712034149299837e-01
-5.949580761138958396e-01
-5.918822924722187961e-01
-5.976289803104132270e-01
-5.978579753771302574e-01
-5.869793396779873218e-01
-5.868786276650420630e-01
-5.887229207237898443e-01
-5.972351037993820499e-01
-5.973483458992674411e-01
-5.855996738583032490e-01
-5.970940123809423961e-01
-5.826393736306761939e-01
-5.815168096470908488e-01
-5.803743274105312988e-01
-5.897208651456772310e-01
-5.978345013550208087e-01
-5.971159642382747323e-01
-5.863387420705261643e-01
-5.971937729086665980e-01
-5.978688904553349781e-01
-5.973338822818929916e-01
-5.945120962207995907e-01
-5.904468409384272531e-01
-5.919239065467283289e-01
-5.881711765718393714e-01
-5.975114867049662326e-01
-5.978563174134494673e-01
-5.834663027321986828e-01
-5.868323184743132748e-01
-5.959530564611420500e-01
-5.974945438675965947e-01
-5.954103377809162323e-01
-5.933176642470555651e-01
-5.937127407910989252e-01
