-7.285710142237583620e-01
-8.073797065076867563e-01
-8.026123156083265764e-01
-8.107536488456169588e-01
-8.089088236225286943e-01
-7.802426756603161317e-01
-8.085794287977258188e-01
-7.668473811132351381e-01
-8.044417022970954401e-01
-8.049400707019011003e-01
-8.107563263980189783e-01
-7.893786483687798006e-01
-8.024940916580597383e-01
-7.969704491329828722e-01
-8.107336049211660844e-01
-8.101055247021357042e-01
-7.596961424929539186e-01
-7.594952897412220461e-01
-7.997453172934690935e-01
-8.040886397717038614e-01
-8.102611636055151445e-01
-8.079514929336945039e-01
-7.960084031579534036e-01
-7.806230054480473024e-01
-8.096844169554749948e-01
-8.050066267383734209e-01
-8.049703824577371103e-01
-7.899479034600297433e-01
-8.023003020567337495e-01
-7.794782982451359254e-01
-8.107623772007862550e-01
-7.549990319890419466e-01
-8.099653420282045824e-01
-7.556826860887447816e-01
-7.702286557537952882e-01
-7.724261933249870760e-01
-7.878805787546078188e-01
-7.791195900422970277e-01
-8.032768235785404665e-01
-8.030293106344977838e-01
-8.031382167024055940e-01
-7.362561539990345461e-01
-8.058293366116920931e-01
-8.098179844451586229e-01
-7.864230402988831026e-01
-8.104970471245686037e-01
-8.100792399851123315e-01
-8.102948681694904787e-01
-8.071023856533209306e-01
-8.059762043190638048e-01
-7.953458928746620638e-01
-8.056470022780338747e-01
-7.953587488514820558e-01
-8.042795972210804445e-01
-8.085615008381644708e-01
-8.107296328303853494e-01
-7.765933570695559007e-01
-7.831997570825258714e-01
-8.107240514141956789e-01
-8.107734115106502992e-01
-8.107432496977488023e-01
-7.602415920478741151e-01
-8.102703036052624208e-01
-7.973378484380880815e-01
-8.005459920746723634e-01
-7.937073928547541124e-01
-8.103913690207044107e-01
-7.826321401876846773e-01
-7.841603455377260667e-01
-7.928088071999589426e-01
-7.981137910169998628e-01
-7.799396158439556581e-01
-8.107101095152536852e-01
-7.873802908939758760e-01
-8.107333860603610498e-01
-8.107344039959351045e-01
-7.924328229633609277e-01
-8.060471338463465196e-01
-7.900153563601414186e-01
-8.094204587174097520e-01
-8.039877374900022966e-01
-7.813784570676723940e-01
-8.107674454582373125e-01
-7.818210085166136247e-01
-8.075026252550522310e-01
-7.985514492971340639e-01
-8.104163405728975755e-01
-7.835974839759508592e-01
-8.095106666219870073e-01
-8.056879599822203142e-01
-7.853932676149050218e-01
-8.107308984977642519e-01
-8.100788823572436792e-01
-8.107763265503088457e-01
-8.092492546198407632e-01
-7.873119374049345476e-01
-7.771105745119492036e-01
-8.070253038091103059e-01
-7.911983036679665071e-01
-8.005638120008150560e-01
-8.095661641342083437e-01
-8.100140520615021211e-01
-7.560121135098377687e-01
-8.051195142102877123e-01
-7.910494317544142229e-01
-8.101826344860235674e-01
-8.096382419822255594e-01
-8.101405945850054247e-01
-8.096412678492704851e-01
-7.678508551103512270e-01
-8.103199729008118135e-01
-8.097007458341757280e-01
-8.057615773064533693e-01
-8.038837758136431200e-01
-8.075840675515572054e-01
-8.107697849405447466e-01
-8.100549091828505022e-01
-7.430362791997829897e-01
-7.616153561753670198e-01
-8.069526047689358217e-01
-7.950871994031111223e-01
-8.073217083943525774e-01
-7.848467619401852113e-01
-8.051632137281338197e-01
-7.684504666609207613e-01
-7.669669051898161394e-01
-7.726846465153137666e-01
-8.072212456969062311e-01
-7.913195991200844270e-01
-8.075121610668937189e-01
-8.100733568204084856e-01
-7.883919754309097749e-01
-8.107980617565552217e-01
-7.980601077211538774e-01
-8.102175423187653047e-01
-8.107422336248198969e-01
-7.914495521468559724e-01
-8.022606947702805025e-01
-8.107112978828588945e-01
-7.779025228006283266e-01
-8.102595114392677766e-01
-8.101116323155800325e-01
-7.888549712730089647e-01
-7.957516086531321031e-01
-7.910662197751442415e-01
-8.099928933439294321e-01
-7.852483538222948534e-01
-8.045328974036017877e-01
-7.846689836365620119e-01
-8.055092596692482454e-01
-7.834282198233047945e-01
-8.107597750855127794e-01
-8.101974983943144304e-01
-8.051004127842823488e-01
-7.890091051591078264e-01
-8.027755336148182375e-01
-8.107617550773064119e-01
-7.851271831674019319e-01
-7.789446261954943163e-01
-8.085688573551813585e-01
-8.101203019974271280e-01
-7.842086010856071931e-01
-7.898366169316212160e-01
-8.010475241822639925e-01
-8.089412895274797899e-01
-7.990167157036701662e-01
-8.098076728416124803e-01
-7.928374034596125108e-01
-8.048768711519876939e-01
-8.079141580743233186e-01
-7.894683161062637788e-01
-8.107624219042698366e-01
-8.098826331329981310e-01
-7.753222097886244280e-01
-7.845234924239555818e-01
-7.319373653513828737e-01
-7.904468269330898744e-01
-7.913199045938889009e-01
-7.998784349543491823e-01
-7.969814396706859094e-01
-8.078865648490826112e-01
-8.103232939971128923e-01
-8.102623827067653162e-01
-8.107529307959119302e-01
-7.929210660291353685e-01
-7.641125002188126070e-01
-7.971559024659434778e-01
-7.868605272156635744e-01
-8.095213703123370630e-01
-8.093592242581287843e-01
-8.107698762101570589e-01
-7.870635294598976595e-01
-7.826494506803790552e-01
-8.049258708266059381e-01
-8.016457154659072382e-01
-7.818255626840034944e-01
-8.068910946381727678e-01
-8.037536076513568384e-01
-8.055061006230751497e-01
-7.795821425748507005e-01
-8.107722594646254999e-01
-8.032902029586473924e-01
-7.789858316314856035e-01
-7.850797676724831087e-01
-8.107718748284021837e-01
-7.647600637061039430e-01
-8.083573102263251764e-01
-8.108725060952345354e-01
-8.104241720644275171e-01
-8.069232355115453226e-01
-7.976283028034011346e-01
-8.101599605066219789e-01
-8.097007570100466234e-01
-8.095417569634953958e-01
-8.101234163401166422e-01
-8.102623417285720331e-01
-8.078233466727177126e-01
-8.107403234822193605e-01
-7.944425900710264665e-01
-8.094722896126548273e-01
-8.107477228400746805e-01
-8.096799913106004221e-01
-7.802023195905128938e-01
-7.945480679405371172e-01
-8.042097247449199182e-01
-7.674676009697357637e-01
-8.067550833580533487e-01
-8.099836946708599550e-01
-7.557402865273395998e-01
-8.103196637017170412e-01
-7.997841171232501489e-01
-7.786770590824524385e-01
-8.107901650724450571e-01
-7.871808146370092851e-01
-8.106997792852560503e-01
-7.997882307750622255e-01
-7.956439757031837923e-01
-7.281131238920132143e-01
-8.107471500766912920e-01
-8.102507523504535181e-01
-7.517922424954811556e-01
-8.010159923938552362e-01
-7.812746350896994096e-01
-7.997607977373043520e-01
-7.980876823199430925e-01
-8.007994487193862421e-01
-7.570263610464970094e-01
-8.100642075074354631e-01
-8.107387122941652757e-01
-8.107449661252538187e-01
-7.914908991438786012e-01
-8.050373100919167024e-01
-8.063049574626127702e-01
-7.726412412954012376e-01
-8.043039624822775346e-01
-8.107683469784895403e-01
-7.952449542713800890e-01
-8.091148396266142351e-01
-8.107997325492540819e-01
-8.058358661142627222e-01
-8.010254350734392625e-01
-7.862013780755440218e-01
-7.588639834207931978e-01
-8.085576004592219812e-01
-7.820488491339127046e-01
-7.985563117322961313e-01
-8.042281602752844316e-01
-8.098479376418034059e-01
-8.107531263736525995e-01
-8.101854135525862199e-01
-7.767979406995216829e-01
-8.102048800570408327e-01
-8.025799996463099939e-01
-8.102609736157099229e-01
-8.040955129323045236e-01
-7.716532589179913026e-01
-8.006406517011562807e-01
-8.086179976595083696e-01
-8.027627791521588785e-01
-8.032294378859440309e-01
-7.781359848809877855e-01
-8.102950786483923418e-01
-7.980254029167334062e-01
-8.054211127815286142e-01
-7.943730109614769441e-01
-7.928949070406595689e-01
-8.056324093846122247e-01
-8.095533547235170824e-01
-8.107495780346433145e-01
-8.091253756789008600e-01
-8.097679733542243463e-01
-8.065379054529110414e-01
-8.100143277329842073e-01
-7.666005210263172609e-01
-7.911521584970394594e-01
-8.107895476055780870e-01
-7.759362587017456514e-01
-7.983722777349392397e-01
-8.107284845096508485e-01
-7.996140958053509218e-01
-8.066749719215074999e-01
-8.107496311200300676e-01
-8.104412348253170473e-01
-8.069999606592098695e-01
-8.107704247591535074e-01
-7.956431738344470483e-01
-8.033097160292307359e-01
-7.894769550544659120e-01
-8.071085416955391389e-01
-7.809065484685341341e-01
-8.107682380137483102e-01
-7.766586427820364458e-01
-8.011737202537695390e-01
-7.870654274953047258e-01
-7.934661262912193758e-01
-8.103703611773888094e-01
-8.101135340762773973e-01
-8.100990203452745897e-01
-8.102398791593948824e-01
-7.884450868946949464e-01
-7.956422806960979921e-01
-8.045298696739117128e-01
-8.042205401939789278e-01
-8.107472022307554704e-01
-8.074826092702785951e-01
-8.096818474364916307e-01
-7.678652347309032900e-01
-8.081280670372287256e-01
-8.097480216307083589e-01
-7.623272256237904054e-01
-7.970696536136309129e-01
-7.996051644218603593e-01
-8.102623808441201669e-01
-8.100921872315446359e-01
-7.805137724859158022e-01
-7.706408442241589052e-01
-8.107431574968139154e-01
-7.913178594095150453e-01
-8.107584032473603708e-01
-8.093609127459565622e-01
-7.540888765139023286e-01
-8.099832699877659303e-01
-7.989591841829458696e-01
-8.106963967216650468e-01
-8.077981078309456331e-01
-8.102798980904261095e-01
-8.058361259532610399e-01
-8.000115228129068834e-01
-8.070667439383903963e-01
-7.795880900008121950e-01
-7.773046174330154878e-01
-7.756807242763678056e-01
-7.933400680554548723e-01
-7.914367129338423235e-01
-8.101919532997051698e-01
-8.060747717750708086e-01
-7.855474704188744051e-01
-8.100995176715294344e-01
-7.581992910487095338e-01
-7.949296121729055864e-01
