-5.793611648009145965e-01
-5.748053388063337765e-01
-5.824004053440103856e-01
-5.823441495102814613e-01
-5.775056453841937998e-01
-5.791477087616987429e-01
-5.825075950867416585e-01
-5.761943217275098394e-01
-5.822539641388516651e-01
-5.685451147044163767e-01
-5.703957438980687966e-01
-5.768174753120106635e-01
-5.818464673147984989e-01
-5.758497013038521573e-01
-5.669010419845270654e-01
-5.786636699152422070e-01
-5.733515733882896814e-01
-5.741787107946267898e-01
-5.757827331227429735e-01
-5.781622820507411609e-01
-5.826357043036444194e-01
-5.826713561709516709e-01
-5.730751159107796422e-01
-5.826625642040303976e-01
-5.782081100878675439e-01
-5.796816547219847404e-01
-5.802645377418967909e-01
-5.823478598032948428e-01
-5.773329718191571036e-01
-5.705628496645854808e-01
-5.799996287620967639e-01
-5.728900441787148079e-01
-5.824284936954002845e-01
-5.803619198995326744e-01
-5.822098807033326828e-01
-5.819955597508130740e-01
-5.797229109377881606e-01
-5.822249460892113815e-01
-5.821744166548721289e-01
-5.767775700961235152e-01
-5.788373453304764826e-01
-5.825101986006412380e-01
-5.783968981949308974e-01
-5.736679737526573231e-01
-5.824322814033465745e-01
-5.806447882488895429e-01
-5.823748725245455615e-01
-5.804014176217483501e-01
-5.800193891631838516e-01
-5.756191029684321059e-01
-5.821416524962463868e-01
-5.784778542557778014e-01
-5.623343791366642863e-01
-5.711007795856718472e-01
-5.826519345845767583e-01
-5.761091228030845723e-01
-5.708107192601097335e-01
-5.826443371296983198e-01
-5.757112359362884790e-01
-5.814183762393108079e-01
-5.811041839821756705e-01
-5.791149612350461329e-01
-5.821702865191917819e-01
-5.730442864335814068e-01
-5.790434510066044815e-01
-5.741691970912908838e-01
-5.822684931381703066e-01
-5.767835284473270541e-01
-5.739976516693388042e-01
-5.821696273607229744e-01
-5.823800455263846709e-01
-5.827019801432977708e-01
-5.802319862350973079e-01
-5.769235224086676217e-01
-5.803704904646277418e-01
-5.792490813091205615e-01
-5.744630499428009518e-01
-5.813562298313326160e-01
-5.780015029121319259e-01
-5.720841486982856106e-01
-5.825327517434937263e-01
-5.821700386913931657e-01
-5.803987661628794426e-01
-5.785104932815193779e-01
-5.825160652029174324e-01
-5.802952747321558080e-01
-5.826761323741004306e-01
-5.788499541613192356e-01
-5.825764712443043392e-01
-5.738588377210586122e-01
-5.791298570940625057e-01
-5.823286155597744429e-01
-5.814349269539971221e-01
-5.787936265506530287e-01
-5.817820163696655333e-01
-5.819706816418375173e-01
-5.826875398669206785e-01
-5.789448340599713250e-01
-5.818527994147046911e-01
-5.821281154771406063e-01
-5.795523844580261486e-01
-5.820908010291633294e-01
-5.726902512255108713e-01
-5.823200270576960325e-01
-5.826663887669460973e-01
-5.739594777050658347e-01
-5.800742139680641341e-01
-5.787806763990727132e-01
-5.824763851638530276e-01
-5.808406904222187528e-01
-5.820683449422350275e-01
-5.721387805383172376e-01
-5.683544702288417794e-01
-5.822704519375873078e-01
-5.639367743810914657e-01
-5.682927912654784919e-01
-5.742242048710102242e-01
-5.806712903895480116e-01
-5.825222076129774607e-01
-5.768170511313559512e-01
-5.683346259438041281e-01
-5.724635825419227553e-01
-5.801721598122420165e-01
-5.822250754421048891e-01
-5.749911590987889509e-01
-5.825428366563790705e-01
-5.716554277673010498e-01
-5.826852042328029002e-01
-5.824730258545671724e-01
-5.726285431381612501e-01
-5.823712008355012015e-01
-5.823075528907227794e-01
-5.826704353006901815e-01
-5.827034510351249974e-01
-5.733673920685601333e-01
-5.826525660500769810e-01
-5.801790638336893347e-01
-5.818466530366503964e-01
-5.826688940829238827e-01
-5.818794695752365076e-01
-5.824111033484007383e-01
-5.755039445991141367e-01
-5.781000266378500951e-01
-5.796727087471952311e-01
-5.637590056061624333e-01
-5.737109989770352581e-01
-5.820406966904865254e-01
-5.792695635996304437e-01
-5.807113172403487455e-01
-5.731289699724297915e-01
-5.701558552131262836e-01
-5.737905006460519708e-01
-5.821056733001978012e-01
-5.821248740937380317e-01
-5.825896775916815651e-01
-5.769024708286070169e-01
-5.826929433565728456e-01
-5.826426413880538835e-01
-5.820903640005136159e-01
-5.736881572174127308e-01
-5.712856800768761900e-01
-5.821856314538444988e-01
-5.738779291236910662e-01
-5.723848876472483749e-01
-5.795339829978317647e-01
-5.818832719131750153e-01
-5.806414802635420092e-01
-5.803412197291835106e-01
-5.804055498704104865e-01
-5.732030877877833941e-01
-5.818688270348010283e-01
-5.758145040491805533e-01
-5.784481186147131249e-01
-5.721688347161303367e-01
-5.712284102549568532e-01
-5.786209142246461212e-01
-5.785549527887305921e-01
-5.823913715562706317e-01
-5.822909876320626621e-01
-5.823516484902403478e-01
