-1.044367298044900583e+00
-1.086209710248450921e+00
-1.086361026418100284e+00
-1.072952510350088762e+00
-1.082743756965439008e+00
-1.084881985121111558e+00
-1.083491913069675849e+00
-1.083952948012094186e+00
-1.073282206457744525e+00
-1.086936756063888954e+00
-1.086467490092556165e+00
-1.086910883457104848e+00
-1.086908602648119615e+00
-1.072700107031206773e+00
-1.086142121375243352e+00
-1.075984727617989467e+00
-1.086892506600062536e+00
-1.086224278927485631e+00
-1.086922296815256761e+00
-1.078135624554644512e+00
-1.065158785813193010e+00
-1.074424288727979349e+00
-1.086494612534235404e+00
-1.081333348554263996e+00
-1.060461202197413133e+00
-1.068054623462896036e+00
-1.086017245919148611e+00
-1.086913958684246229e+00
-1.086947074186693118e+00
-1.078724792253862308e+00
-1.053987517513971017e+00
-1.084466686033348726e+00
-1.083394524435217665e+00
-1.051833960720042871e+00
-1.066795748219530271e+00
-1.086938525576780723e+00
-1.071507318437735723e+00
-1.070017937131862329e+00
-1.086945729822556661e+00
-1.084448347360531972e+00
-1.059619938515762971e+00
-1.061375837334136651e+00
-1.079994739525656389e+00
-1.086153877460102724e+00
-1.048430989988784479e+00
-1.086062032290439294e+00
-1.086211406652520584e+00
-1.073964457054327415e+00
-1.066633048028390096e+00
-1.086579916094134735e+00
-1.075718528617809699e+00
-1.079546698861460374e+00
-1.084433925830464052e+00
-1.082351582151542591e+00
-1.080526977804194377e+00
-1.083154421326409267e+00
-1.086902324602644132e+00
-1.065353301846127199e+00
-1.085146644645075487e+00
-1.086918418322394775e+00
-1.049139702253679918e+00
-1.063840308719019578e+00
-1.085947196491698907e+00
-1.061686805941800760e+00
-1.085992178906391548e+00
-1.074302432619671510e+00
-1.077405808520208286e+00
-1.078437101122628139e+00
-1.086190593921284364e+00
-1.064012309097389863e+00
-1.061784524031619714e+00
-1.063123210825662301e+00
-1.086580030181150125e+00
-1.071614313431720422e+00
-1.082828777403275655e+00
-1.073147806365679191e+00
-1.085107961230616258e+00
-1.075648187220732854e+00
-1.086921257459263490e+00
-1.081296213463585065e+00
-1.070770571500699209e+00
-1.085839003351221965e+00
-1.073017367188523696e+00
-1.086609472547362731e+00
-1.084343766354660676e+00
-1.083524148937951015e+00
-1.083492522620300935e+00
-1.086498431422452615e+00
-1.086905447327236818e+00
-1.083131458171348260e+00
-1.086539649896959947e+00
-1.077583123956511901e+00
-1.086596693404655145e+00
-1.086169344865421937e+00
-1.083484538391868757e+00
-1.084724826299290346e+00
-1.086942649473141120e+00
-1.075426119406412528e+00
-1.075994565876837061e+00
-1.084378598284612583e+00
-1.066478292018811391e+00
-1.082996094393248843e+00
-1.076386574915315197e+00
-1.082507533746476458e+00
-1.057225806199650453e+00
-1.080026478067676710e+00
-1.086906076435635971e+00
-1.085980038650970148e+00
-1.060185275532941507e+00
-1.086943943080197261e+00
-1.086548900724093603e+00
-1.081337957204024480e+00
-1.086566278737674640e+00
-1.086615590405355380e+00
-1.086666948654393838e+00
-1.084348312140147375e+00
-1.073978163794319318e+00
-1.060642554917077707e+00
-1.086586605318526910e+00
-1.086440520853440450e+00
-1.081632880986373113e+00
-1.086287200477610515e+00
-1.073987329871098684e+00
-1.083183606647591279e+00
-1.051910852574448274e+00
-1.081460799117277549e+00
-1.076194009304682897e+00
-1.044225010581950830e+00
-1.086673576877157377e+00
-1.083469623260836290e+00
-1.083161132436881946e+00
-1.080305667155127214e+00
-1.081472033195833848e+00
-1.086099171572069810e+00
-1.086604916982989000e+00
-1.067891380310694860e+00
-1.082750578670467423e+00
-1.082181883071254180e+00
-1.070697923683266328e+00
-1.083679212749640630e+00
-1.084525183801244186e+00
-1.086272440411786722e+00
-1.086926780202130960e+00
-1.086615812525789426e+00
-1.083952562444548295e+00
-1.084401884608606981e+00
-1.078184537150602029e+00
-1.086438909665386365e+00
-1.083336213863159703e+00
-1.086448613115291284e+00
-1.056800402261953042e+00
-1.084800344452898191e+00
-1.076062875826548026e+00
-1.077612466205547737e+00
-1.073339674648533748e+00
-1.086351008181165145e+00
-1.086517693967263387e+00
-1.071213291519026445e+00
-1.082312775802503513e+00
-1.072489721261601137e+00
-1.064270216532687829e+00
-1.082308750160674737e+00
-1.074467801515649246e+00
-1.086082302526275800e+00
-1.086947469533126043e+00
-1.086079974219839261e+00
-1.086916665107648061e+00
-1.086921638835857795e+00
-1.080500001580159353e+00
-1.071006938376168893e+00
-1.086649037924300121e+00
-1.084292517536024736e+00
-1.086487836696843789e+00
-1.086075451717416929e+00
-1.086166656602810310e+00
-1.069029608302454637e+00
-1.066751567207913087e+00
-1.083347340141127990e+00
-1.086203478769104169e+00
-1.074457373962442563e+00
-1.079589752739931630e+00
-1.086910751209299253e+00
-1.084765556760768579e+00
-1.085967329823116945e+00
-1.086559775312136100e+00
-1.086331971482078718e+00
-1.078910303794483827e+00
-1.086542881586293863e+00
-1.086152728673706935e+00
-1.079175794523845600e+00
-1.075248145525048660e+00
-1.084647900451610969e+00
-1.086539070614318536e+00
-1.086558833279351877e+00
-1.084503206916789697e+00
-1.086556086809079336e+00
-1.086358588681261228e+00
-1.079697872538755821e+00
-1.083739574559669183e+00
-1.082014800774569796e+00
-1.086781385847072290e+00
-1.049102851682047532e+00
-1.085926781900863336e+00
-1.086907185175161050e+00
-1.086164068457375453e+00
-1.072608399231623100e+00
-1.086613022283355878e+00
-1.084421691977123903e+00
-1.081359880537430929e+00
-1.081356448148082183e+00
-1.063684615798930810e+00
-1.078775774248580621e+00
-1.070733677156905816e+00
-1.086417340234558271e+00
-1.066374007173518823e+00
-1.086580190368632959e+00
-1.086911447372923778e+00
-1.085899639435748742e+00
-1.065935046904425310e+00
-1.086919518214355396e+00
-1.086674481191377328e+00
-1.078355561037252830e+00
-1.047908242352943109e+00
-1.086557358064393686e+00
-1.084486702018122362e+00
-1.086957474731545137e+00
-1.086905279689173387e+00
-1.086624147397170947e+00
-1.083755838711450981e+00
-1.086197396301369356e+00
-1.086412277565042661e+00
-1.083061291862915443e+00
-1.083140669882933782e+00
-1.085036736008416103e+00
-1.086908922091762708e+00
-1.083738377810160802e+00
-1.080701469004790471e+00
-1.081367362317334102e+00
-1.076877107870469974e+00
-1.083491482798646377e+00
-1.082296527250374840e+00
-1.082327443434561776e+00
-1.086161821641664194e+00
-1.084227095850448297e+00
-1.073649679802994417e+00
-1.086135811664800332e+00
-1.063737581976394342e+00
-1.082903074592988180e+00
-1.054961761020760225e+00
-1.083865414865951227e+00
-1.086907406829933809e+00
-1.084826912291984247e+00
-1.083894636043052362e+00
-1.086627827052663253e+00
-1.086073168580125259e+00
-1.086918239974121736e+00
-1.083557660718153404e+00
-1.081985337220768617e+00
-1.068564413607756780e+00
-1.084953637354712175e+00
-1.084024722714613365e+00
-1.086464811608831571e+00
-1.085864821009974168e+00
-1.086167237748096870e+00
-1.086646016248206781e+00
-1.086497682639102624e+00
-1.084693166919688867e+00
-1.086618122205774473e+00
-1.076961351119618104e+00
-1.074076599933843301e+00
-1.083623318494002508e+00
-1.086661683887879537e+00
-1.086890864212702201e+00
-1.081293852095197128e+00
-1.078634612754623578e+00
-1.084177185342352079e+00
-1.068844362654428171e+00
-1.080168494981418537e+00
-1.072240412727634595e+00
-1.083453903467099355e+00
-1.079347563002894805e+00
-1.057136088170747446e+00
-1.056316619299988435e+00
-1.072574847870211290e+00
-1.084836950086693452e+00
-1.086624810964505361e+00
-1.083890061386565851e+00
-1.073141914353410886e+00
-1.083593682878355668e+00
-1.070851437308530496e+00
-1.086238173328976320e+00
-1.058151874252299951e+00
-1.084847821415106939e+00
-1.076108303879092620e+00
-1.079950480282942937e+00
-1.084547170930246995e+00
-1.086667526074390100e+00
-1.086484130498658107e+00
-1.071777032249312089e+00
-1.080080541808794425e+00
-1.086964838699142621e+00
-1.062162672661881135e+00
-1.070651242070536302e+00
-1.086610026218633340e+00
-1.083216200609396385e+00
-1.078398332957814620e+00
-1.083912291125099348e+00
-1.061838622697333978e+00
-1.056431531467179941e+00
-1.076496030696372674e+00
-1.075007596545557664e+00
-1.065339133635799573e+00
-1.070568386957685636e+00
-1.086914534241597341e+00
-1.078420051865915941e+00
-1.083510529276619838e+00
-1.076511327203999446e+00
-1.060230498694519685e+00
-1.086934227523098873e+00
-1.086912067633758472e+00
-1.052336310528855012e+00
-1.071309617281596349e+00
-1.079865146920721219e+00
-1.086210208506028341e+00
-1.078057121046523736e+00
-1.085900754694531845e+00
-1.086508099482099698e+00
-1.086553133119533943e+00
-1.086545167983214544e+00
-1.083951148696880029e+00
-1.076169483856002973e+00
-1.078877009245271967e+00
-1.053279991754035638e+00
-1.086899657294790433e+00
-1.080707403857897209e+00
-1.079932559541131543e+00
-1.056279485606293367e+00
-1.086034353383521722e+00
-1.069445687838534997e+00
-1.086401601348708557e+00
-1.075192817047874616e+00
-1.086888370596508668e+00
-1.086535890613387512e+00
-1.076281839309896515e+00
-1.044829133459071802e+00
-1.086926197659860538e+00
-1.086036386460702108e+00
-1.081638824919874953e+00
-1.086268331882248805e+00
-1.059090051361064599e+00
-1.086199384675066160e+00
-1.074914652415256189e+00
-1.084180564180652784e+00
-1.069784652002792047e+00
-1.086930769522379325e+00
-1.086225247968624519e+00
-1.081086385090540336e+00
-1.082695954971651719e+00
-1.086934912976513790e+00
-1.086936557226519273e+00
-1.083391032674054788e+00
-1.086899972081820653e+00
-1.081445014596621679e+00
-1.086633054100613283e+00
-1.085979064487557100e+00
-1.078883318257223056e+00
-1.078228144234682606e+00
-1.072104570016901182e+00
-1.071323272333185361e+00
-1.086003287256400274e+00
-1.081860591684173034e+00
-1.081595165681730197e+00
-1.080213250619064258e+00
-1.086927157387773679e+00
-1.086586008340756582e+00
-1.085159956038634466e+00
-1.063741217859725641e+00
-1.072251757167915986e+00
-1.086559650514911102e+00
-1.086578671381513761e+00
-1.062325574018697427e+00
-1.082751775652806447e+00
-1.086933856856714176e+00
-1.068635368280749010e+00
-1.086539464098106311e+00
-1.084258804590146230e+00
-1.077621568486730741e+00
-1.051525255226235078e+00
-1.086228990488390611e+00
-1.084234328967224048e+00
-1.083872622837017463e+00
-1.086535973035435365e+00
-1.086363919106017040e+00
-1.086904930908869193e+00
-1.071539863505105661e+00
-1.085962221518795179e+00
-1.086175524190704511e+00
-1.086954578783999370e+00
-1.079933917176614688e+00
-1.085706616312901662e+00
-1.083228258442769931e+00
-1.058208826490382837e+00
-1.081893162362913774e+00
-1.079064986695240425e+00
-1.086576011989901946e+00
-1.081069673438261436e+00
-1.064980566062669443e+00
-1.074375579626004384e+00
-1.086913691860328601e+00
-1.060913422637324022e+00
-1.059206459232310937e+00
-1.081528906271497892e+00
-1.075025403433184312e+00
-1.063189580597619699e+00
-1.067570019074420617e+00
-1.045121546395759271e+00
-1.086013083838562654e+00
-1.084017701939384626e+00
-1.059422997318844484e+00
-1.086619857725392269e+00
-1.078018906552980827e+00
-1.086597651735584424e+00
-1.086929343201856302e+00
-1.077170329660813497e+00
-1.086623878710608171e+00
-1.086272456244270490e+00
-1.083806706153492616e+00
-1.078598747987936424e+00
-1.086351925068239854e+00
-1.048259075292091058e+00
-1.086735177346210168e+00
-1.073423750725279735e+00
-1.075707622364799665e+00
-1.086375271928201602e+00
-1.083825599894563840e+00
-1.084312916294376539e+00
-1.086900001884143041e+00
-1.083760968901853250e+00
-1.083951981299261735e+00
-1.084963891216258691e+00
-1.086539901354055093e+00
-1.074241481282453226e+00
-1.075001922928433107e+00
-1.080091029432307170e+00
-1.086916257188360380e+00
-1.084046885863582776e+00
-1.077135587603490041e+00
-1.051911059328059839e+00
-1.075108779155354188e+00
-1.084236138992647813e+00
