-7.942141176703625405e-01
-7.918919340162158260e-01
-7.906884519227499464e-01
-7.781980080657524557e-01
-8.107713299195307144e-01
-8.046773152908398563e-01
-7.776808878349146248e-01
-7.914568833423354377e-01
-7.821957861644378562e-01
-8.078725125594284906e-01
-8.048411315779941955e-01
-8.107181547413127021e-01
-8.101779223580819478e-01
-8.089599607282550453e-01
-8.044845272659753022e-01
-8.044428835615164974e-01
-7.718332848419302561e-01
-8.066470439426424166e-01
-8.107830150831054628e-01
-7.922019196207351621e-01
-8.101428655022928638e-01
-8.100226772930183561e-01
-8.094176292159350750e-01
-7.669640061166154155e-01
-8.104195308536452647e-01
-8.070004812721996990e-01
-8.101763409863559362e-01
-8.070822317794115186e-01
-8.102706871154314872e-01
-8.107273860518726671e-01
-8.095990436219399067e-01
-8.103825015804440035e-01
-8.107645039380094731e-01
-8.039823485421393467e-01
-7.393286193599030165e-01
-7.744758496002722703e-01
-7.907797896292353412e-01
-7.954433973080686782e-01
-7.757852971144401089e-01
-8.105724302975798601e-01
-8.077731932343629184e-01
-8.079489182429161476e-01
-8.031428682317310885e-01
-8.078779350990428210e-01
-8.100481518665140213e-01
-8.101964922021461790e-01
-8.052728078225923625e-01
-8.094678193895546991e-01
-8.085588587920615744e-01
-8.065760291808081739e-01
-7.776650381486733821e-01
-8.107653518903308321e-01
-8.042234776690676545e-01
-8.091916476798106661e-01
-8.095998738122704985e-01
-8.107742083432025737e-01
-8.102362695131110071e-01
-7.990235910878190628e-01
-8.031402318188340939e-01
-7.700436115632245393e-01
-8.055643274839796586e-01
-7.992373449498023641e-01
-7.985855861983259807e-01
-8.107520020640839320e-01
-7.749906744649514012e-01
-7.643737963301593386e-01
-8.100136241613083987e-01
-7.797613486346073319e-01
-7.718711533304560835e-01
-7.994361960937635958e-01
-7.609815835311273258e-01
-7.875520397398590999e-01
-8.103317721562535159e-01
-8.107306240982707912e-01
-7.756836194212611835e-01
-8.103817541180544648e-01
-8.103072898919800870e-01
-8.080892379629982525e-01
-8.107186328129241115e-01
-8.059511268196962730e-01
-8.103015881915477392e-01
-7.558856051102561535e-01
-7.965167636722515487e-01
-8.096840803175100465e-01
-8.075216850847484196e-01
-7.821433360426569559e-01
-8.050372564091605732e-01
-8.047821404964881076e-01
-8.098228822338101596e-01
-8.103934694386016879e-01
-8.070933403424823682e-01
-7.803436473900084991e-01
-7.468148636771496651e-01
-8.107146666861351214e-01
-7.992971349876833997e-01
-8.059552162244139062e-01
-7.773714627439404223e-01
-7.934997933082548194e-01
-7.830931113162991064e-01
-7.577396653661440107e-01
-8.058276757730653550e-01
-8.019137049329124745e-01
-8.104358400745047541e-01
-7.708854269407381388e-01
-8.102056575457726728e-01
-8.101722325846683059e-01
-8.063376843386160786e-01
-8.096271440303208777e-01
-7.570890038797782884e-01
-8.056718640794456876e-01
-8.099371242098791779e-01
-8.102855115144835807e-01
-7.813171040815921620e-01
-7.915700007002912653e-01
-8.075343605875530129e-01
-8.101489903733586351e-01
-7.913189025773599283e-01
-8.107413048626913588e-01
-8.089089117403411855e-01
-7.309377987576490820e-01
-8.107948811735660177e-01
-8.107502964204374996e-01
-8.024225912843981900e-01
-7.805507391353346813e-01
-7.604790881305293349e-01
-8.070904002838537039e-01
-8.102648732070900639e-01
-7.804407519788526537e-01
-8.000856449291103845e-01
-8.107515600934428468e-01
-7.912124459600536897e-01
-8.064046751356998000e-01
-8.094599212888963224e-01
-7.784088574120745507e-01
-7.968029229909633360e-01
-8.103183656090456877e-01
-8.094182622334298305e-01
-7.669882200561227714e-01
-7.451385770841950640e-01
-7.864477953405097921e-01
-7.845899916806279295e-01
-8.097268687520633446e-01
-7.788854454775320235e-01
-8.039103450610830537e-01
-8.107542220032929459e-01
-8.036720061948916527e-01
-7.988343874770856834e-01
-8.107409794739433018e-01
-7.940664162782321567e-01
-8.077593179825073300e-01
-8.054384654072892502e-01
-7.973757951529254484e-01
-8.074034326799274242e-01
-8.070495662067205256e-01
-8.107576877594973030e-01
-8.051781467587766361e-01
-7.953197777335694330e-01
-8.107505514842413552e-01
-7.920295369764582816e-01
-8.104806899194321179e-01
-8.107437163497431820e-01
-7.871008009819855378e-01
-7.854038199086752492e-01
-7.327511059963327522e-01
-7.620564706900767593e-01
-7.917470196728306764e-01
-8.021264933596854441e-01
-8.099571921877296576e-01
-8.107386817687936009e-01
-8.104218703197455520e-01
-8.097107871290287751e-01
-8.099118147982431459e-01
-8.066169309168745860e-01
-7.883235476389570673e-01
-7.873568545479254777e-01
-7.860914925872748427e-01
-8.058964336937119999e-01
-8.107381684412168221e-01
-7.829410227096864627e-01
-8.102987069328695391e-01
-8.019690420743905701e-01
-7.777809608923929030e-01
-8.107390566715018121e-01
-8.056166047399185848e-01
-7.914370285433061092e-01
-8.107623866297095638e-01
-7.472997477299379021e-01
-8.012531115885646038e-01
-7.906475357236830703e-01
-8.100062247192543197e-01
-7.886193693219011314e-01
-8.096625419988434658e-01
-8.096246243083707883e-01
-8.025818552132018002e-01
-7.875028560934388411e-01
-8.107613224455663126e-01
-8.102529542256896589e-01
-7.839878320512324583e-01
-8.101902776991424249e-01
-7.996156847143288671e-01
-8.107401766325796899e-01
-7.962419210744564602e-01
-8.013777175572783795e-01
-8.104030723868718145e-01
-8.099282108860368368e-01
-7.802533966476196126e-01
-8.106809993002088710e-01
-7.773857012394738142e-01
-7.647061975206468354e-01
-8.013368469771783298e-01
-8.102346887163841549e-01
-8.011683120598044328e-01
-8.070704105879397128e-01
-7.650563279798678895e-01
-8.037157003457179316e-01
-7.677076640881390635e-01
-7.949612663400817958e-01
-7.785973335263975947e-01
-8.079030803878307632e-01
-8.057971264986526494e-01
-8.017149777388536958e-01
-7.967660597756153207e-01
-7.753744640320834325e-01
-8.071781945391912627e-01
-8.102663759358957885e-01
-8.066954741106833193e-01
-8.099170805420067287e-01
-8.071439809037118662e-01
-8.097112328456480546e-01
-7.900171311530187479e-01
-8.009652603022104911e-01
-8.098119940805774686e-01
-7.753019904474069968e-01
-7.958936249407393415e-01
-8.107393415612508258e-01
-8.102759530262008125e-01
-8.040883398848407415e-01
-8.047613404202159648e-01
-7.917215364273384459e-01
-8.102872592650858241e-01
-8.044210959760471624e-01
-7.827894766126457515e-01
-7.963491182141733127e-01
-8.062630462756730232e-01
-8.054621789602108839e-01
-7.883322331699733621e-01
-7.726319826531484747e-01
-7.811477374868934787e-01
-8.058434369073643744e-01
-7.984579792160156897e-01
-7.936843791406793525e-01
-8.074727625091405736e-01
-8.098713865547702007e-01
-8.107976185243774836e-01
-8.036841084471428864e-01
-7.685920478014146573e-01
-8.013089792736013406e-01
-8.095750574642592845e-01
-8.107485179678768361e-01
-8.027108275464190923e-01
-8.079904357585255825e-01
-8.052753966385152173e-01
-7.573429837613818716e-01
-8.102592189586529381e-01
-7.444270622768008883e-01
-8.107230776863397770e-01
-8.093299211895218503e-01
-8.107553463993758536e-01
-8.071187960679943041e-01
-7.989165692859488965e-01
-8.101589784353395718e-01
-8.094795687971118037e-01
-7.398113452984380611e-01
-7.592159764120339771e-01
-7.873254127962319160e-01
-8.107285384589489885e-01
-8.062342272408635768e-01
-8.015903815181247838e-01
-7.973541842733238294e-01
-7.300325343821892909e-01
-8.098210754652629406e-01
-8.107197965019888874e-01
-8.107490923334128574e-01
-8.107603809353340907e-01
-8.107323487288827790e-01
-8.102458528504175028e-01
-7.980576726241702668e-01
-7.503936413560590157e-01
-8.107502875044407809e-01
-8.107364386156038494e-01
-8.107574155777095282e-01
-8.096414678438065282e-01
-8.107511809337344388e-01
-7.281381718347260668e-01
-8.065239469487127666e-01
-8.107809489567776584e-01
-7.679054848509204723e-01
-8.056701940057958700e-01
-8.099356074400781980e-01
-8.100713593198346496e-01
-8.096093715336231122e-01
-8.107152811526245895e-01
-7.790865517266843954e-01
-8.071924186717399641e-01
-8.093958403984707894e-01
-8.107453500484375075e-01
-7.950505023722698184e-01
-8.103405268332256606e-01
-8.103581593840399888e-01
-8.079075712801917497e-01
-8.073199344541162059e-01
-7.941908938370555449e-01
-8.107380925212644973e-01
-7.767972878680347026e-01
-7.865946814902978756e-01
-8.104276609551025468e-01
-8.102652848777689432e-01
-8.094462641928971136e-01
-7.889097574491840126e-01
-8.094541978045202146e-01
-8.107547412918636454e-01
-8.095418601819814874e-01
-7.336435694750934600e-01
-7.989598127881405443e-01
-8.068935598192613634e-01
-8.047973268532500057e-01
-7.251772651655865598e-01
-7.924969770062719743e-01
-8.023442248054669657e-01
-8.013851049893224721e-01
-8.107791666602122138e-01
-8.066210360195718021e-01
-7.686555753562773763e-01
-8.091930306587001853e-01
-8.103623216496838033e-01
-7.890225506594246152e-01
-7.840359611965224129e-01
-7.865258930696573669e-01
-8.054545564413411185e-01
-8.052586566379968946e-01
-8.034175504936688084e-01
-8.063063347158481164e-01
-8.103761369495726674e-01
-7.854204717502943911e-01
-8.104897374761430573e-01
-8.079124536022728176e-01
-8.070857416555947683e-01
-8.107678243753526637e-01
-8.080707420598844948e-01
-7.938356104749879627e-01
-8.097241828402411690e-01
-8.066924196781289913e-01
-8.103625848394749864e-01
-8.107325061117551801e-01
-7.616298645114154553e-01
-7.637990864886501363e-01
-8.048918707331732536e-01
-8.100611867260180121e-01
-8.102300705311050733e-01
-7.932309737205882616e-01
