-8.057984954177961345e-01
-8.088287203538790937e-01
-7.982520884800330396e-01
-7.958747865598276849e-01
-7.867344832013920541e-01
-7.951475246775523420e-01
-8.063768069225922819e-01
-8.064130474779382940e-01
-8.078591525520757433e-01
-8.013149725705013271e-01
-7.891687927733734842e-01
-8.088619420270994897e-01
-8.085441952537373300e-01
-8.075903071988002058e-01
-7.942144665833190675e-01
-7.899526925723627802e-01
-8.088698824833706613e-01
-8.079286832328513857e-01
-7.909056162427738901e-01
-8.078085528652743097e-01
-8.015121598694101568e-01
-8.076986111666635271e-01
-8.038669344935194250e-01
-7.976190498996154066e-01
-8.073372011970356699e-01
-7.895872397314385172e-01
-8.067965973134711977e-01
-8.051496793016419407e-01
-7.992919827777520414e-01
-8.077792813967541452e-01
-8.018800329848752018e-01
-7.970437216538563963e-01
-8.080226834829524751e-01
-8.005927544984594579e-01
-7.733357222716883417e-01
-8.088828166912869211e-01
-7.986495518091694112e-01
-7.761355573277548547e-01
-8.067018697004393335e-01
-8.087557991932705637e-01
-8.083813358064368959e-01
-8.083377983387187715e-01
-8.088658326271549459e-01
-8.037668114959821697e-01
-7.853285176645592447e-01
-8.050796438440308567e-01
-8.082172982360795732e-01
-7.860153196345642801e-01
-7.832521358470991846e-01
-8.066183701123670335e-01
-8.085209084640816446e-01
-8.075424861129001375e-01
-8.081937916542962785e-01
-8.074126457761601205e-01
-8.049463066238538023e-01
-8.072729129310325380e-01
-7.910035671632364984e-01
-8.043713106274232860e-01
-8.088552961092070337e-01
-7.944177635911480184e-01
-8.035084579571709629e-01
-7.938595414127782579e-01
-8.088338295895234342e-01
-7.977946852299944158e-01
-8.033773398458585735e-01
-8.048719086184725757e-01
-7.927742218564823862e-01
-8.022972771398351188e-01
-8.088500518317893739e-01
-8.053670797928795810e-01
-7.888447316329554315e-01
-8.044780744205788370e-01
-7.967481506023184057e-01
-7.744954833726958032e-01
-7.898256210576370950e-01
-8.086506603251770731e-01
-8.070282395895198579e-01
-8.018003758009151216e-01
-8.083525942604616876e-01
-8.025937932509557005e-01
-7.978455410305038686e-01
-8.054920176475868221e-01
-8.036180925521627660e-01
-7.894520526717976328e-01
-8.060282091576234098e-01
-8.088949918713048692e-01
-7.908510388772562738e-01
-8.088707709651068445e-01
-8.065523281659559007e-01
-8.062989115681127306e-01
-8.083851141821221109e-01
-8.000963483903185125e-01
-7.909381175379828210e-01
-7.989280116710439916e-01
-8.079961272853986021e-01
-7.849067421596125360e-01
-8.078140094842389818e-01
-8.021834113135561939e-01
-7.800576472621039148e-01
-7.869773320819810625e-01
-7.811318067799881693e-01
-8.079665261286870237e-01
-8.066155156086758371e-01
-8.068551765720919366e-01
-8.088765130344406362e-01
-8.043272786274180408e-01
-8.007759898867086168e-01
-8.082074783708528276e-01
-7.896484611522034402e-01
-7.956454837660864587e-01
-8.066307562369481321e-01
-8.079736661132053133e-01
-8.070714808966592546e-01
-8.086874126422778364e-01
-8.088499503176287408e-01
-8.062874921563640829e-01
-8.085707477260009046e-01
-7.989580803516880270e-01
-8.072411231662706133e-01
-8.081795452128723856e-01
-8.088381560485438104e-01
-7.864331798594073053e-01
-8.088123770396784540e-01
-8.086234126206115480e-01
-7.888696929406002756e-01
-7.884007347713783975e-01
-8.088853144984320398e-01
-7.905935011770204301e-01
-8.088646633516625162e-01
-8.089041206951812502e-01
-8.036376938655600544e-01
-8.086474286358431574e-01
-7.878641160171107050e-01
-8.088224949281290765e-01
-8.085495913367346521e-01
-8.088331874426082369e-01
-8.076684633236006494e-01
-8.065638551454619165e-01
-8.086977070163563486e-01
-8.088229903917387720e-01
-7.987567533239350315e-01
-8.072317438166216608e-01
-8.063142020221427675e-01
-8.083854252438620325e-01
-7.997997696477547880e-01
-8.079717177863792177e-01
-8.042867837905511852e-01
-8.077919837053493257e-01
-8.086317498202995058e-01
-8.035831761046872135e-01
-8.086372604559735056e-01
-8.084160522523895498e-01
-8.085874039645866151e-01
-8.033790721058473583e-01
-8.050437550957874056e-01
-7.821843875538185831e-01
-7.851245040040091272e-01
-8.084454238380864854e-01
-8.016801408923790451e-01
-8.084586132283881899e-01
-7.938274992595986124e-01
-8.031338846742734905e-01
-8.088466124575213190e-01
-8.075213152881339784e-01
-8.048445577699319120e-01
-8.088904973085597749e-01
-7.954015624675527807e-01
-8.088637529838458295e-01
-8.085020803812519308e-01
-8.088371423039213415e-01
-8.002856874338910576e-01
-8.088873801719025369e-01
-8.080604970421270128e-01
-8.054081781267747875e-01
-8.017759988981858488e-01
-8.012963843032345768e-01
-8.024429981562868353e-01
-8.085402697290853258e-01
-8.008119168191776271e-01
-8.064418695833162065e-01
-8.055617944303528066e-01
-8.088087374310568567e-01
-8.052762248519436117e-01
-8.029372843414173122e-01
-8.086282922852412458e-01
-8.084655227105692621e-01
-8.065869524109736677e-01
-7.885741731118038889e-01
-7.526878016035631891e-01
-8.088295357267931696e-01
-8.078725608031824823e-01
-8.013189856394753452e-01
-8.077982892248407598e-01
-8.085372159223631616e-01
-8.088911306079105135e-01
-8.083171388100460764e-01
-8.088764175738767381e-01
-8.063858766074851747e-01
-8.083896879072860475e-01
-8.084904001991823908e-01
-8.077320554259792562e-01
-8.083699438687041994e-01
-8.078866908292845483e-01
-8.084497079219297166e-01
-7.946651065688208337e-01
-8.027479597333446737e-01
-8.073742464150861498e-01
-7.985048950615898367e-01
-8.064219141345099207e-01
-8.088562162559107538e-01
-8.034356411046907898e-01
-8.081450918655470606e-01
-8.080920511822775598e-01
-8.084607841413096185e-01
-8.060305770452693697e-01
-7.901241835172847505e-01
-8.046579689219222065e-01
-8.034297397791967388e-01
-8.088547978516296144e-01
-8.088421914692596193e-01
-8.077586172114685770e-01
-8.084781570326164957e-01
-8.085937919061259027e-01
-7.904601097073034044e-01
-8.088993066887930627e-01
-8.088436918299273248e-01
-8.088913010399416681e-01
-7.902382789145783182e-01
-8.083773860673979517e-01
-8.082421831752732988e-01
-8.057783287915960546e-01
-8.068304797600582834e-01
-7.960890931974724527e-01
-8.086643628742173906e-01
-8.034035314306244846e-01
-7.828117003630474802e-01
-7.969392407651618715e-01
-8.085974296521023508e-01
-8.050352123066411014e-01
-7.889949893544987436e-01
-8.087983764674142595e-01
-8.084708023782447572e-01
-7.948225331458822485e-01
-7.752850735526159998e-01
-8.059736539110169407e-01
-8.083641249652580019e-01
-8.020375729504600759e-01
-7.894416395540908571e-01
-8.012352394837514158e-01
-8.068996854092553850e-01
-8.076151465031877752e-01
-8.050740633591637607e-01
-7.988905520144478078e-01
-8.084171768243983980e-01
-8.072001389193907972e-01
-8.054545363377407785e-01
-8.030903371948376890e-01
-8.027603344492242332e-01
-8.081356771256402727e-01
-8.054885524291173216e-01
-7.933532400022820230e-01
-8.004691651988402601e-01
-8.057190678048506971e-01
-8.076313184540346857e-01
-8.087129658054188486e-01
-8.086368339102343317e-01
-7.986471194274351593e-01
-8.088577603887394663e-01
-7.992128818261996503e-01
-8.086892133544758554e-01
