-8.057992244489552425e-01
-8.088285404920314559e-01
-7.982476517992777021e-01
-7.958731185352517778e-01
-7.867351387002737839e-01
-7.951405349038197512e-01
-8.063800533695031358e-01
-8.064136624704799639e-01
-8.078592639060715452e-01
-8.013157980361130805e-01
-7.891755593692959536e-01
-8.088611429777869954e-01
-8.085447667603991029e-01
-8.075914439146066881e-01
-7.942099935426849555e-01
-7.899527154278541685e-01
-8.088694636701004859e-01
-8.079274798331704810e-01
-7.909064981272696526e-01
-8.078076351696396040e-01
-8.015049848138469102e-01
-8.076965293110466293e-01
-8.038669054030254113e-01
-7.976175822393529735e-01
-8.073371054613105446e-01
-7.895826111907110478e-01
-8.067980596761039624e-01
-8.051478666591505018e-01
-7.992842308390746275e-01
-8.077794720673098228e-01
-8.018808902333223187e-01
-7.970395678595066924e-01
-8.080227867514768736e-01
-8.005933823154848250e-01
-7.733412846663317852e-01
-8.088818807001189048e-01
-7.986488519364055572e-01
-7.761475487319179356e-01
-8.067015091558178419e-01
-8.087555601537711469e-01
-8.083806149915008232e-01
-8.083387437311960744e-01
-8.088656315941962216e-01
-8.037660642041922765e-01
-7.853391457717460167e-01
-8.050800758277141256e-01
-8.082184041810448472e-01
-7.860273446879050274e-01
-7.832370401284507455e-01
-8.066193220479586090e-01
-8.085201262592384142e-01
-8.075416005077318271e-01
-8.081962041049309819e-01
-8.074116411683245342e-01
-8.049469118538749024e-01
-8.072728164610432078e-01
-7.910121199082660315e-01
-8.043694072096442271e-01
-8.088547615279280123e-01
-7.944140114245161755e-01
-8.035096726675363676e-01
-7.938707631676942267e-01
-8.088337339728610687e-01
-7.977931281120697049e-01
-8.033812360608849623e-01
-8.048713836016535561e-01
-7.927632564939938176e-01
-8.022973180801977744e-01
-8.088495340521464350e-01
-8.053673771845035745e-01
-7.888430712608572870e-01
-8.044781306811268351e-01
-7.967528979522161547e-01
-7.744807908172739452e-01
-7.898338256755229603e-01
-8.086510590998737813e-01
-8.070281694369341174e-01
-8.018020626837798481e-01
-8.083511513032161089e-01
-8.025896896789112001e-01
-7.978425459432966216e-01
-8.054941611054665662e-01
-8.036205215873182262e-01
-7.894529922360157270e-01
-8.060289388830824686e-01
-8.088944446100028163e-01
-7.908492454003551719e-01
-8.088701494725505370e-01
-8.065545325450879099e-01
-8.062990516167023447e-01
-8.083831292154747272e-01
-8.000995311349248240e-01
-7.909163612733233206e-01
-7.989221922154345901e-01
-8.079963923397396330e-01
-7.849067860236995653e-01
-8.078132251881345871e-01
-8.021828080933657290e-01
-7.800597322784897925e-01
-7.869805444177725429e-01
-7.811303264129093593e-01
-8.079672941341361492e-01
-8.066149619004716609e-01
-8.068543280578370780e-01
-8.088761111957457617e-01
-8.043241692560423317e-01
-8.007777455521308818e-01
-8.082062850308221469e-01
-7.896515287822326590e-01
-7.956408713111671194e-01
-8.066306124808615419e-01
-8.079751700358088762e-01
-8.070697758674308941e-01
-8.086867774411148346e-01
-8.088491316534744957e-01
-8.062884468792416159e-01
-8.085701487359829853e-01
-7.989587193920307806e-01
-8.072409520106871295e-01
-8.081774839799771293e-01
-8.088374089949025292e-01
-7.864421457950793171e-01
-8.088118567734727815e-01
-8.086225624178079441e-01
-7.888650619721699897e-01
-7.884051525012958361e-01
-8.088849878635987478e-01
-7.906011585980029510e-01
-8.088640490164525909e-01
-8.089034952887224073e-01
-8.036340859774033785e-01
-8.086465802694777771e-01
-7.878555430286104944e-01
-8.088220158212864330e-01
-8.085490037749931691e-01
-8.088327983616065975e-01
-8.076668287309602956e-01
-8.065648079308226359e-01
-8.086977708462759207e-01
-8.088227281337235786e-01
-7.987578236407102406e-01
-8.072320357998551410e-01
-8.063167387634733174e-01
-8.083852165178062599e-01
-7.997985886361098640e-01
-8.079724842009528007e-01
-8.042866512132499368e-01
-8.077917347334356846e-01
-8.086302327226277953e-01
-8.035777953776991334e-01
-8.086362184828107535e-01
-8.084158753231461825e-01
-8.085870234024027381e-01
-8.033796438081719504e-01
-8.050459935861463689e-01
-7.821846197824330327e-01
-7.851165933648552864e-01
-8.084448353008433230e-01
-8.016793385995444332e-01
-8.084593070371852708e-01
-7.938291287991910972e-01
-8.031331432335615528e-01
-8.088462049468141402e-01
-8.075210837412472031e-01
-8.048417311095260596e-01
-8.088899876245718712e-01
-7.953983725203126465e-01
-8.088638467466137127e-01
-8.085023604875379855e-01
-8.088370889261540242e-01
-8.002928963163065124e-01
-8.088866813872432893e-01
-8.080602505553458048e-01
-8.054085003384118258e-01
-8.017702707133570472e-01
-8.012975243598072783e-01
-8.024420292787540765e-01
-8.085391810708962845e-01
-8.008085881743023382e-01
-8.064414161211256316e-01
-8.055612190594997335e-01
-8.088080661955046047e-01
-8.052764751446439551e-01
-8.029364158888733227e-01
-8.086276098317459748e-01
-8.084641525732763068e-01
-8.065854819951988608e-01
-7.885868534320641388e-01
-7.527168103794056320e-01
-8.088295051002558633e-01
-8.078732339448487787e-01
-8.013147529669467639e-01
-8.077981819202397773e-01
-8.085363679411609050e-01
-8.088906032310835270e-01
-8.083166856279718759e-01
-8.088757430820405769e-01
-8.063874581455688917e-01
-8.083895507173165518e-01
-8.084913493673954177e-01
-8.077322085383340511e-01
-8.083690537478155358e-01
-8.078858401367094988e-01
-8.084508263750005419e-01
-7.946592485391417160e-01
-8.027446997441765042e-01
-8.073753237825421758e-01
-7.985024107592424425e-01
-8.064194660398077419e-01
-8.088558330340661628e-01
-8.034354349742693913e-01
-8.081449893771457393e-01
-8.080915174771736709e-01
-8.084600746275574235e-01
-8.060297273474497093e-01
-7.901224862972267005e-01
-8.046571869050385128e-01
-8.034309845888656376e-01
-8.088538327016691065e-01
-8.088412483478102377e-01
-8.077585222331635784e-01
-8.084779811481676015e-01
-8.085940804277077509e-01
-7.904666753862210626e-01
-8.088989813733458156e-01
-8.088433391731235655e-01
-8.088907052830144329e-01
-7.902408211749892830e-01
-8.083781930704500018e-01
-8.082413884825452310e-01
-8.057779218801069954e-01
-8.068298454535265396e-01
-7.960943351942126878e-01
-8.086640101774469347e-01
-8.034014158386512117e-01
-7.828173540042226985e-01
-7.969433352269740256e-01
-8.085971934792232085e-01
-8.050345790473342200e-01
-7.889840345604162142e-01
-8.087981585374801607e-01
-8.084705583401334827e-01
-7.948173600878980505e-01
-7.752741419898159236e-01
-8.059795355698521346e-01
-8.083634670493143881e-01
-8.020395773876246581e-01
-7.894412273204780561e-01
-8.012280866087040376e-01
-8.068999258911256911e-01
-8.076150678276035055e-01
-8.050742462674078670e-01
-7.988852433141585552e-01
-8.084158584111625911e-01
-8.071999633776727467e-01
-8.054535295491642710e-01
-8.030919631017034988e-01
-8.027690723005407314e-01
-8.081352263070050723e-01
-8.054898594509191101e-01
-7.933498932968886530e-01
-8.004593944933302563e-01
-8.057184501709702129e-01
-8.076308811118888542e-01
-8.087127925701912412e-01
-8.086355831673087691e-01
-7.986451730483612454e-01
-8.088571002100443108e-01
-7.991959035341530404e-01
-8.086887755755206575e-01
