-5.793619564131791133e-01
-5.748048004091674823e-01
-5.824009187848264713e-01
-5.823448168442542094e-01
-5.775049820871049899e-01
-5.791471543119246501e-01
-5.825082555741960544e-01
-5.761939304278189677e-01
-5.822545809999997157e-01
-5.685417538837487239e-01
-5.704004604698116321e-01
-5.768167607814962405e-01
-5.818474635810548801e-01
-5.758488158092791576e-01
-5.669002661810214061e-01
-5.786650644944006938e-01
-5.733498873517806071e-01
-5.741779970333868999e-01
-5.757826788679654140e-01
-5.781628264442975063e-01
-5.826363254667217273e-01
-5.826719345853621501e-01
-5.730797386125618953e-01
-5.826632146120960254e-01
-5.782072933719450969e-01
-5.796823891208464641e-01
-5.802642654956275958e-01
-5.823485179201657314e-01
-5.773346552954012889e-01
-5.705671197132164973e-01
-5.800001340315634746e-01
-5.728899262242908019e-01
-5.824291490347082156e-01
-5.803637298152739543e-01
-5.822102323503191013e-01
-5.819963084862525005e-01
-5.797224788323933620e-01
-5.822255758897358913e-01
-5.821751671240622539e-01
-5.767761225209528941e-01
-5.788381591767961520e-01
-5.825109191567594547e-01
-5.783962829367215175e-01
-5.736694325090343494e-01
-5.824330382377798099e-01
-5.806459615335757274e-01
-5.823757879764730472e-01
-5.804012285874182719e-01
-5.800190659568602580e-01
-5.756189719171220798e-01
-5.821422765360171336e-01
-5.784761960015589732e-01
-5.623434016809756297e-01
-5.711014804759020347e-01
-5.826525630758101482e-01
-5.761054305688435573e-01
-5.708101120174819965e-01
-5.826449625522787112e-01
-5.757113805369431514e-01
-5.814188139841849345e-01
-5.811052134589249629e-01
-5.791147219345862407e-01
-5.821711466045076389e-01
-5.730454533689612884e-01
-5.790433174327904720e-01
-5.741681250140959758e-01
-5.822693862349683780e-01
-5.767824517891699809e-01
-5.739971593351060886e-01
-5.821700020090634364e-01
-5.823804958120877284e-01
-5.827026849941308040e-01
-5.802324701429302234e-01
-5.769262768656904239e-01
-5.803705899373585719e-01
-5.792479625300461787e-01
-5.744600313113028545e-01
-5.813571492538744945e-01
-5.780007968054110545e-01
-5.720858767957384128e-01
-5.825332383022601146e-01
-5.821709873483473796e-01
-5.803997179822022456e-01
-5.785115788088137645e-01
-5.825166719363028545e-01
-5.802971057922536868e-01
-5.826768715263301868e-01
-5.788528861806685466e-01
-5.825770765871698398e-01
-5.738623904393012065e-01
-5.791306326494509715e-01
-5.823293904171282787e-01
-5.814354464740449924e-01
-5.787945201949173946e-01
-5.817829890505368251e-01
-5.819709709242875117e-01
-5.826882709146434802e-01
-5.789443327442700404e-01
-5.818537714288527507e-01
-5.821284426704937953e-01
-5.795522423789793987e-01
-5.820915120051199931e-01
-5.726891018778974551e-01
-5.823208231807643909e-01
-5.826670376912648219e-01
-5.739622012109453220e-01
-5.800751231939489383e-01
-5.787803063497836131e-01
-5.824770571992690105e-01
-5.808404440388972301e-01
-5.820690503672654170e-01
-5.721413258791858691e-01
-5.683597334057981509e-01
-5.822709108100230235e-01
-5.639415828839833278e-01
-5.682981040657455463e-01
-5.742269911200696964e-01
-5.806722192422444362e-01
-5.825227422968441982e-01
-5.768166844130451221e-01
-5.683384731740648288e-01
-5.724687956602270145e-01
-5.801742522374684352e-01
-5.822257826433474559e-01
-5.749913387329275150e-01
-5.825434735373551387e-01
-5.716545529060954589e-01
-5.826859351576263446e-01
-5.824739549637729663e-01
-5.726282711469525832e-01
-5.823721278787548083e-01
-5.823082056225235004e-01
-5.826710637987548846e-01
-5.827041630030567188e-01
-5.733680765473241348e-01
-5.826532317654187221e-01
-5.801797004745299358e-01
-5.818471329615408916e-01
-5.826696109355384845e-01
-5.818798279718453426e-01
-5.824119391248518962e-01
-5.755037328557068843e-01
-5.781023128286892909e-01
-5.796726325855547923e-01
-5.637527786523992557e-01
-5.737126570523674030e-01
-5.820412960232193011e-01
-5.792729564339811343e-01
-5.807119494632775325e-01
-5.731284374699885387e-01
-5.701607985750729579e-01
-5.737883773029739398e-01
-5.821060052470261592e-01
-5.821254959658677119e-01
-5.825903497965032596e-01
-5.769040489898020763e-01
-5.826935785219962138e-01
-5.826433960677082080e-01
-5.820912074626380939e-01
-5.736887080923611659e-01
-5.712943690226370830e-01
-5.821862051592165965e-01
-5.738789819509679813e-01
-5.723878241472835082e-01
-5.795351442278320331e-01
-5.818836659521753329e-01
-5.806420518414074916e-01
-5.803410092697436351e-01
-5.804063219905788440e-01
-5.732089866281444568e-01
-5.818699447766835231e-01
-5.758155480355913181e-01
-5.784484910176093120e-01
-5.721682075739795703e-01
-5.712319014922673244e-01
-5.786222348318392772e-01
-5.785548247725660342e-01
-5.823920227915937442e-01
-5.822915256352121371e-01
-5.823520494953686732e-01
