-1.475277174732652519e+00
-1.479970601855781887e+00
-1.489239256366160724e+00
-1.491077229849067542e+00
-1.491290675944653366e+00
-1.496684386863377902e+00
-1.453469669914809081e+00
-1.451435309371915672e+00
-1.481860637201932285e+00
-1.485069803896364782e+00
-1.464712827003565643e+00
-1.491665225944486473e+00
-1.438364534175959442e+00
-1.497221391185191486e+00
-1.456574952698317382e+00
-1.497921837962237213e+00
-1.497280968821612213e+00
-1.496400781444278572e+00
-1.497940017378893707e+00
-1.480658811985519741e+00
-1.493961998729971263e+00
-1.497919656804767463e+00
-1.493552756032911155e+00
-1.497432332954374168e+00
-1.483473234347072456e+00
-1.491331339350906227e+00
-1.477044972593900773e+00
-1.487025985497054670e+00
-1.496556893459525917e+00
-1.444305459505883071e+00
-1.496243755801585529e+00
-1.465986436701384399e+00
-1.486820877998140666e+00
-1.489866335879084680e+00
-1.496733913666573379e+00
-1.497940823904243324e+00
-1.487012768167075727e+00
-1.487133825666275833e+00
-1.496258948466745231e+00
-1.497481367087927673e+00
-1.472554465292957637e+00
-1.497519216037360046e+00
-1.497949790677991722e+00
-1.491937868765560005e+00
-1.497363273522821281e+00
-1.482297178360638235e+00
-1.497963235250678871e+00
-1.491294976792302940e+00
-1.497346882245508048e+00
-1.492221179886725757e+00
-1.496727029330101821e+00
-1.497331028341320369e+00
-1.493168442978528354e+00
-1.471647828354504917e+00
-1.497233918405142639e+00
-1.461443610957828376e+00
-1.492545845455494735e+00
-1.497897528580394599e+00
-1.488099367360589120e+00
-1.497920670083728645e+00
-1.493191352582541320e+00
-1.493732655889359329e+00
-1.469327391593721721e+00
-1.493646630554464672e+00
-1.470378269909885738e+00
-1.497283673382368896e+00
-1.463311875707474563e+00
-1.472392012833622310e+00
-1.459213031924334381e+00
-1.465996413028803680e+00
-1.496665395333436344e+00
-1.489683881870475624e+00
-1.496673811695543144e+00
-1.497394164561298702e+00
-1.462138308680621002e+00
-1.497919336429801795e+00
-1.497890627480116699e+00
-1.438609263396826599e+00
-1.497901302299466941e+00
-1.496707085988489006e+00
-1.497413374020722721e+00
-1.493421447000470970e+00
-1.439723542428580139e+00
-1.465212552345362518e+00
-1.497322239450183723e+00
-1.467920393220153663e+00
-1.491633376575079772e+00
-1.494041223547426078e+00
-1.427717494315472457e+00
-1.478010290770796153e+00
-1.492789330429402206e+00
-1.496509185529318664e+00
-1.497949330604639862e+00
-1.497321451551285598e+00
-1.497953424698677871e+00
-1.492525348908272598e+00
-1.496206653772857997e+00
-1.469859865962532375e+00
-1.490063513166275833e+00
-1.452135419941511962e+00
-1.493081192954448078e+00
-1.461344974583950851e+00
-1.496336080602374885e+00
-1.478340097705838296e+00
-1.497897573283878181e+00
-1.496662121734586570e+00
-1.497912863737908218e+00
-1.492621619722810600e+00
-1.461706864184704635e+00
-1.497361300981608245e+00
-1.485811650755819890e+00
-1.497385920493868205e+00
-1.493263448125687454e+00
-1.496693697295156333e+00
-1.497930186337796066e+00
-1.497875780335632179e+00
-1.496555907188919399e+00
-1.497387524231341693e+00
-1.487041703428146455e+00
-1.478429391517308567e+00
-1.497856058648792121e+00
-1.488217715176758382e+00
-1.497946961320010040e+00
-1.443776572591629836e+00
-1.450869227296677444e+00
-1.456052680036989067e+00
-1.488336564044472787e+00
-1.488558448388245914e+00
-1.459605029321280334e+00
-1.476471242032018516e+00
-1.497265849730935905e+00
-1.497904113030997131e+00
-1.497479383370843742e+00
-1.460557464978662345e+00
-1.497304659805265281e+00
-1.422088599300947998e+00
-1.494355647361842010e+00
-1.496176023504701469e+00
-1.497905428058472488e+00
-1.489856248724279020e+00
-1.497908371037808273e+00
-1.477440497840759370e+00
-1.497536167970863197e+00
-1.424833050466147277e+00
-1.467883521228102062e+00
-1.494077139071193550e+00
-1.497924427038994644e+00
-1.463232225275603149e+00
-1.472670461519625995e+00
-1.469187425917950485e+00
-1.497001787184742305e+00
-1.494075185156432006e+00
-1.467113079040315959e+00
-1.484304122163918827e+00
-1.478974998000082586e+00
-1.477629954463806961e+00
-1.496556856206622932e+00
-1.474639520517555091e+00
-1.496348868592646930e+00
-1.451128380841580245e+00
-1.492418877317574832e+00
-1.496270427948799941e+00
-1.497491073331800315e+00
-1.497012231036094043e+00
-1.495166564828720901e+00
-1.497452391779986236e+00
-1.474801174833443973e+00
-1.454638177997437332e+00
-1.496481914541688774e+00
-1.497906556821432922e+00
-1.453306293583479736e+00
-1.456732761583295677e+00
-1.490187634251085136e+00
-1.497931620574560974e+00
-1.494293157479730461e+00
-1.488252989484933231e+00
-1.478737466971394632e+00
-1.492770945190456722e+00
-1.477748690641489837e+00
-1.446247494316664550e+00
-1.497667205057111595e+00
-1.492690317801204536e+00
-1.492779206953016136e+00
-1.470037222377029273e+00
-1.497891622132626388e+00
-1.454289658463564727e+00
-1.488243220842448089e+00
-1.475338193590757463e+00
-1.493572114503947112e+00
-1.497332529633310649e+00
-1.496777562893000457e+00
-1.485617475586948011e+00
-1.469921673185196731e+00
-1.487777859441009376e+00
-1.497429607904520843e+00
-1.493890512271788928e+00
-1.491406423508194301e+00
-1.445564685857859466e+00
-1.497187764852312419e+00
-1.493476702368822906e+00
-1.494271895385351989e+00
-1.487857438161042545e+00
-1.497966522819367263e+00
-1.482657991818157051e+00
-1.474880672528413150e+00
-1.466780892110434387e+00
-1.493587369567719314e+00
-1.475399784746584508e+00
-1.497922951824036453e+00
-1.473457909657624576e+00
-1.447466603017416809e+00
-1.497893570459452484e+00
-1.497464817485776756e+00
-1.457597474104729507e+00
-1.483547070532110546e+00
-1.485939393288460586e+00
-1.444698175883856628e+00
-1.478425967975524280e+00
-1.485787746033635948e+00
-1.497904753780928466e+00
-1.495782936460343215e+00
-1.452760359740820739e+00
-1.485467888883319709e+00
-1.459357951304879997e+00
-1.473672703376975868e+00
-1.497874794996348236e+00
-1.495928408115175579e+00
-1.492752667053607318e+00
-1.496634331068960044e+00
-1.432119152045813415e+00
-1.486971845853147123e+00
-1.497946992984977577e+00
-1.461201062894430969e+00
-1.448720476127234313e+00
-1.491705984345641944e+00
-1.430266401267615173e+00
-1.497898491567936752e+00
-1.496740529782143447e+00
-1.476561177059081409e+00
-1.469410067892638061e+00
-1.491565537176099632e+00
-1.470276201612320754e+00
-1.497982828415003631e+00
-1.496546647048559997e+00
-1.471787713936534736e+00
-1.497389382219878051e+00
-1.480879441372123573e+00
-1.458263652867642257e+00
-1.448000146544543121e+00
-1.489119393288162563e+00
-1.478998260109690044e+00
-1.494541766590443466e+00
-1.484146334699359748e+00
-1.472660124770370338e+00
-1.497910136825409744e+00
-1.496416075623598907e+00
-1.494180881886747692e+00
-1.492232094987300250e+00
-1.493985906711784217e+00
-1.497221463828352306e+00
-1.497205337977972839e+00
-1.496404812208381507e+00
-1.496400439648893688e+00
-1.497861775106755111e+00
-1.496415988079276893e+00
-1.497483949645427082e+00
-1.488214020620104883e+00
-1.497348777486947391e+00
-1.494320018685427520e+00
-1.497951435393658493e+00
-1.497504255271521423e+00
-1.497209694704976890e+00
-1.496484488717285011e+00
-1.497943627185192916e+00
-1.491063270254996631e+00
-1.497950057036248062e+00
-1.497919882184830520e+00
-1.490480186886158798e+00
-1.462213447785940978e+00
-1.492583996153441284e+00
-1.497394662818876121e+00
-1.487681214234796379e+00
-1.435152022636500213e+00
-1.489120499233719919e+00
-1.496930461845365379e+00
-1.464894889391032073e+00
-1.490068808666435096e+00
-1.490482666066852424e+00
-1.496640056840148780e+00
-1.465461915827360961e+00
-1.428764952815142486e+00
-1.439949123657313201e+00
-1.497867515779105041e+00
-1.497345301791098926e+00
-1.492994025818076942e+00
-1.463060548997488830e+00
-1.487595483197835300e+00
-1.452827031261292312e+00
-1.492831614336934898e+00
-1.497954035646286819e+00
-1.449249892032709930e+00
-1.430562546945181701e+00
-1.491890777370897148e+00
-1.497332344300118301e+00
-1.497995308137503478e+00
-1.432247216350403640e+00
-1.497940436474052284e+00
-1.426298110282984588e+00
-1.496546878947881076e+00
-1.491813976786104057e+00
-1.487501977945682619e+00
-1.496701861268845413e+00
-1.448059162593451354e+00
-1.496755431874659870e+00
-1.496608781165448043e+00
-1.438653892374602172e+00
-1.488597581631508682e+00
-1.466088997668591354e+00
-1.483401178850797031e+00
-1.496501292570498798e+00
-1.491510078779426429e+00
-1.490985145329502437e+00
-1.487383666451093767e+00
-1.476580362769779775e+00
-1.476433803795841548e+00
-1.497893350667324874e+00
-1.497974703556862686e+00
-1.471596947408285949e+00
-1.497968599668708656e+00
-1.495165434203115318e+00
-1.493347963786688659e+00
-1.497506927235987995e+00
-1.497911774090495918e+00
-1.459575836083856437e+00
-1.496210402346220825e+00
-1.489804073705342624e+00
-1.460484890735712860e+00
-1.496350113770929191e+00
-1.488316395322796915e+00
-1.477909457872626398e+00
-1.492065866014924858e+00
-1.448576739526358459e+00
-1.497979883573022697e+00
-1.470419686756101463e+00
-1.480680719952103708e+00
-1.489846708255824659e+00
-1.493192473894921157e+00
-1.467753436884847495e+00
-1.479913342281249378e+00
-1.496712904891935203e+00
-1.473881289831367347e+00
-1.497941380835142944e+00
-1.468141960448590133e+00
-1.490194699264136169e+00
-1.496439725629058692e+00
-1.497966917700138900e+00
-1.497909037864771697e+00
-1.457279207653370712e+00
-1.458542557901707504e+00
-1.496332170910206649e+00
-1.496651480442849014e+00
-1.467766507065859649e+00
-1.492662465668288085e+00
-1.496519325769511077e+00
-1.451511487833228919e+00
-1.487503487619576070e+00
-1.417605078316298339e+00
-1.430094665384856079e+00
-1.495740117973652694e+00
-1.492944137661722515e+00
-1.497905547267762039e+00
-1.494292026854124877e+00
-1.491429150572982643e+00
-1.497444016396072719e+00
-1.469361964150336597e+00
-1.497926732993689392e+00
-1.496055976956156108e+00
-1.472249411514964912e+00
-1.494383176325825069e+00
-1.488378645389345500e+00
-1.496668229348030899e+00
-1.402149169242945526e+00
-1.493553791663614128e+00
-1.493671872190204475e+00
-1.497913994363513801e+00
-1.480698090049442861e+00
-1.493363945282069061e+00
-1.492219534239736412e+00
-1.452933544761505935e+00
-1.497560406572190139e+00
-1.497324856466618392e+00
-1.490969232751992557e+00
-1.491584608799782607e+00
-1.469800085297790382e+00
-1.466628884433773372e+00
-1.497264349370268199e+00
-1.497850027403798912e+00
-1.497412627100017879e+00
-1.494132703638640258e+00
-1.488151879052636239e+00
-1.421375899112788055e+00
-1.497905243656602714e+00
-1.473542554772463653e+00
-1.473691099791792247e+00
-1.497899169570771072e+00
-1.446287220812407348e+00
-1.453575902155605171e+00
-1.497870827562180374e+00
-1.497521070300606105e+00
-1.491049803330567691e+00
-1.497962546071973655e+00
-1.497964526063767288e+00
-1.490493661261168334e+00
-1.497364650017586563e+00
-1.493790822572079513e+00
-1.481164912230339858e+00
-1.470052278137770507e+00
-1.497275464705196235e+00
-1.489812916613188598e+00
-1.437062381303873870e+00
-1.497886088213888023e+00
-1.496470511428085182e+00
-1.484005544803109977e+00
-1.497873347721067283e+00
-1.461138142741289947e+00
-1.451052552557555053e+00
-1.463680221236315582e+00
-1.494111769369808052e+00
-1.497448992452588890e+00
-1.468959278895524356e+00
-1.475336518607107017e+00
-1.446693553126421783e+00
-1.461348312444058273e+00
-1.492039673498836372e+00
-1.493562449238267753e+00
-1.497892046815720413e+00
-1.488080436366614911e+00
-1.480436057320800636e+00
-1.422875451392498825e+00
-1.482052134818402145e+00
-1.488045206761923644e+00
-1.434372509366837356e+00
-1.497183530128565643e+00
-1.473886248192754600e+00
-1.485899588095960233e+00
-1.442218518353072021e+00
-1.485712800177750204e+00
-1.486133954024878356e+00
-1.442501003391114089e+00
-1.479425037282523725e+00
-1.496375163554218624e+00
-1.490180336407390449e+00
-1.497940129137602661e+00
-1.449166795707312438e+00
-1.497860718986955497e+00
-1.456668707079258773e+00
-1.491658522284594390e+00
-1.494514002001849029e+00
-1.497940162665215347e+00
-1.432854092217055175e+00
-1.496923962145117137e+00
-1.483556983063933465e+00
-1.477613511963752124e+00
-1.486150632615205858e+00
-1.452583859211769912e+00
-1.440502731597987029e+00
-1.490086866079834316e+00
-1.496297222099271629e+00
-1.492912937424150321e+00
-1.497225981674161766e+00
-1.497958884111610267e+00
-1.474404294977900598e+00
-1.490846235773530815e+00
-1.493315030357805107e+00
-1.496401082261470172e+00
-1.497933267152872894e+00
-1.497308998837140415e+00
-1.484386143743065212e+00
-1.477354096251544568e+00
-1.496952658056286189e+00
-1.444071496373978469e+00
-1.496762987694707725e+00
-1.484532910867598865e+00
-1.497505257374611709e+00
-1.493587652689781997e+00
-1.487308561339047763e+00
-1.491742751098242614e+00
-1.439365344590512130e+00
-1.469874883539048049e+00
-1.473885797432628486e+00
-1.476699365771380279e+00
-1.494654750919905517e+00
-1.448851684576836440e+00
-1.489962647206154678e+00
-1.484660719524142358e+00
-1.497528505048719261e+00
-1.414330674803820465e+00
-1.481597728564408634e+00
-1.490044272041884277e+00
-1.497115971989003036e+00
-1.492477262861100051e+00
-1.496584004259672973e+00
-1.470788719601002548e+00
-1.496821349955168579e+00
-1.493114118932751033e+00
-1.496442115402785156e+00
-1.497285561173227642e+00
-1.480184690098282907e+00
-1.438469192481604431e+00
-1.453246919906702850e+00
-1.493188010997143600e+00
-1.468366845979359958e+00
-1.478387212849226806e+00
-1.475752994420942876e+00
-1.497916613242593620e+00
-1.497278221420017097e+00
-1.497923108286228988e+00
-1.470980285204020355e+00
-1.497532533950177047e+00
-1.496449135712352607e+00
-1.497912923342552993e+00
-1.496847646779385421e+00
-1.460407309702602241e+00
-1.482436200606641385e+00
-1.453910431361761901e+00
-1.485792577967983696e+00
-1.493082459553149555e+00
-1.489208970221695516e+00
-1.495125078133312080e+00
-1.451516721866098258e+00
-1.497416559143927905e+00
-1.457926558799115035e+00
-1.484266644346532438e+00
-1.489870048130867097e+00
-1.491177570543256614e+00
-1.491267959124413345e+00
-1.497393034867015693e+00
-1.497903882062998626e+00
-1.429753421342936370e+00
-1.490188796541658256e+00
-1.439870378470984313e+00
-1.454541223592129562e+00
-1.497893203518358085e+00
-1.492219478360381935e+00
-1.494746305516925666e+00
-1.494521540126767967e+00
-1.497869505084124420e+00
-1.497131268030968521e+00
-1.450537259227600906e+00
-1.488185941244480226e+00
-1.460338263309565399e+00
-1.497880103535023544e+00
-1.466887887104419086e+00
-1.496438507459131095e+00
-1.489065741191622827e+00
-1.496707838497129295e+00
-1.472407528667715404e+00
-1.469334885015157077e+00
-1.495099992028442237e+00
-1.496440417601731632e+00
-1.457351141146388862e+00
-1.497424602977004859e+00
-1.490010789132681701e+00
-1.497337185314861152e+00
-1.497916734314528320e+00
-1.496950550473299835e+00
-1.494699182457295272e+00
-1.444494327998724792e+00
-1.491365136115816448e+00
-1.460773138797846649e+00
-1.497321826874283168e+00
-1.460288519508210037e+00
-1.497213619298306320e+00
-1.473522435410884235e+00
-1.497443147472110603e+00
-1.430719515777197692e+00
-1.464380609340039108e+00
-1.485630438665864084e+00
-1.497508125848141525e+00
-1.491756046659317825e+00
-1.442547472662297103e+00
-1.492785651705232475e+00
-1.493738359308806274e+00
-1.482061103920456979e+00
-1.497563530228105400e+00
-1.453224696687427375e+00
-1.497932689732876632e+00
-1.492081525272694442e+00
-1.497916223949757430e+00
-1.497413564941850517e+00
-1.497411611027088973e+00
-1.473983856386509750e+00
-1.448628733403054092e+00
-1.496808674654928062e+00
-1.497249426788655136e+00
-1.435215516484347198e+00
-1.497486994138923500e+00
-1.497914232782092903e+00
-1.463362146637407157e+00
-1.439378424084750030e+00
-1.497661062984732006e+00
-1.496631136632529113e+00
-1.496714933312502716e+00
-1.471408715008762691e+00
-1.493163565642205093e+00
-1.480257726742890689e+00
-1.491706634408799026e+00
-1.491214884913531158e+00
-1.465900455138650749e+00
-1.497320821977225158e+00
-1.497887867040005538e+00
-1.488575062251654479e+00
-1.496957176833418224e+00
-1.497927086896267745e+00
-1.435508138037291381e+00
-1.482548963281330678e+00
-1.497061755045321796e+00
-1.473597992680040214e+00
-1.484184924050238941e+00
-1.496688900983897064e+00
-1.451894294939008567e+00
-1.420963285959330413e+00
-1.496908789969054077e+00
-1.491121343805459354e+00
-1.497540528423157546e+00
-1.497903746089902732e+00
-1.497933513022032592e+00
-1.481667781717148635e+00
-1.491371709390548084e+00
-1.497368517800238941e+00
