-1.077791607259985129e+00
-1.083832557473351832e+00
-1.078343994757416491e+00
-1.084734725522293441e+00
-1.086934184524254166e+00
-1.072942971066009443e+00
-1.084385218385588878e+00
-1.083941648631532306e+00
-1.086891805920359610e+00
-1.086555105218291573e+00
-1.045327279192485026e+00
-1.072758520124472481e+00
-1.067478642906587893e+00
-1.072639989028871366e+00
-1.084425460936200070e+00
-1.086932934220213420e+00
-1.083645678358731823e+00
-1.086905494226326763e+00
-1.085730013707328023e+00
-1.085807918068649958e+00
-1.086158719949317009e+00
-1.076717562054334998e+00
-1.069541077522781380e+00
-1.078519238012357384e+00
-1.086408305708433941e+00
-1.083768698132729913e+00
-1.080452204973747943e+00
-1.076029427774093383e+00
-1.081636558310654861e+00
-1.085061242917501501e+00
-1.086653613770040883e+00
-1.086753739561457266e+00
-1.086532659144380464e+00
-1.079341742641437119e+00
-1.071135990642261948e+00
-1.084074939466280085e+00
-1.086527682638372294e+00
-1.069631121818309660e+00
-1.082807424969359555e+00
-1.078543584107790387e+00
-1.083231802738836791e+00
-1.086634413561475832e+00
-1.083819349000998633e+00
-1.082899327777389287e+00
-1.064166636762026608e+00
-1.086899449130160455e+00
-1.082207178773395562e+00
-1.083457146815441030e+00
-1.071778869787850308e+00
-1.058878535840720447e+00
-1.086229581700301816e+00
-1.054097672160261956e+00
-1.086518975198356829e+00
-1.085879835342752120e+00
-1.084080733606627822e+00
-1.082651977530462162e+00
-1.078415962121501259e+00
-1.083393030030045612e+00
-1.067370368207738007e+00
-1.086461838928336920e+00
-1.086278783667653736e+00
-1.062012292980782036e+00
-1.072099299579019727e+00
-1.062875583117004252e+00
-1.078774246001150239e+00
-1.072121679037954634e+00
-1.086921307196609066e+00
-1.075282457194235652e+00
-1.086920002620618941e+00
-1.077819803175294133e+00
-1.086897389158833160e+00
-1.086194953578122568e+00
-1.086919844279765179e+00
-1.074616587143112589e+00
-1.086599338092693712e+00
-1.086696871279235310e+00
-1.082854882691157039e+00
-1.081943733051443202e+00
-1.068769040942086468e+00
-1.083448935795083168e+00
-1.083514518181296404e+00
-1.085007122156081305e+00
-1.084472884878027399e+00
-1.045784242293723576e+00
-1.083325346555533031e+00
-1.078401912754784142e+00
-1.084984579596228516e+00
-1.086511679050261581e+00
-1.063415142468814079e+00
-1.086582946005877792e+00
-1.086937595399489087e+00
-1.086530038647485652e+00
-1.086632077560377274e+00
-1.086584209544874779e+00
-1.077008020744565364e+00
-1.082542118606860448e+00
-1.083680646892623667e+00
-1.082558481498692826e+00
-1.077229701140148599e+00
-1.084391912554177662e+00
-1.076775332147860365e+00
-1.072838401324200053e+00
-1.081432174056117468e+00
-1.085504985054430493e+00
-1.074570050221602235e+00
-1.086202314932217750e+00
-1.062873497829684988e+00
-1.081049252457307874e+00
-1.086909871973800845e+00
-1.066962207618188385e+00
-1.086206917814521722e+00
-1.064115748551984320e+00
-1.086915476131260716e+00
-1.082512460814713640e+00
-1.072360162717072685e+00
-1.071578835358867110e+00
-1.067493245761833354e+00
-1.085070661481927656e+00
-1.078379226777054667e+00
-1.060870034493040404e+00
-1.082764397268998202e+00
-1.084999889981905552e+00
-1.074092325506080137e+00
-1.086053658281830314e+00
-1.082689013072663409e+00
-1.074507444965958403e+00
-1.084806158050832137e+00
-1.062680955731649002e+00
-1.086916673320342364e+00
-1.068252960281415476e+00
-1.084788264012202186e+00
-1.068167496962233232e+00
-1.064440142365913777e+00
-1.082630742420543912e+00
-1.082940393532365597e+00
-1.086471522379584664e+00
-1.065675690283580890e+00
-1.074773370507973169e+00
-1.068838388046313259e+00
-1.084421441068407210e+00
-1.086246141432947399e+00
-1.086910479892303272e+00
-1.068244019170628389e+00
-1.061239371810790422e+00
-1.086253458418061424e+00
-1.080689471258807544e+00
-1.082735773190985462e+00
-1.076816533303694756e+00
-1.070825808488848230e+00
-1.084658706639457293e+00
-1.086127104098735030e+00
-1.076381067834114358e+00
-1.081119873851432711e+00
-1.086604071619884371e+00
-1.086308184692997614e+00
-1.068655982709111552e+00
-1.081335210258161705e+00
-1.086917745760445309e+00
-1.065627407884436106e+00
-1.086904278236299648e+00
-1.061726991495389738e+00
-1.081692225478817271e+00
-1.066041001788573972e+00
-1.075929067347898282e+00
-1.086450515267469497e+00
-1.083440921923516154e+00
-1.084639884425624201e+00
-1.086040578552384783e+00
-1.086440327919671045e+00
-1.086912177015952219e+00
-1.058010712026158595e+00
-1.086897452674765452e+00
-1.086648215366378567e+00
-1.075843700822577853e+00
-1.080088417298559644e+00
-1.086931200196631808e+00
-1.086472441309838555e+00
-1.073534628122851275e+00
-1.076307220366539585e+00
-1.079206497224283190e+00
-1.065887855860831346e+00
-1.084437292292688149e+00
-1.086919298438205228e+00
-1.086545330981185220e+00
-1.073012249574268218e+00
-1.086900384400439901e+00
-1.071182329917942821e+00
-1.086899625460066021e+00
-1.073352643580315124e+00
-1.079859326990884716e+00
-1.086889788608960794e+00
-1.076229563250073129e+00
-1.081467631952562014e+00
-1.086909771663892021e+00
-1.063183919189903515e+00
-1.084852555446474298e+00
-1.059690439222323866e+00
-1.086905802062068549e+00
-1.066059187389938545e+00
-1.081456024470913713e+00
-1.083923147878456561e+00
-1.086602078182474784e+00
-1.060042894452694950e+00
-1.086717291094771332e+00
-1.086901101743856568e+00
-1.056881564165873977e+00
-1.066574837727971348e+00
-1.086247649275724036e+00
-1.086918991217451946e+00
-1.086640089082891780e+00
-1.076988673731168022e+00
-1.081126637740009944e+00
-1.083099750416085749e+00
-1.086484823002890066e+00
-1.086536194156504154e+00
-1.086915801932009762e+00
-1.086873033426458912e+00
-1.070251352465164452e+00
-1.086900017683717357e+00
-1.086921468376448319e+00
-1.065275124904946580e+00
-1.083225446527918523e+00
-1.072080656973022128e+00
-1.086577430443362191e+00
-1.082340757804897802e+00
-1.086953371293795101e+00
-1.068791759357827997e+00
-1.086929655958862373e+00
-1.065349976069659865e+00
-1.084422028453946307e+00
-1.086026269669919220e+00
-1.079894290040755100e+00
-1.078811575595086669e+00
-1.086539948501511699e+00
-1.071832981137315288e+00
-1.084520654637599169e+00
-1.082759862617613811e+00
-1.083259130411809767e+00
-1.085984851061238876e+00
-1.086038531761046144e+00
-1.078540993582871588e+00
-1.086503424626918735e+00
-1.064855424888681457e+00
-1.077045960637036393e+00
-1.072803281822438004e+00
-1.086926829766150293e+00
-1.068294143589283429e+00
-1.086905783832057715e+00
-1.082529889230686493e+00
-1.086692381682818231e+00
-1.075385848325083105e+00
-1.084030384594121266e+00
-1.086084221645242653e+00
-1.084570098916768588e+00
-1.085534668208498754e+00
-1.086901974448170050e+00
-1.082733595261757831e+00
-1.074532858732506035e+00
-1.079338765411846923e+00
-1.057988311607196197e+00
-1.055309831718754587e+00
-1.086915027709635995e+00
-1.086491138425788927e+00
-1.086587829855993670e+00
-1.070122533520862174e+00
-1.071283413338581569e+00
-1.080757747959856685e+00
-1.082654714949230046e+00
-1.086909237421279206e+00
-1.086917476422673667e+00
-1.085967901371855504e+00
-1.086026001944112140e+00
-1.086924784542779410e+00
-1.086892023305164212e+00
-1.079164713349921145e+00
-1.074809096849236756e+00
-1.078005556019761890e+00
-1.072976877488750480e+00
-1.082054583189207886e+00
-1.083732044850218790e+00
-1.072245573774255556e+00
-1.083945175956726681e+00
-1.083484700903299958e+00
-1.074065227341864270e+00
-1.086040521699405126e+00
-1.086921685680307892e+00
-1.073302722948506371e+00
-1.073911969603206451e+00
-1.086896342245667668e+00
-1.084733682468167704e+00
-1.077384355865693477e+00
-1.080044067371203731e+00
-1.086430562311559100e+00
-1.086151817204884518e+00
-1.076152797703838093e+00
-1.073314990636659028e+00
-1.086484368341226858e+00
-1.086042504250853913e+00
-1.083271063166245662e+00
-1.083940264354652738e+00
-1.086881565988575771e+00
-1.083473618158233398e+00
-1.086060706425187927e+00
-1.086537707437315925e+00
-1.062981843459514852e+00
-1.086528798026486164e+00
-1.062611233835757396e+00
-1.086740306196256611e+00
-1.086934437460040925e+00
-1.067939145806958035e+00
-1.079545956752105962e+00
-1.086524683628788956e+00
-1.086459394680345802e+00
-1.075474743697522495e+00
-1.086921506601456588e+00
-1.084819011488457940e+00
-1.079548463196069452e+00
-1.068233762269903631e+00
-1.085936494798166452e+00
-1.082693843339771922e+00
-1.083023043740826807e+00
-1.074225470944915495e+00
-1.086040762809212357e+00
-1.075386826045254596e+00
-1.069499141312556301e+00
-1.086700380946377109e+00
-1.081026802899352601e+00
-1.086916413132534842e+00
-1.083756082628901440e+00
-1.086894716868985311e+00
-1.075545159618826352e+00
-1.086550261600209621e+00
-1.086900576758300874e+00
-1.082332197442790189e+00
-1.086896812594282613e+00
-1.075937576977010979e+00
-1.078029396862588696e+00
-1.086716805617178983e+00
-1.086898205386185978e+00
-1.083953708599845411e+00
-1.082838891335001108e+00
-1.085770199615962106e+00
-1.071864486021959051e+00
-1.085840984219007099e+00
-1.081290069545466803e+00
-1.084145160437778754e+00
-1.086899932288770687e+00
-1.082647896018759770e+00
-1.083654264876805939e+00
-1.078252418328119244e+00
-1.086889007183565292e+00
-1.086629107600770139e+00
-1.086905095890648543e+00
-1.086916684236316266e+00
-1.084325123405947444e+00
-1.071321757706724664e+00
-1.083181961535921722e+00
-1.086908545306884077e+00
-1.076827909265524408e+00
-1.082978912517325476e+00
-1.086653092552461786e+00
-1.086945193851386327e+00
-1.071290420090982298e+00
-1.071281290664295671e+00
-1.082327828126325331e+00
-1.072086964885945237e+00
-1.086112181194778481e+00
-1.086491645308378828e+00
-1.086013493166160915e+00
-1.085922523340408175e+00
-1.086557153958675803e+00
-1.086403577785260754e+00
-1.086461324858755129e+00
-1.074570938838877110e+00
-1.086460770966240830e+00
-1.058211474870567326e+00
-1.060401621954000673e+00
-1.086924738451841899e+00
-1.086176037327387878e+00
-1.079377188899939943e+00
-1.076862169508931988e+00
-1.086885246398601623e+00
-1.054662345449834948e+00
-1.086343832289307088e+00
-1.086910634896166794e+00
-1.081258016088280094e+00
-1.055179639740509767e+00
-1.052001210648448648e+00
-1.065016351544157303e+00
-1.086919906416734305e+00
-1.086926308503551430e+00
-1.082203945597991490e+00
-1.086441692491567856e+00
-1.086134492979802024e+00
-1.086080159629509545e+00
-1.083410439182083351e+00
-1.085785402024752822e+00
-1.086590713665660290e+00
-1.075714619241485259e+00
-1.062883057025014066e+00
-1.086143448082585561e+00
-1.074850800781636639e+00
-1.086922402004693256e+00
-1.085560138022043875e+00
-1.084943936335932335e+00
-1.086649658381220851e+00
-1.086902197354967070e+00
-1.086270943169000081e+00
-1.079372639386571464e+00
-1.086090951384822700e+00
-1.066862691779300709e+00
-1.082759886502630664e+00
-1.072035052080696049e+00
-1.082467570654874534e+00
-1.084022275257690460e+00
-1.071583577950018018e+00
-1.081544457861741471e+00
-1.084063808855228128e+00
-1.086599247307801441e+00
-1.084944305197639514e+00
-1.080541432503957733e+00
-1.061248420137501647e+00
-1.074375975417782625e+00
-1.064630618743597434e+00
-1.077905636035177750e+00
-1.073675829453239361e+00
-1.080893913043272647e+00
-1.081811265519058374e+00
-1.086798536928412107e+00
-1.086062323002857211e+00
-1.086615161150969566e+00
-1.084407777688429775e+00
-1.078657107111396840e+00
-1.082003490048346173e+00
-1.086891227875778521e+00
-1.078195560917874607e+00
-1.080296114177404121e+00
-1.086562829642095274e+00
-1.078101596875458146e+00
-1.086706705786290250e+00
-1.063194157345616286e+00
-1.082348232536909149e+00
-1.086568779756281966e+00
-1.082326761914152558e+00
-1.086546134392517349e+00
-1.079819163339216237e+00
-1.069258506304180623e+00
-1.086899850930840072e+00
-1.071592601647746168e+00
-1.060486917730353529e+00
