-1.069245404364735919e+00
-1.065721681622552319e+00
-1.073956204566616890e+00
-1.075572217900069294e+00
-1.071659959198571599e+00
-1.057415623968074314e+00
-1.075209604545901865e+00
-1.063865224905589990e+00
-1.063395077745942885e+00
-1.073573063108951731e+00
-1.071760527759648030e+00
-1.063023551330947614e+00
-1.056415829308688048e+00
-1.075836979349004796e+00
-1.072666765670328148e+00
-1.075045294240125404e+00
-1.057635862911837421e+00
-1.075203603202733449e+00
-1.076477287794710191e+00
-1.072885561797234599e+00
-1.076511881822859396e+00
-1.076511302311321083e+00
-1.076546324788152820e+00
-1.075764273500515289e+00
-1.066507972245755775e+00
-1.075991019055031250e+00
-1.072972105088579653e+00
-1.060151259344513042e+00
-1.075390818242077495e+00
-1.060637458682213596e+00
-1.051969829742711804e+00
-1.063067456644616326e+00
-1.075026559944203930e+00
-1.072573103657699756e+00
-1.075719852846275471e+00
-1.075719242078754911e+00
-1.075570828938187340e+00
-1.049559885430190631e+00
-1.075413771805580287e+00
-1.063492019602924943e+00
-1.076025627579178412e+00
-1.070239354597852577e+00
-1.075542703262841737e+00
-1.072122873656024433e+00
-1.075371101895940207e+00
-1.076504060257141848e+00
-1.075478369679606416e+00
-1.056366113658687045e+00
-1.076300782776758336e+00
-1.072916144599630695e+00
-1.055388869850157674e+00
-1.069141871645060915e+00
-1.072986443429043035e+00
-1.073474716517103467e+00
-1.038270770124403386e+00
-1.068579401029744247e+00
-1.075297584407102214e+00
-1.076085441470045145e+00
-1.073123692414601926e+00
-1.072920484999132951e+00
-1.044906586995051567e+00
-1.076516267087329615e+00
-1.076486290119443856e+00
-1.068468545475942832e+00
-1.056614556418760786e+00
-1.075929255570730714e+00
-1.046945991764787642e+00
-1.072509151423154172e+00
-1.076088915304261429e+00
-1.076071585519186247e+00
-1.073098674095719574e+00
-1.057177035750070937e+00
-1.071822322701895258e+00
-1.076490901065747963e+00
-1.075903728303285956e+00
-1.075353996451706928e+00
-1.075890922807588579e+00
-1.075967858514688569e+00
-1.039185422759296706e+00
-1.067745671588689049e+00
-1.043152059159064171e+00
-1.075473641653404755e+00
-1.049795763804345361e+00
-1.075313845200022600e+00
-1.076021626229393346e+00
-1.069553142648081989e+00
-1.069040763508440239e+00
-1.076542540958175032e+00
-1.056075344662699811e+00
-1.072778954960031284e+00
-1.071697581255300902e+00
-1.074654866605346371e+00
-1.057585569890309163e+00
-1.073159538995743123e+00
-1.075084908957243846e+00
-1.075922159696447444e+00
-1.055719020981468415e+00
-1.062534995718135145e+00
-1.076034299094210445e+00
-1.071881339722396964e+00
-1.075448616068546803e+00
-1.076366265564059566e+00
-1.056248806684102703e+00
-1.075451058031576146e+00
-1.059795425978870442e+00
-1.071121302414082432e+00
-1.076025962436923944e+00
-1.061457644379151244e+00
-1.071909615584641706e+00
-1.076073041214022918e+00
-1.059544519159782094e+00
-1.075493912646083405e+00
-1.042971574001294810e+00
-1.076188479372136131e+00
-1.069836381776146261e+00
-1.075961742693599454e+00
-1.072213270322287082e+00
-1.051623663097294603e+00
-1.075148960641714835e+00
-1.076020929758976896e+00
-1.076503017821983654e+00
-1.076480725786934434e+00
-1.072645348964562428e+00
-1.075340737907362287e+00
-1.071095662598691822e+00
-1.064417043174506139e+00
-1.073554421979943996e+00
-1.054615819436298230e+00
-1.057939486089473524e+00
-1.071132693560908677e+00
-1.075954383869517583e+00
-1.073017546345006457e+00
-1.054694331468114976e+00
-1.070895100683101564e+00
-1.050453144529302385e+00
-1.056493991345795358e+00
-1.072186694741653179e+00
-1.058219905004805561e+00
-1.075333153002463238e+00
-1.071038818863456532e+00
-1.075701583973973641e+00
-1.058052774370307869e+00
-1.069873551158229352e+00
-1.070012348707537475e+00
-1.075866861801964669e+00
-1.069781917747969491e+00
-1.076106785678881295e+00
-1.065315288041599917e+00
-1.067337087574530052e+00
-1.076510241025166792e+00
-1.062719011035025307e+00
-1.068058310962092472e+00
-1.073761696597137494e+00
-1.075934209849757517e+00
-1.059390930008399900e+00
-1.076074314299011903e+00
-1.072356240763226332e+00
-1.072324508828756295e+00
-1.076485685451927798e+00
-1.076488660836552702e+00
-1.076321614831975415e+00
-1.068979535242724710e+00
-1.063370069919068239e+00
-1.073851284372054016e+00
-1.076013289904100612e+00
-1.042128203705028566e+00
-1.075354032645673197e+00
-1.058591981586374020e+00
-1.075045850197674069e+00
-1.052515817219326966e+00
-1.076485938163751710e+00
-1.075267719259141108e+00
-1.071285064786263952e+00
-1.076482435083563338e+00
-1.061087839235750785e+00
-1.072436411446699100e+00
-1.055883152297381944e+00
-1.071014741174814322e+00
-1.056511766440462630e+00
-1.076005046716759894e+00
-1.073540459183183193e+00
-1.069650454823780406e+00
-1.075588456806017001e+00
-1.058315548859847022e+00
-1.066437969343114522e+00
-1.072832947162574602e+00
-1.073264349178398414e+00
-1.059131007904572819e+00
-1.057307722332907485e+00
-1.072773970960048784e+00
-1.072211710449548994e+00
-1.070269201143819737e+00
-1.072427731778679005e+00
-1.076449420423126968e+00
-1.073407137369479125e+00
-1.075982961365522739e+00
-1.076285403585134137e+00
-1.068669111139529226e+00
-1.070079644802363283e+00
-1.076014511766133275e+00
-1.076117886309942318e+00
-1.075576425591696639e+00
-1.073105077110561911e+00
-1.075917878808887451e+00
-1.052409395133971914e+00
-1.035549963818035657e+00
-1.075014363287018604e+00
-1.076498861951332930e+00
-1.075593421990018950e+00
-1.063866330239702451e+00
-1.074769751356871028e+00
-1.069646721329774897e+00
-1.075308705026140954e+00
-1.076021028782889744e+00
-1.074392239312688346e+00
-1.072965075949240621e+00
-1.063835774442285498e+00
-1.076145253385917266e+00
-1.062240558824087300e+00
-1.076079551983778027e+00
-1.064690588343341959e+00
-1.057836926329025040e+00
-1.064473750738854863e+00
-1.057819556880008616e+00
-1.064203413502418316e+00
-1.071333136801576380e+00
-1.074187672558323259e+00
-1.043430955598600551e+00
-1.061725130809894280e+00
-1.075741429522906856e+00
-1.069339755823815574e+00
-1.076514813802510018e+00
-1.034920158750894492e+00
-1.076467711902407753e+00
-1.063305738265835965e+00
-1.050086111203692552e+00
-1.060208165244712841e+00
-1.053987175730201509e+00
-1.075936379625002326e+00
-1.035155880169184472e+00
-1.056872519693157431e+00
-1.067659076299385168e+00
-1.039986618649521244e+00
-1.072744340910878780e+00
-1.075365495060446985e+00
-1.076498756760425612e+00
-1.076156756798661185e+00
-1.076475016896525805e+00
-1.051642650503028964e+00
-1.065411433941234831e+00
-1.051034210351684539e+00
-1.075308761961088599e+00
-1.074093096768434785e+00
-1.076098830496277969e+00
-1.076530675127744585e+00
-1.075575680954280688e+00
-1.072481316438566035e+00
-1.074102420273943759e+00
-1.028712467059697655e+00
-1.075928982992972127e+00
-1.075669556909733648e+00
-1.076046498605387702e+00
-1.063104207721034866e+00
-1.073021074007168618e+00
-1.076126669224883425e+00
-1.064839042835871830e+00
-1.055184343202743014e+00
-1.074885437376789543e+00
-1.075276595829991022e+00
-1.038360069048525736e+00
-1.053039907377552487e+00
-1.052448002332883492e+00
-1.052623160149932291e+00
-1.072055447940288841e+00
-1.070988262627125653e+00
-1.062473260263813390e+00
-1.076511982019792146e+00
-1.076502973112027473e+00
-1.072100321113168109e+00
-1.070485763674527524e+00
-1.068246364937745163e+00
-1.064293266881122024e+00
-1.064812941966894577e+00
-1.052910762173490999e+00
-1.065047582152065075e+00
-1.045462869686359264e+00
-1.073555819020832525e+00
-1.063526397266267187e+00
-1.075588561807919952e+00
-1.058432649705609574e+00
-1.063867062359099336e+00
-1.076470761702966072e+00
-1.076513854133263948e+00
-1.076536163504320021e+00
-1.075325994753236092e+00
-1.064642493713064075e+00
-1.069564212702183381e+00
-1.073440547747586793e+00
-1.075003256941976071e+00
-1.075941061104240593e+00
-1.054083617126587491e+00
-1.060292135193128704e+00
-1.058016144094782840e+00
-1.073078582710904838e+00
-1.070647797750125640e+00
-1.076051379907471128e+00
-1.072420650602386782e+00
-1.073445244643827845e+00
-1.031921266326316644e+00
-1.075959090110723881e+00
-1.062817626227670953e+00
-1.075378646664870486e+00
-1.047405515129977260e+00
-1.076515351078057625e+00
-1.062793859100808147e+00
-1.076494280273028181e+00
-1.059278548427825539e+00
-1.071073928606206094e+00
-1.075391488235532655e+00
-1.064282581088705992e+00
-1.075575722554250602e+00
-1.072144062995971536e+00
-1.076488321289825745e+00
-1.073340710653942320e+00
-1.052784245100303995e+00
-1.068703564415812712e+00
-1.072088807934448385e+00
-1.076010594617271332e+00
-1.075454849201539664e+00
-1.072148669592279502e+00
-1.071692618803276931e+00
-1.075633542118734409e+00
-1.051356768216095139e+00
-1.076032756797443257e+00
-1.075586299582755423e+00
-1.075961118996087151e+00
-1.035060701424783236e+00
-1.074172328726687775e+00
-1.071521582033946318e+00
-1.075993876817728401e+00
-1.075140333763652034e+00
-1.073175557234864019e+00
-1.072790919621391614e+00
-1.075547615126878354e+00
-1.055268315055184702e+00
-1.063224119259543743e+00
-1.072399433748456588e+00
-1.066763612100027236e+00
-1.072385148322949178e+00
-1.075923313508521328e+00
-1.064394505401632829e+00
-1.069860218387950201e+00
-1.072548284199673851e+00
-1.059223688054995227e+00
-1.048124906101035370e+00
-1.076459518840008345e+00
-1.076513961805185549e+00
-1.065378370058843061e+00
-1.071181327309767228e+00
-1.059033141174333670e+00
-1.076112341217408286e+00
-1.041853461617145760e+00
-1.049900675213935486e+00
-1.053803998538635600e+00
-1.070048638246319683e+00
-1.075905507795853255e+00
-1.071234980468590559e+00
-1.076542583423159005e+00
-1.063089171428134527e+00
-1.068693866610618493e+00
-1.069147556268493560e+00
-1.058300218770182211e+00
-1.059650746031294499e+00
-1.073143050916016694e+00
-1.057194874047719502e+00
-1.075888457847577806e+00
-1.075411353320540941e+00
-1.048435953976691204e+00
-1.050559130822009912e+00
-1.075430414675212276e+00
-1.065434788477437111e+00
-1.076022350234824732e+00
-1.045260538615197632e+00
-1.070788115547224750e+00
-1.070773537188943747e+00
-1.073175378719984474e+00
-1.037372044017675021e+00
-1.063291190353547799e+00
-1.064091799764259605e+00
-1.073732580777563506e+00
-1.076153736784087211e+00
-1.075981397156771990e+00
-1.071942041418559199e+00
-1.073342742140316330e+00
-1.071524289737755486e+00
-1.075313782225068460e+00
-1.062891939234854366e+00
-1.076002010665192410e+00
-1.075343458434183885e+00
-1.076018025653298515e+00
-1.076035583744182622e+00
-1.055897447398853828e+00
-1.070734050087727374e+00
-1.073079980491780328e+00
-1.073686498455671767e+00
-1.075367534752815546e+00
-1.076118483637444223e+00
-1.059944502043880021e+00
-1.075960062610940016e+00
-1.069884476501437920e+00
-1.075465219706189579e+00
-1.063185660242494945e+00
-1.053371202073924318e+00
-1.075349831719060623e+00
-1.075339392074451839e+00
-1.075772258315085717e+00
-1.075218604713656934e+00
-1.054081406451370384e+00
-1.073936182490728086e+00
-1.064001221370131312e+00
-1.065654895705299365e+00
-1.075597404620798114e+00
-1.073114096691323516e+00
-1.072065575553148520e+00
-1.062770753735400309e+00
-1.076111695490928888e+00
-1.046585222472115051e+00
-1.056253350060433416e+00
-1.075490275211011815e+00
-1.072628026060491457e+00
-1.075448685280497862e+00
-1.076480260480298101e+00
-1.049094174116975697e+00
-1.075393557088864416e+00
-1.076489441375930500e+00
-1.073584453481770229e+00
-1.072038015719334325e+00
-1.042176677450023403e+00
-1.058672739299375998e+00
-1.076227827369461432e+00
-1.076158646906130389e+00
-1.070998333925028412e+00
-1.076039850725750480e+00
-1.076085167016256339e+00
-1.075688872001199892e+00
-1.072485247198403213e+00
-1.075422437190623137e+00
-1.076518389041608792e+00
-1.075662745655221686e+00
-1.076007062742134313e+00
-1.070375109188583140e+00
-1.065052564501031807e+00
-1.072476354244554120e+00
-1.076475915294811347e+00
-1.076494801719600769e+00
-1.076049287265131049e+00
-1.056342831819417905e+00
-1.051008290145555746e+00
-1.060138205321999649e+00
-1.075469719231580967e+00
-1.076522500929301573e+00
-1.042834473299632858e+00
-1.061572811403469707e+00
-1.076052080580886638e+00
-1.075849708147758266e+00
-1.076515111522262869e+00
-1.073104070023398471e+00
-1.063253725287699014e+00
-1.074511870222427445e+00
-1.076033495779853189e+00
-1.075486328232197364e+00
-1.074762267871918198e+00
-1.072619869639046097e+00
-1.075991557783609220e+00
-1.072492176269815412e+00
-1.075533934429879990e+00
-1.075781137723954561e+00
-1.075981502861685479e+00
-1.072020941785059467e+00
-1.042459641621291677e+00
-1.076115647020737587e+00
-1.043370261789456244e+00
-1.056369654787840062e+00
-1.048840611520044597e+00
-1.072835629593422269e+00
-1.076496435449302957e+00
-1.073010927095358058e+00
-1.073241866986492266e+00
-1.076031851993165311e+00
-1.069800633545920698e+00
-1.075963022046565021e+00
-1.076006783499348085e+00
-1.070093679894089211e+00
-1.076032657809540716e+00
-1.064707604650657613e+00
-1.070716011314245319e+00
-1.065234819941377475e+00
-1.076097855123055558e+00
-1.040355368098762501e+00
-1.075765295497695506e+00
-1.072526779998968172e+00
-1.076570137429987639e+00
-1.069771518407330202e+00
-1.073846909572562458e+00
