-5.503079426963721765e-01
-5.761697172676121248e-01
-5.699053883110081209e-01
-5.374711110745464815e-01
-5.623155545000826372e-01
-5.011588327144180788e-01
-5.566768908430730356e-01
-5.249756454978977693e-01
-5.376577211101447595e-01
-5.328598182205950273e-01
-5.860177233372723116e-01
-5.792726717446838869e-01
-5.854219898139034761e-01
-5.859807833586727632e-01
-4.627375781093632234e-01
-5.549981250916515840e-01
-5.786458543990646852e-01
-5.632167934928928865e-01
-5.842667474900280489e-01
-5.833321243082081331e-01
-5.856116666947399629e-01
-5.133698984538113130e-01
-5.125914617930447115e-01
-5.741029373858963503e-01
-5.827214076672588838e-01
-5.864501066063438905e-01
-5.855957224522625459e-01
-5.544834762369190706e-01
-5.339731007371937288e-01
-5.865576557372604860e-01
-5.570586781506334795e-01
-5.291902675782238497e-01
-5.563980128173624529e-01
-5.761697172676121248e-01
-5.661288752709423555e-01
-5.310937530849968446e-01
-5.855527326022182955e-01
-3.794555395399128450e-01
-5.458052616123949541e-01
-5.115412056003605379e-01
-5.531384117458855165e-01
-5.019624188099895967e-01
-5.786824553762470735e-01
-5.864623404596840395e-01
-5.854211329971348299e-01
-5.855970672820602907e-01
-5.762779853795563234e-01
-5.858933656965290560e-01
-5.263232767139469637e-01
-5.632093354617153658e-01
-5.688259854470287813e-01
-5.589798932452594293e-01
-5.711286320839916719e-01
-5.155055552278553499e-01
-5.552739046071564211e-01
-5.805470376764332308e-01
-5.815098613058125032e-01
-5.856862768088375581e-01
-5.857355959270988954e-01
-5.813624329422508730e-01
-5.469580987957214369e-01
-5.856870144163166536e-01
-5.862913980637585176e-01
-5.095050848578011049e-01
-5.787486761365925325e-01
-5.740242294524704469e-01
-5.521601430629288210e-01
-4.952129378472363008e-01
-4.989064886723553194e-01
-5.229087054286991609e-01
-5.852652966533695711e-01
-5.778128608618771089e-01
-5.509875893150364412e-01
-5.861178107117210878e-01
-5.602759040449654115e-01
-5.758623100374733461e-01
-5.763185500656162752e-01
-5.804021797631775392e-01
-5.779174036835228456e-01
-5.243378310953175081e-01
-5.866774498973881258e-01
-5.263335436140095247e-01
-5.859379648719822420e-01
-5.108770831976925386e-01
-5.865979671035801424e-01
-5.126575000141655458e-01
-5.549981250916515840e-01
-5.172783538256680025e-01
-5.276850975607429994e-01
-5.864501066063438905e-01
-5.861150130187069429e-01
-5.782298847590481294e-01
-5.792148999427353395e-01
-5.845628186617886080e-01
-5.524144127522503389e-01
-5.842203080211674227e-01
-5.862034886632954134e-01
-5.749385572527443422e-01
-5.480248882924114717e-01
-5.532749576051627649e-01
-5.083237953041588320e-01
-5.266334071312939180e-01
-5.861513159726654543e-01
-5.570113148097788347e-01
-5.540746479784046663e-01
-5.043638042663132204e-01
-5.856898679886852754e-01
-5.458635754440819277e-01
-5.858363948319946779e-01
-5.404562718723808779e-01
-5.858465648745094789e-01
-5.511199935828243746e-01
-5.434146031294857515e-01
-5.356775477086102022e-01
-5.730243205581699861e-01
-5.483279676665460123e-01
-5.579208593373095049e-01
-5.859219535742794527e-01
-5.498618308012281908e-01
-5.359007149492298616e-01
-5.501720487628971590e-01
-5.257939427648579134e-01
-5.703797593270336641e-01
-5.861178107117210878e-01
-5.846968844090496553e-01
-5.331467587058340563e-01
-5.457761708204542650e-01
-5.815098613058125032e-01
-5.787935696099792970e-01
-5.864053397928272737e-01
-5.182860224996601595e-01
-5.484724446688686861e-01
-5.604212797735725893e-01
-5.377401031111275209e-01
-5.758623100374733461e-01
-5.266334071312939180e-01
-5.175714298640285982e-01
-4.983224227582012666e-01
-5.852192073617970003e-01
-5.181500494037662996e-01
-5.574826357443725122e-01
-5.795370295201336397e-01
-5.857174649392162813e-01
-5.165986578469072832e-01
-5.560375732858573450e-01
-5.594944014702831758e-01
-5.748564928327595247e-01
-5.550670690392052187e-01
-5.813363559101616396e-01
-5.827957197581326021e-01
-4.538493185792957796e-01
-5.851416766201054109e-01
-5.865051328693424715e-01
-4.942204162035976900e-01
-5.866825013910328401e-01
-5.676271050725971712e-01
-4.914129890059029115e-01
-5.850191071187054170e-01
-5.574826357443725122e-01
-5.364194904942904962e-01
-5.090178392385040773e-01
-5.853866517101322664e-01
-4.730428412114178194e-01
-5.745203747902905000e-01
-5.109904735837971224e-01
-5.085060774837528719e-01
-5.234169207070862306e-01
-5.778128608618771089e-01
-5.397153544728552355e-01
-5.853422835026775850e-01
-5.560375732858573450e-01
-4.884734890912567629e-01
-5.499760435451661600e-01
-5.560375732858573450e-01
-5.509539192099963678e-01
-5.198856099997555269e-01
-5.803898490522896303e-01
-5.861081398581062807e-01
-5.786219976399933351e-01
-5.250475883041416658e-01
-5.841078489576374544e-01
-4.568772941385303987e-01
-5.204907536064182771e-01
-5.858059033309017671e-01
-5.852783947740589632e-01
-5.166631444846188081e-01
-5.779699451778923525e-01
-5.347773573850189699e-01
-5.619357723300253404e-01
-5.864121309970413698e-01
-5.699053883110081209e-01
-5.855607047234570040e-01
-5.815098613058125032e-01
-5.223168313060795320e-01
-4.943738944386040224e-01
-5.089845127914940370e-01
-5.552739046071564211e-01
-5.204020544444118990e-01
-5.590232686628495706e-01
-5.852192073617970003e-01
-5.858465648745094789e-01
-5.633678186242376817e-01
-5.378629035805260195e-01
-5.864646203373466982e-01
-5.594944014702831758e-01
-5.420484944735561861e-01
-5.703797593270336641e-01
-3.877775400434528841e-01
-5.789612561021839632e-01
-5.865701168333088411e-01
-5.856553494487797273e-01
-5.342528812144791139e-01
-5.862672321055923952e-01
-5.749385572527443422e-01
-5.860840074275528444e-01
-5.109265103493725313e-01
-5.457761708204542650e-01
-5.559052612190042986e-01
-5.629639626969491495e-01
-5.841245457087551607e-01
-5.583208018471395029e-01
-5.861150130187069429e-01
-5.104469835315739168e-01
-5.770717311208044542e-01
-5.172988689993416322e-01
-5.839171438966785921e-01
-5.831536456500088228e-01
-5.810950353299175752e-01
-5.511639929865395082e-01
-5.085910811577831758e-01
-5.445221244846378816e-01
-5.449503279779945863e-01
-5.837539948080574526e-01
-5.279281932418142809e-01
-5.863014004682098879e-01
-5.748564928327595247e-01
-5.552739046071564211e-01
-5.865830659423862947e-01
-4.649186089192425264e-01
-5.310937530849968446e-01
-5.374476845865046037e-01
-5.250431850110088838e-01
-5.307163513754402651e-01
-5.855260893260036958e-01
-5.854223995958363069e-01
-5.678630239819084657e-01
-5.633678186242376817e-01
-5.001500576292072786e-01
-5.851416766201054109e-01
-4.928718313132320894e-01
-5.864152937685047640e-01
-5.212904020701443208e-01
-5.173327877675091280e-01
-5.178722694073711885e-01
-5.182065769587551607e-01
-5.864254340086971773e-01
-5.609649924118911279e-01
-5.861128411744629396e-01
-5.855145558272396578e-01
-5.381252012704407228e-01
-5.299342043255363954e-01
-5.575782797788177980e-01
-5.175473458622490419e-01
-5.198856099997555269e-01
-5.198856099997555269e-01
-5.859346121107136263e-01
-5.378780543361698641e-01
-5.851731329713856233e-01
-5.748564928327595247e-01
-5.512334873457347406e-01
-5.143222838197742952e-01
-5.458676131931041731e-01
-5.274439259921108736e-01
-5.372814407129680170e-01
-5.713952697371040834e-01
-5.504657394741570009e-01
-5.524144127522503389e-01
-5.768431044672523988e-01
-3.794555395399128450e-01
-5.653339597885405077e-01
-5.524385042046104921e-01
-5.858064062450920595e-01
-5.409017271851097597e-01
-5.825971766863857759e-01
-5.481402772967611803e-01
-5.000942900334393038e-01
-5.257054224167858614e-01
-5.524385042046104921e-01
-5.787486761365925325e-01
-5.764623015676533235e-01
-5.849518246506248964e-01
-5.858465648745094789e-01
-5.703797593270336641e-01
-5.867147624050175203e-01
-5.254730052803551210e-01
-5.307886480842625154e-01
-5.275694645498787416e-01
-5.700566499982868685e-01
-5.575782797788177980e-01
-5.813363559101616396e-01
-5.849994599376713289e-01
-4.929470635508095278e-01
-5.358209639345203890e-01
-5.831778823886906160e-01
-5.693931702081953539e-01
-3.877775400434528841e-01
-5.850374429975544466e-01
-5.808440997754131807e-01
-5.213021143828426851e-01
-5.108236699853931917e-01
-5.770717311208044542e-01
-5.780703454767261995e-01
-5.540746479784046663e-01
-5.385636753891502870e-01
-5.726068719779049410e-01
-5.843657396291290773e-01
-5.854988835309540285e-01
-5.310937530849968446e-01
-5.555328644369637026e-01
-5.668706997786556734e-01
