-5.503128709593221313e-01
-5.761743655235661565e-01
-5.698986882381141816e-01
-5.374857529862714367e-01
-5.622339495984741697e-01
-5.011504710860308354e-01
-5.566741248689426325e-01
-5.249526240296349400e-01
-5.376240189829657456e-01
-5.328336259091923655e-01
-5.860168061845959508e-01
-5.792609309405652995e-01
-5.854192961864610467e-01
-5.859790455060359671e-01
-4.627633695500342759e-01
-5.547137842745517577e-01
-5.786377599830954122e-01
-5.631842869576931809e-01
-5.842701627052785396e-01
-5.833330316554654615e-01
-5.856110797251442568e-01
-5.133197769014776757e-01
-5.125055489807301967e-01
-5.741008466863111170e-01
-5.827293702712754708e-01
-5.864477119758486623e-01
-5.855926009260024045e-01
-5.545303334452121868e-01
-5.339982012899597841e-01
-5.865549899945337042e-01
-5.569898627038444294e-01
-5.291984971616213729e-01
-5.563559413909996421e-01
-5.761743655326043712e-01
-5.661425965768915880e-01
-5.310321684229333261e-01
-5.855521626365431942e-01
-3.794468168052197998e-01
-5.457358655957756932e-01
-5.114417878618298108e-01
-5.531078818009382836e-01
-5.019566075522493565e-01
-5.786512491482522780e-01
-5.864618749714454182e-01
-5.854228754246050270e-01
-5.855946043934251444e-01
-5.762773164727473807e-01
-5.858906956671222632e-01
-5.262977611730864647e-01
-5.631925880319943456e-01
-5.688282442455738774e-01
-5.589660805694002255e-01
-5.711143612667407554e-01
-5.154217727828341866e-01
-5.552235797622636637e-01
-5.805564145190300618e-01
-5.815260670736819293e-01
-5.856840934473755977e-01
-5.857330982459278967e-01
-5.813611095824274821e-01
-5.468585740692469832e-01
-5.856841589053050079e-01
-5.862918594912539527e-01
-5.094058308303412996e-01
-5.787747301048712378e-01
-5.740343298568326702e-01
-5.521913530315581964e-01
-4.951918453663804454e-01
-4.988602693511172692e-01
-5.228325384008141175e-01
-5.852688149815762353e-01
-5.778056857427636972e-01
-5.509442264782081766e-01
-5.861210257637236021e-01
-5.602759659102420908e-01
-5.758489790964445021e-01
-5.762929442241280231e-01
-5.804299339718315132e-01
-5.779034608110457105e-01
-5.242803346736663039e-01
-5.866784029461854511e-01
-5.262687765033954301e-01
-5.859351701703116033e-01
-5.107945130517362875e-01
-5.866008172116374819e-01
-5.125401078419308254e-01
-5.547137842475512448e-01
-5.172280793571559787e-01
-5.276749349977674086e-01
-5.864477120048388059e-01
-5.861151375644756412e-01
-5.782434065994783712e-01
-5.792013521265479969e-01
-5.845551460469515792e-01
-5.525334963011789835e-01
-5.842211739126832448e-01
-5.862037368111920888e-01
-5.749367064276169614e-01
-5.479621080301431135e-01
-5.532263620965831574e-01
-5.082310426627744127e-01
-5.265580638886291354e-01
-5.861508763777436570e-01
-5.569853357664469318e-01
-5.541094668248971455e-01
-5.042483999588627253e-01
-5.856894510680777932e-01
-5.458186267451639040e-01
-5.858342571515534614e-01
-5.404181537163167404e-01
-5.858439744476867661e-01
-5.511054132045078990e-01
-5.434342279990774793e-01
-5.356377204305167172e-01
-5.730549911289880560e-01
-5.483159901973222450e-01
-5.579289902130314394e-01
-5.859229930661098429e-01
-5.497806763865912272e-01
-5.358801261354307899e-01
-5.498683262870742716e-01
-5.257715928475437117e-01
-5.703553960755455288e-01
-5.861210257357566400e-01
-5.846926267762635465e-01
-5.331643898419650140e-01
-5.457229002271817286e-01
-5.815260670716355662e-01
-5.787827380664326560e-01
-5.864018913327377902e-01
-5.182165201096570195e-01
-5.484107367070734096e-01
-5.604522826343214525e-01
-5.377254421973728382e-01
-5.758489790924654628e-01
-5.265580638915849931e-01
-5.175167549168150360e-01
-4.982199433114216092e-01
-5.852171992331443029e-01
-5.180131298723429367e-01
-5.574680684619823801e-01
-5.795417088096339597e-01
-5.857160083167237685e-01
-5.165629598044270132e-01
-5.559627813213945391e-01
-5.595334257768381780e-01
-5.748522293626153745e-01
-5.550526634958250494e-01
-5.813321169307330560e-01
-5.828010345956072813e-01
-4.538042481761546121e-01
-5.851382707736542121e-01
-5.865025904556808722e-01
-4.942973556962343973e-01
-5.866821230721643854e-01
-5.676708990719743220e-01
-4.915701931940119063e-01
-5.850162126658949857e-01
-5.574680684379943463e-01
-5.363790676399111668e-01
-5.089473188123280201e-01
-5.853836170362247682e-01
-4.728975949602713946e-01
-5.745166260206715503e-01
-5.109276534726091556e-01
-5.084208212300160845e-01
-5.235138563355377084e-01
-5.778056857257106715e-01
-5.397369240935712131e-01
-5.853451524101278558e-01
-5.559627812723955120e-01
-4.884229037449007715e-01
-5.499216473231708369e-01
-5.559627813163923182e-01
-5.509232791540664698e-01
-5.198880088815015510e-01
-5.803813230948989821e-01
-5.861072047098926374e-01
-5.786148745245186520e-01
-5.250247700935389839e-01
-5.841099430402222348e-01
-4.567649538084450067e-01
-5.204157572067988902e-01
-5.858035899832175764e-01
-5.852729765312493226e-01
-5.165803777844111266e-01
-5.779812355474786001e-01
-5.346949443662165624e-01
-5.619403637167971199e-01
-5.864086241273080979e-01
-5.698986882470955528e-01
-5.855689932940275622e-01
-5.815260670736819293e-01
-5.222766027392370392e-01
-4.944456222349289387e-01
-5.088514601674388738e-01
-5.552235797772703263e-01
-5.203788108825455616e-01
-5.590405705104501966e-01
-5.852171992431487446e-01
-5.858439744597375709e-01
-5.633322819925993263e-01
-5.378135661404375156e-01
-5.864631206104643502e-01
-5.595334257978133996e-01
-5.420666284586852512e-01
-5.703553960755455288e-01
-3.875757149282759162e-01
-5.789653683854419919e-01
-5.865705833929629742e-01
-5.856559450670530964e-01
-5.341935417747486481e-01
-5.862672557270842688e-01
-5.749367064276169614e-01
-5.860825604436826763e-01
-5.108429746417137984e-01
-5.457229002421883912e-01
-5.558926041068442681e-01
-5.629310665034690242e-01
-5.841189563709697774e-01
-5.582813436004848695e-01
-5.861151376014807068e-01
-5.103244876720245404e-01
-5.770746700020263908e-01
-5.172195272100527097e-01
-5.839108490064603973e-01
-5.831432104832061647e-01
-5.811004089132507655e-01
-5.511791999630759609e-01
-5.085959565350711697e-01
-5.445037368143340606e-01
-5.448886325296043998e-01
-5.837536002030015991e-01
-5.278666307544800373e-01
-5.863006273151888381e-01
-5.748522293586363352e-01
-5.552235797443012544e-01
-5.865823130945141406e-01
-4.648938564494692338e-01
-5.310321683939431825e-01
-5.373630469639895102e-01
-5.250381949647481283e-01
-5.307023966803244841e-01
-5.855240961561527513e-01
-5.854220443412935238e-01
-5.678922916867830128e-01
-5.633322819885635546e-01
-5.000298192338795689e-01
-5.851382707566581409e-01
-4.928563933589114043e-01
-5.864164596909906546e-01
-5.212566964090005195e-01
-5.173035116724291615e-01
-5.177746970472391075e-01
-5.181730548956865468e-01
-5.864248753611909226e-01
-5.609611446308377936e-01
-5.861108366229713651e-01
-5.855127208222719037e-01
-5.381369096582251377e-01
-5.299595064801905231e-01
-5.575239080810014958e-01
-5.175556534645313622e-01
-5.198880088845142522e-01
-5.198880088865038829e-01
-5.859335848185830420e-01
-5.378641030378001897e-01
-5.851717157447344775e-01
-5.748522293696071150e-01
-5.512232102666820843e-01
-5.142510768489942929e-01
-5.458310559181773769e-01
-5.274435689079536305e-01
-5.373310692957311563e-01
-5.713853592476759724e-01
-5.504205625426502602e-01
-5.525334963141961264e-01
-5.768630098993556832e-01
-3.794468168522292517e-01
-5.653967639311622273e-01
-5.523725054247422550e-01
-5.858012529630878262e-01
-5.408533646141012730e-01
-5.825926283493241264e-01
-5.480766336799677285e-01
-4.999699243800868609e-01
-5.256573379095087484e-01
-5.523725054067797346e-01
-5.787747301678537459e-01
-5.764721175429723399e-01
-5.849531265276494141e-01
-5.858439744576910968e-01
-5.703553960675306067e-01
-5.867154565203550609e-01
-5.254558619386088258e-01
-5.306845101177352086e-01
-5.275424079154124035e-01
-5.700472785294908862e-01
-5.575239080770224565e-01
-5.813321169387479781e-01
-5.849967592135090211e-01
-4.927615665422069857e-01
-5.358073492740214050e-01
-5.831834703658165253e-01
-5.693769077030190751e-01
-3.875757148752978498e-01
-5.850356903062164937e-01
-5.808183668122074428e-01
-5.212544730818128302e-01
-5.107904628129837921e-01
-5.770746699840639815e-01
-5.780525388500549200e-01
-5.541094668388806266e-01
-5.385297883490406390e-01
-5.726322286401850370e-01
-5.843649544910036742e-01
-5.854945052659845661e-01
-5.310321684159415856e-01
-5.556068513228136219e-01
-5.668564301064484834e-01
