-1.076529479417713375e+00
-1.080160732148344183e+00
-1.086927247510828032e+00
-1.062362649012839277e+00
-1.086311863483044204e+00
-1.071193329651107140e+00
-1.081058450963869877e+00
-1.084331703935651925e+00
-1.086378326395560201e+00
-1.086889712576003975e+00
-1.083849383124810828e+00
-1.081222454978878700e+00
-1.086308609428671135e+00
-1.086941075467661388e+00
-1.086103155391003217e+00
-1.086922402004693256e+00
-1.086897412827845244e+00
-1.081659869708847754e+00
-1.057517087454405535e+00
-1.083474543019467884e+00
-1.074990334562334393e+00
-1.081125282978085744e+00
-1.086451027816036197e+00
-1.061274411277594920e+00
-1.086111322508438892e+00
-1.082553282173881248e+00
-1.086925438882252015e+00
-1.063744684112575056e+00
-1.076381067834114358e+00
-1.076081123605515666e+00
-1.083407087702773053e+00
-1.083194743187643194e+00
-1.078268978440763082e+00
-1.076265588468051426e+00
-1.086908117151229147e+00
-1.079158563161840334e+00
-1.086467513737789492e+00
-1.078660881380404613e+00
-1.078689223575597156e+00
-1.056712703880755555e+00
-1.086097639257439296e+00
-1.086461958431240049e+00
-1.080555755640410620e+00
-1.047999214649151245e+00
-1.071140304571794877e+00
-1.074680219555950833e+00
-1.086492056971042786e+00
-1.083826836382934200e+00
-1.049833489684969923e+00
-1.062397214617994523e+00
-1.059743756398414227e+00
-1.084234774872635310e+00
-1.084933713570164882e+00
-1.082795256556111863e+00
-1.086267315492912777e+00
-1.085108012236889907e+00
-1.086877740767669520e+00
-1.086470738329219143e+00
-1.078615068039279645e+00
-1.073061706903482460e+00
-1.078485640312399019e+00
-1.067879226440199725e+00
-1.084552346489078500e+00
-1.086051416198660080e+00
-1.071145522871549627e+00
-1.074680908436355775e+00
-1.086618721221130235e+00
-1.086611638955832682e+00
-1.083239162796902910e+00
-1.086323422127765337e+00
-1.083489923893087514e+00
-1.086903746054713960e+00
-1.075846903178016900e+00
-1.075863361813757413e+00
-1.081624556538302917e+00
-1.082216349789024479e+00
-1.079480794843542979e+00
-1.078374993020438488e+00
-1.086914385174144515e+00
-1.068233762269903631e+00
-1.072528000905989654e+00
-1.086035791352260027e+00
-1.086622246517243706e+00
-1.081622630257814466e+00
-1.081100311527218194e+00
-1.086454459639304870e+00
-1.086926464805433312e+00
-1.085089918777439655e+00
-1.081467631952562014e+00
-1.086572928557975937e+00
-1.065622254570583349e+00
-1.086919128640342125e+00
-1.086352766523126068e+00
-1.086557805548122646e+00
-1.086635416223666883e+00
-1.074104522239208270e+00
-1.086078941844482504e+00
-1.086656335204849944e+00
-1.086913063453226691e+00
-1.051501482667641207e+00
-1.083125496854381975e+00
-1.086113162663941090e+00
-1.086907211924946104e+00
-1.069065121275821539e+00
-1.084503313428512472e+00
-1.080925368682001064e+00
-1.080810498992435642e+00
-1.074328274460178978e+00
-1.070378534879830257e+00
-1.073237857197725464e+00
-1.086913710276697698e+00
-1.082736989525028726e+00
-1.086080159629509545e+00
-1.063280410544224841e+00
-1.067169775873155535e+00
-1.080797754281687340e+00
-1.086505704279068008e+00
-1.061781314479667726e+00
-1.084532494198063857e+00
-1.085900043880508203e+00
-1.072719515193871764e+00
-1.086532701953351943e+00
-1.086037472941865589e+00
-1.083645450568918589e+00
-1.082499742570979029e+00
-1.086921202790680496e+00
-1.084303336141500873e+00
-1.072085553834074778e+00
-1.086191244750104978e+00
-1.083513478109117356e+00
-1.072691104266741746e+00
-1.083077318751116902e+00
-1.081578135885649106e+00
-1.086581801791807189e+00
-1.086940036089539596e+00
-1.082556242978465200e+00
-1.078355133257419274e+00
-1.056570859914888860e+00
-1.078989906114575126e+00
-1.081823241719396034e+00
-1.072015394031502256e+00
-1.070863407512586019e+00
-1.086890307428545421e+00
-1.047535340336489318e+00
-1.086507571320576293e+00
-1.086927479503640104e+00
-1.082807106545629949e+00
-1.085686664510227217e+00
-1.073310486900282079e+00
-1.075733396626360472e+00
-1.086432438577041637e+00
-1.086648304019303124e+00
-1.086500968316877591e+00
-1.071774594018297000e+00
-1.086948125598035775e+00
-1.082651977530462162e+00
-1.069665976437286004e+00
-1.084137213919185827e+00
-1.086880650487284550e+00
-1.068826942716525785e+00
-1.057289013269943734e+00
-1.084366303039800528e+00
-1.079247635705182784e+00
-1.086531962379913230e+00
-1.086943441034760482e+00
-1.086238079905431198e+00
-1.083820057298417794e+00
-1.074193897757331539e+00
-1.086903007574316238e+00
-1.085218430218022334e+00
-1.075672359142494816e+00
-1.084159046507582103e+00
-1.080282493229356211e+00
-1.086612257555318539e+00
-1.075799597375079353e+00
-1.086885989777988337e+00
-1.083654757844422445e+00
-1.086895969367009718e+00
-1.085560138022043875e+00
-1.086936168866610375e+00
-1.080315973487381509e+00
-1.064532123734895475e+00
-1.084519865834218111e+00
-1.086518290276922372e+00
-1.084534040143806166e+00
-1.086552553782343722e+00
-1.086055414473417802e+00
-1.080952046401536082e+00
-1.080928400286540914e+00
-1.078167365682582979e+00
-1.086076125296783434e+00
-1.083681832406644618e+00
-1.086268586097882016e+00
-1.053118013367676298e+00
-1.086176713406835637e+00
-1.061648207424774837e+00
-1.086527162312779460e+00
-1.086898791183691593e+00
-1.084529606608369834e+00
-1.080997590031883338e+00
-1.062012292980782036e+00
-1.078810205312193071e+00
-1.068374311077760819e+00
-1.086129424204891780e+00
-1.086548249837804070e+00
-1.086446562332634702e+00
-1.069168894953304694e+00
-1.085725808818675642e+00
-1.079631101841565410e+00
-1.063888056045193542e+00
-1.073593003981879512e+00
-1.085078470212639035e+00
-1.086679434124219412e+00
-1.086926012926821894e+00
-1.080235848597896231e+00
-1.086356297218280087e+00
-1.084371298951795071e+00
-1.073799660342608542e+00
-1.046012035210410529e+00
-1.086235361966603197e+00
-1.086469098742546047e+00
-1.078970122202500548e+00
-1.083700677201450802e+00
-1.083729083089643108e+00
-1.085784423268553844e+00
-1.086936948414014559e+00
-1.080879179130173506e+00
-1.070024066522073491e+00
-1.080736254998166057e+00
-1.086496807806244691e+00
-1.086536552497242125e+00
-1.067221704393380488e+00
-1.069328057507210383e+00
-1.075231367134398264e+00
-1.076280179992309405e+00
-1.077031589061616890e+00
-1.084437292292688149e+00
-1.086270620277267618e+00
-1.083509882672033076e+00
-1.086427942439657235e+00
-1.071492815625087136e+00
-1.066919560172537640e+00
-1.077194313681624660e+00
-1.086914884605762133e+00
-1.082966036465700554e+00
-1.083967459541752776e+00
-1.086479397934228652e+00
-1.083159813691733753e+00
-1.086902349943839940e+00
-1.086658234878319806e+00
-1.085090311062140822e+00
-1.062993039604495982e+00
-1.074545485861372551e+00
-1.086536926327912544e+00
-1.085904412481940584e+00
-1.086934437460040925e+00
-1.086920169026523997e+00
-1.086579420172707922e+00
-1.080004094286375338e+00
-1.086501276119650417e+00
-1.083906876064544056e+00
-1.072450882259066152e+00
-1.076642869102407474e+00
-1.065275124904946580e+00
-1.066365045678791423e+00
-1.081409611636270141e+00
-1.086664178517534829e+00
-1.086218585293099892e+00
-1.086547656233315617e+00
-1.082970233922309289e+00
-1.071290420090982298e+00
-1.061325765911274255e+00
-1.086141278039352676e+00
-1.086905706589132770e+00
-1.083629177178000447e+00
-1.086919298438205228e+00
-1.080890752955826928e+00
-1.085961602596959397e+00
-1.086916207662669720e+00
-1.084791895582288168e+00
-1.079607594334474285e+00
-1.079443153766850516e+00
-1.086907999147285642e+00
-1.086915027709635995e+00
-1.045273912333410493e+00
-1.064150786672794391e+00
-1.079561572835531891e+00
-1.083530596544363567e+00
-1.067341688602787997e+00
-1.086902293869898672e+00
-1.061617755817310105e+00
-1.086113737935532120e+00
-1.062818087718283566e+00
-1.085008484207997670e+00
-1.086469453518237982e+00
-1.086577342168389082e+00
-1.062916920199725279e+00
-1.067586466655817690e+00
-1.082765399760147407e+00
-1.086901091762842331e+00
-1.084242098387745434e+00
-1.065206667993010781e+00
-1.078573576278635260e+00
-1.066319804660166515e+00
-1.086505253017434391e+00
-1.084571763154422941e+00
-1.086473555115944567e+00
-1.080056129510535756e+00
-1.086493084384202668e+00
-1.083606277052469258e+00
-1.086930010923615519e+00
-1.084390998460896816e+00
-1.084834909139677617e+00
-1.083788269449963870e+00
-1.082105336531356210e+00
-1.082623095387685197e+00
-1.062910312596090368e+00
-1.074334594535082621e+00
-1.086895601131261824e+00
-1.086926416941494278e+00
-1.070978843994700780e+00
-1.074514629434219604e+00
-1.079255984865453488e+00
-1.085766723504770992e+00
-1.048213045400095744e+00
-1.082003490048346173e+00
-1.085006182837814803e+00
-1.061957718924668059e+00
-1.086468542099949586e+00
-1.045009198800453953e+00
-1.086932535728556859e+00
-1.081954911252449136e+00
-1.084457386830491199e+00
-1.086051213477797539e+00
-1.084424718479779060e+00
-1.086914521896042540e+00
-1.085168246338413356e+00
-1.086339656631677197e+00
-1.085991931224525420e+00
-1.084334441108458558e+00
-1.081522154350725629e+00
-1.086134492979802024e+00
-1.086914723936887928e+00
-1.086567635566199508e+00
-1.072634237842502447e+00
-1.085941207357371763e+00
-1.081026802899352601e+00
-1.077905636035177750e+00
-1.065447195301441274e+00
-1.071815292415528198e+00
-1.081715896807770694e+00
-1.070906509502916215e+00
-1.076505888927653531e+00
-1.073770662540904697e+00
-1.086919780714833639e+00
-1.083705943512255354e+00
-1.077174223590792401e+00
-1.064220934226301818e+00
-1.086902638781616970e+00
-1.080886512693259194e+00
-1.086916507909480245e+00
-1.054184352881517572e+00
-1.061340284868599992e+00
-1.086509281331186294e+00
-1.086098234732984169e+00
-1.086477008074147710e+00
-1.072026959806201551e+00
-1.065832191912618576e+00
-1.086952818717205060e+00
-1.070489836562251718e+00
-1.086161700590930757e+00
-1.078103111813254023e+00
-1.079400776185909461e+00
-1.072292187455749168e+00
-1.086497110226973151e+00
-1.086673345564131976e+00
-1.086901297896694762e+00
-1.067536633497945253e+00
-1.079973335994133254e+00
-1.085089465007819776e+00
-1.086031075668033585e+00
-1.085928462896620594e+00
-1.084233255440859134e+00
-1.057099665355315965e+00
-1.060443644123172380e+00
-1.075924037766948560e+00
-1.086912210346916652e+00
-1.083705988352183791e+00
-1.086235653679404445e+00
-1.079026958319785789e+00
-1.086666921233309102e+00
-1.075545159618826352e+00
-1.060801790229946473e+00
-1.065192516386381794e+00
-1.086640056397952137e+00
-1.084819011488457940e+00
-1.051923784280777596e+00
-1.083448165447722156e+00
-1.086928756790604966e+00
-1.078097215106031070e+00
-1.086928786657591184e+00
-1.082940393532365597e+00
-1.086500434551294525e+00
-1.086902738909513388e+00
-1.058287230579613603e+00
-1.080506110110405205e+00
-1.070450102861238539e+00
-1.082746988345982153e+00
-1.086326543370268682e+00
-1.082945470364255591e+00
-1.075980950207148901e+00
-1.086065117598611796e+00
-1.086726712667178241e+00
-1.071778493457151260e+00
-1.080636359807581437e+00
-1.085799469534396655e+00
-1.063131750373868645e+00
-1.074881408978042518e+00
-1.086916930840092332e+00
-1.075625286243341749e+00
-1.086902411201783103e+00
-1.086906728802317756e+00
-1.086062323002857211e+00
-1.084018914945374723e+00
-1.078301825312351525e+00
-1.086028522266100804e+00
-1.086238970739711318e+00
-1.075623330582957893e+00
-1.078870305035868782e+00
-1.084422028453946307e+00
-1.086438746709948333e+00
-1.082359785693573162e+00
-1.086534629486782144e+00
-1.083759845770875696e+00
-1.086908724577695384e+00
-1.045535879837590443e+00
-1.083056831311634882e+00
-1.083190069475426620e+00
-1.086286812246192834e+00
-1.068561622138010536e+00
-1.084296471607979706e+00
-1.079414756517713903e+00
-1.084197008767067816e+00
-1.080026999220969453e+00
-1.080774733979204205e+00
-1.085513620394481960e+00
-1.071594300734424188e+00
-1.083514518181296404e+00
-1.086909144775391800e+00
-1.083907462555084189e+00
