-7.817646016094023098e-01
-7.885331709596449246e-01
-7.862384545344048847e-01
-7.910302013817364086e-01
-7.785008030670815815e-01
-7.864830459195309986e-01
-7.906871645438605656e-01
-7.854016593384677281e-01
-7.828659026610785832e-01
-7.871169757756525387e-01
-7.805424446898633351e-01
-7.648724850925737728e-01
-7.909154968994790424e-01
-7.903417751851612438e-01
-7.847671241226726879e-01
-7.892178727972442021e-01
-7.889301798033648838e-01
-7.695720067906314243e-01
-7.910720214906269421e-01
-7.855582006934219708e-01
-7.771404080751472820e-01
-7.904323574814134945e-01
-7.838457890513473858e-01
-7.828548655572468151e-01
-7.904522309738332142e-01
-7.800898759353095402e-01
-7.703187226045066227e-01
-7.894284709083968510e-01
-7.896220481681758274e-01
-7.909834201174908985e-01
-7.866005462321573605e-01
-7.779778775486284603e-01
-7.887066577288442959e-01
-7.880511901068621983e-01
-7.908971600893074383e-01
-7.824190643343263973e-01
-7.909435138764911999e-01
-7.911382822978431095e-01
-7.740977213445240368e-01
-7.854766885477239002e-01
-7.910472119885617603e-01
-7.883537889185482372e-01
-7.710808266612821926e-01
-7.892599834787780155e-01
-7.910516599851781239e-01
-7.760895148578220715e-01
-7.882942736807400097e-01
-7.909899123671585430e-01
-7.849921363133126606e-01
-7.903272856685453762e-01
-7.739169618773394932e-01
-7.896389321151310314e-01
-7.906915296527677883e-01
-7.817422731506759037e-01
-7.908471340972119679e-01
-7.909963068279558529e-01
-7.910108270782166828e-01
-7.871077016654545178e-01
-7.909901498544150700e-01
-7.889636077645355572e-01
-7.911470087903672566e-01
-7.907243010315233578e-01
-7.908695687267118801e-01
-7.706425397384101261e-01
-7.794279095444017758e-01
-7.811194604921275486e-01
-7.874582142296367993e-01
-7.910879992607170452e-01
-7.848702923121982922e-01
-7.768538475695186962e-01
-7.884682857158714642e-01
-7.609468356433445324e-01
-7.866875159281426777e-01
-7.909790745663577427e-01
-7.593075346860224117e-01
-7.837081842783027996e-01
-7.827534314903551449e-01
-7.906578679296308865e-01
-7.904782279121810307e-01
-7.901315626415544857e-01
-7.898264408770138134e-01
-7.910275722581082691e-01
-7.728434421780639996e-01
-7.853431052255565037e-01
-7.908972690540486683e-01
-7.905547574821049084e-01
-7.847423174145752300e-01
-7.906222634676033367e-01
-7.714302560973101963e-01
-7.742005021038586010e-01
-7.718387220713430752e-01
-7.855252132478290905e-01
-7.860754851910406460e-01
-7.908792125719720234e-01
-7.859382324579292645e-01
-7.800961781951719631e-01
-7.910087483662301411e-01
-7.892546730774575581e-01
-7.882436963456803669e-01
-7.898888441461259236e-01
-7.854008360493117680e-01
-7.865793036955529560e-01
-7.896072233754330982e-01
-7.905512072804504742e-01
-7.892729717034036030e-01
-7.883205863374406208e-01
-7.854936488631302227e-01
-7.905059831875497212e-01
-7.866376911017233242e-01
-7.768831348705226292e-01
-7.905090016040140499e-01
-7.838122493314677586e-01
-7.661517833086782803e-01
-7.865302965703541149e-01
-7.870716771769458164e-01
-7.907425391215020527e-01
-7.910004353809291233e-01
-7.906584658387237896e-01
-7.768935265678101887e-01
-7.903435121017629017e-01
-7.850775600138241161e-01
-7.881716175663405766e-01
-7.910043134081298222e-01
-7.845315237256819119e-01
-7.895958016353780140e-01
-7.908767976525360455e-01
-7.731371030870014538e-01
-7.825953599724108090e-01
-7.910836164566809048e-01
-7.751472622814709057e-01
-7.890055312502318730e-01
-7.902102659183675160e-01
-7.897948830115729679e-01
-7.906284334796601643e-01
-7.807490837487512936e-01
-7.842847316253119816e-01
-7.848813117209011425e-01
-7.907719251426988949e-01
-7.869510066422754635e-01
-7.852429610404306759e-01
-7.907792760717803349e-01
-7.812433245319062580e-01
-7.909644295188719143e-01
-7.721910618904167523e-01
-7.911367856624657025e-01
-7.871820668417149891e-01
-7.908177657711440434e-01
-7.695404694142872204e-01
-7.903244618984991421e-01
-7.819369270193511356e-01
-7.778147824767166485e-01
-7.863818195375734676e-01
-7.848909592914515843e-01
-7.775681803661519398e-01
-7.877989041346246113e-01
-7.721686347114974369e-01
-7.758461584064298977e-01
-7.888285538840228428e-01
-7.883040693315798153e-01
-7.900278775679999699e-01
-7.896338312613898625e-01
-7.843365364435249676e-01
-7.910723567667538036e-01
-7.622380939039522518e-01
-7.909512419912153591e-01
-7.869709052804046978e-01
-7.901760305005246510e-01
-7.887042735430532803e-01
-7.907008540543848385e-01
-7.906023387524420132e-01
-7.910874320852691044e-01
-7.878596943530374874e-01
-7.906992158579760899e-01
-7.909689045238429417e-01
-7.863705319079691280e-01
-7.726441251772576679e-01
-7.896811480361157765e-01
-7.809915992158585896e-01
-7.763379134896332134e-01
-7.798174957472020496e-01
-7.747921126621896137e-01
-7.899738748285108914e-01
-7.790162919747763981e-01
-7.865028504940801968e-01
-7.857723536628419270e-01
-7.847573666560584416e-01
-7.689525757643514980e-01
-7.824814759853416790e-01
-7.714996331098610272e-01
-7.844870456221634258e-01
-7.910683194833928455e-01
-7.788427921670609821e-01
-7.910667176085645069e-01
-7.644617904636198391e-01
-7.899177216651970257e-01
-7.902430978330904354e-01
-7.661024194869333614e-01
-7.906456489774519314e-01
-7.741358329269224514e-01
-7.906835873338514675e-01
-7.848259920912915577e-01
-7.556628335925871243e-01
-7.897094825941258778e-01
-7.906200450572306027e-01
-7.908022685635024418e-01
-7.891667469131881107e-01
-7.867288424360686649e-01
-7.910335131648117413e-01
-7.851419563132459034e-01
-7.901103527012401928e-01
-7.829793424072796215e-01
-7.817373669433528294e-01
-7.845473413082891811e-01
-7.809163800167971958e-01
-7.710827675375276913e-01
-7.780308241683179249e-01
-7.880179325777226795e-01
-7.888324086281591763e-01
-7.805822661805087437e-01
-7.676729236456686367e-01
-7.861865081551605572e-01
-7.902323261561924328e-01
-7.749000697123938908e-01
-7.910813486862117161e-01
-7.731243104401165356e-01
-7.859553995269471516e-01
-7.910760727438265194e-01
-7.903122913750940670e-01
-7.842355196091467251e-01
-7.876169525745445599e-01
-7.909984367626839985e-01
-7.600871410879427303e-01
-7.901893949794703831e-01
-7.909716118785673489e-01
-7.886598447996312489e-01
-7.692640724319154133e-01
-7.839999136242205013e-01
-7.906738410431081165e-01
-7.910650850000912060e-01
-7.725326821866566052e-01
-7.791061739164525379e-01
-7.897714853945309033e-01
-7.890443161788517346e-01
-7.866224425572091450e-01
-7.869184876519376148e-01
-7.886319740402633061e-01
-7.852372175741130222e-01
-7.895260818961197247e-01
-7.767465405824715008e-01
-7.887402831304007877e-01
-7.904330122011834492e-01
-7.888878325658971180e-01
-7.902092042106324543e-01
-7.672814291629129757e-01
-7.906719029608303417e-01
-7.911284577760034908e-01
-7.898194466444784512e-01
-7.910675874638491978e-01
-7.909527106869155277e-01
-7.849907626125151028e-01
-7.868642641889983524e-01
-7.873390012147957195e-01
-7.910138333874875416e-01
-7.891493870603972782e-01
-7.910009131494099011e-01
-7.910883820342952122e-01
-7.850689564558798184e-01
-7.775709845784241070e-01
-7.900238030317360272e-01
-7.911021637457543720e-01
