-7.817700051471238032e-01
-7.885329641654446053e-01
-7.862395842321046047e-01
-7.910306377683765655e-01
-7.785018170082775857e-01
-7.864834154168740543e-01
-7.906870147309210672e-01
-7.853939404746427266e-01
-7.828635907060299548e-01
-7.871177268883925437e-01
-7.805432818113572369e-01
-7.648663041318010114e-01
-7.909164985692188621e-01
-7.903412466851912344e-01
-7.847637581898185832e-01
-7.892173877616472932e-01
-7.889327404307024949e-01
-7.695707773447481026e-01
-7.910723150058210917e-01
-7.855566925706621850e-01
-7.771452084620349421e-01
-7.904318056532958492e-01
-7.838350044482617074e-01
-7.828593153974479080e-01
-7.904522263318563002e-01
-7.800896533144221490e-01
-7.703122505410272547e-01
-7.894291721802066952e-01
-7.896246079609211543e-01
-7.909834187203637068e-01
-7.866046555912972194e-01
-7.779723743603453867e-01
-7.887030238565927442e-01
-7.880505872266609924e-01
-7.908976016314465118e-01
-7.824248152881296825e-01
-7.909436085744210310e-01
-7.911389701131996688e-01
-7.740898573898983281e-01
-7.854698755775375574e-01
-7.910482365352130563e-01
-7.883523022388253532e-01
-7.710710177173943913e-01
-7.892569118598277145e-01
-7.910521036141013873e-01
-7.760802471511030198e-01
-7.882930119085647114e-01
-7.909897109373250634e-01
-7.849958317320463452e-01
-7.903277689940396700e-01
-7.739045011050946776e-01
-7.896393786670302672e-01
-7.906906184120281456e-01
-7.817422206544859531e-01
-7.908472215869770672e-01
-7.909967289166612847e-01
-7.910124719240064772e-01
-7.871045384230026531e-01
-7.909909085303353793e-01
-7.889616285364629000e-01
-7.911475802262758483e-01
-7.907248530184490809e-01
-7.908699990556504744e-01
-7.706332110937497148e-01
-7.794236077684226771e-01
-7.811247311744237143e-01
-7.874620497142974518e-01
-7.910888894275052152e-01
-7.848706249368082588e-01
-7.768590361103313580e-01
-7.884674072612060103e-01
-7.609429126322595494e-01
-7.866909821578178530e-01
-7.909795419605089029e-01
-7.593105132789694789e-01
-7.837104691784648747e-01
-7.827491603271197196e-01
-7.906582066301051093e-01
-7.904799625395444451e-01
-7.901314890269910407e-01
-7.898249021837302486e-01
-7.910281608693815469e-01
-7.728408773840735879e-01
-7.853448817041319696e-01
-7.908985123657101823e-01
-7.905554271428197888e-01
-7.847399480409636974e-01
-7.906233040921938349e-01
-7.714244841119347607e-01
-7.741947685754685393e-01
-7.718388733004509783e-01
-7.855232819775730402e-01
-7.860777340113660472e-01
-7.908789534144394784e-01
-7.859330934447653627e-01
-7.800936046762302345e-01
-7.910091234836850171e-01
-7.892516618430625019e-01
-7.882404606578470307e-01
-7.898856205898547866e-01
-7.854046483250443078e-01
-7.865786622182259213e-01
-7.896070187350743286e-01
-7.905532902075266266e-01
-7.892726760381461037e-01
-7.883204202335016841e-01
-7.854948348964660987e-01
-7.905077246331931873e-01
-7.866362004569262822e-01
-7.768813406894057305e-01
-7.905086994944272583e-01
-7.838136556144216227e-01
-7.661570434410418518e-01
-7.865323112035075281e-01
-7.870690491105616360e-01
-7.907419036517441269e-01
-7.910004812566325816e-01
-7.906593826841382677e-01
-7.768894018109181454e-01
-7.903456033616796939e-01
-7.850698801644496738e-01
-7.881677805513336299e-01
-7.910054605486479540e-01
-7.845284877371503374e-01
-7.895940571835128319e-01
-7.908768636051161094e-01
-7.731485436914594667e-01
-7.825846964734659572e-01
-7.910838568235395440e-01
-7.751461388098418448e-01
-7.890030894380908322e-01
-7.902097518900027540e-01
-7.897967497623840094e-01
-7.906289007696911675e-01
-7.807462692559894446e-01
-7.842818750506109771e-01
-7.848829942278576777e-01
-7.907735446362771370e-01
-7.869478274251278105e-01
-7.852405975590610598e-01
-7.907795742974212949e-01
-7.812445254889937019e-01
-7.909657734455864952e-01
-7.721889286337363378e-01
-7.911372054796038666e-01
-7.871796878435303180e-01
-7.908182102153388238e-01
-7.695355354381148150e-01
-7.903255129988518979e-01
-7.819361489123951570e-01
-7.778209764281999172e-01
-7.863764614899418914e-01
-7.848968427817167859e-01
-7.775694957395906659e-01
-7.877948158174975513e-01
-7.721591093247259785e-01
-7.758431776558682991e-01
-7.888278333471491210e-01
-7.883061171200135275e-01
-7.900287615676494513e-01
-7.896337198735675633e-01
-7.843409750750565124e-01
-7.910728154864260508e-01
-7.622386745294644772e-01
-7.909511993252915651e-01
-7.869683120946323607e-01
-7.901779926525521747e-01
-7.887010243441898716e-01
-7.907014332122983546e-01
-7.906018805964304397e-01
-7.910877096064331537e-01
-7.878582748614300080e-01
-7.907003980731576176e-01
-7.909694664536102149e-01
-7.863680463587304770e-01
-7.726513641015857470e-01
-7.896802513491414377e-01
-7.809923253539617916e-01
-7.763381604855270623e-01
-7.798249935214179862e-01
-7.747887825964208108e-01
-7.899743009555036943e-01
-7.790151243671761261e-01
-7.865036470115812639e-01
-7.857727465077943840e-01
-7.847536031919816191e-01
-7.689523228574778324e-01
-7.824809739929331487e-01
-7.715116416867905391e-01
-7.844913663320107755e-01
-7.910692869772694147e-01
-7.788344295615824420e-01
-7.910679636123273406e-01
-7.644673091649220042e-01
-7.899172691983916694e-01
-7.902431173571561329e-01
-7.661040853756609925e-01
-7.906457713251128228e-01
-7.741266585572940118e-01
-7.906850479205107529e-01
-7.848312428145020059e-01
-7.556740589734960434e-01
-7.897087467932154548e-01
-7.906203478495746895e-01
-7.908021197842816097e-01
-7.891669551362336943e-01
-7.867299369694743527e-01
-7.910336306239543758e-01
-7.851411149211087181e-01
-7.901126978121230104e-01
-7.829791859579954272e-01
-7.817377468360837689e-01
-7.845463330357992371e-01
-7.809099184322955134e-01
-7.710773529222987310e-01
-7.780305199815720218e-01
-7.880159948614932075e-01
-7.888339198552475340e-01
-7.805819994461994371e-01
-7.676622059967297407e-01
-7.861841593606960776e-01
-7.902331300791873847e-01
-7.749019603653535260e-01
-7.910819477230794927e-01
-7.731087545174814002e-01
-7.859541098088499433e-01
-7.910771023409771674e-01
-7.903130283178866344e-01
-7.842349592423826232e-01
-7.876155937377256055e-01
-7.909985866211624028e-01
-7.600731596542268376e-01
-7.901903306476298905e-01
-7.909716782038207494e-01
-7.886594330516516482e-01
-7.692644769212608757e-01
-7.839989138573384420e-01
-7.906743779130730454e-01
-7.910655752372510729e-01
-7.725305616817874643e-01
-7.791020755692098509e-01
-7.897738833647830470e-01
-7.890445469217266528e-01
-7.866222669531188760e-01
-7.869231728769747747e-01
-7.886326369702301164e-01
-7.852365131603403769e-01
-7.895247009213071099e-01
-7.767587766450156916e-01
-7.887400785877524134e-01
-7.904330640862800017e-01
-7.888902876668687503e-01
-7.902109498240450502e-01
-7.672722116395914727e-01
-7.906732470189967721e-01
-7.911291886820526198e-01
-7.898182368200946657e-01
-7.910687938746784331e-01
-7.909533898545351160e-01
-7.849913123236672563e-01
-7.868627495325789534e-01
-7.873413486574315501e-01
-7.910145491653168826e-01
-7.891493893093644019e-01
-7.910014160178796550e-01
-7.910886875926602668e-01
-7.850622200246177851e-01
-7.775738582830824530e-01
-7.900210277108870027e-01
-7.911022860727110473e-01
