-5.748390598661893280e-01
-5.372320444744087542e-01
-5.765550148932497843e-01
-5.261113556850860462e-01
-5.218249691526830603e-01
-5.002079108165867760e-01
-4.611491320771595182e-01
-5.762444365812021685e-01
-5.284837281998558955e-01
-5.736215419630372736e-01
-5.025535192798684658e-01
-5.765038723143989241e-01
-5.311325976581060537e-01
-5.153708537207842832e-01
-5.072311861004041855e-01
-4.955947775811030964e-01
-5.409688487891310960e-01
-5.749900209636914505e-01
-5.697123751540190684e-01
-5.711382993364803040e-01
-5.764178530916407306e-01
-5.765318474958625039e-01
-5.317194343688271818e-01
-5.667879835615109441e-01
-5.215460966560870881e-01
-5.264124688897516835e-01
-5.664252410304655427e-01
-5.468530903156185730e-01
-5.190418401304867091e-01
-5.174402021434147958e-01
-5.706354662141684964e-01
-5.430617767167827958e-01
-5.055362249364623306e-01
-5.761056252428855551e-01
-5.701092554816503677e-01
-5.710403279693293532e-01
-5.726913623066026693e-01
-5.743629108623848900e-01
-4.618281413966711102e-01
-3.663639678819763379e-01
-5.654135812926013305e-01
-5.120511586504238322e-01
-5.585797053833195802e-01
-4.965427949331864821e-01
-5.493780267206438417e-01
-4.955947775811030964e-01
-5.247477983614253771e-01
-5.762481368761767087e-01
-5.407235314265841364e-01
-5.561228669385398504e-01
-5.147510914665641701e-01
-5.771640500661024964e-01
-5.018344385995890944e-01
-5.768539753516661595e-01
-5.669668697285527026e-01
-5.770856941111817129e-01
-5.227364008871857592e-01
-5.271548944972874740e-01
-5.509365567613371262e-01
-5.738684001273423041e-01
-5.273899843890842432e-01
-5.767360896824966776e-01
-5.768990068153772022e-01
-5.334699211310894862e-01
-5.214247371707776413e-01
-5.751794481862503305e-01
-5.356521406969072530e-01
-5.680498143560035462e-01
-5.152157210576362445e-01
-5.761161225154197707e-01
7.834419524048653882e-02
-5.467090570785658743e-01
-5.164030424401202524e-01
-5.239767073160135347e-01
-5.661025781241342258e-01
-5.393092333677828032e-01
-5.705257983874142402e-01
-5.681295233608968376e-01
-5.542645910590433544e-01
-5.180479585772956863e-01
-5.234332709463654920e-01
-4.945951915285403122e-01
-5.647726375364249263e-01
-5.710403279693293532e-01
-5.724811589527584177e-01
-5.757844863433123628e-01
-4.769028517409181211e-01
-5.766452117076767969e-01
-5.647726375364249263e-01
-5.235770519326508055e-01
-4.982199256964738310e-01
-5.770922951878331153e-01
-5.306471194688038295e-01
-5.225091239060778436e-01
-5.284837281998558955e-01
-5.339192699104431394e-01
-5.572191568782485227e-01
-5.737558703669231042e-01
-5.384885646212320687e-01
-5.085820332852857284e-01
-4.538806975936154897e-01
-5.674122598931112815e-01
-5.399771820471945816e-01
-5.361836617821343909e-01
-5.634773944178201877e-01
-5.463625725363856489e-01
-5.483674888118729163e-01
-5.502871087230195579e-01
-5.306471194688038295e-01
-5.246227151630926677e-01
-5.086094719011753362e-01
-5.010404679535376271e-01
-5.685009930219336871e-01
-5.767803451269011283e-01
-5.764966438582344033e-01
-5.771352666462812309e-01
-5.766127088308092841e-01
-5.674122598931112815e-01
-5.707253245408605569e-01
-4.931318453682461134e-01
-5.182938530024546742e-01
-4.655428381701803842e-01
-5.033531267213668947e-01
-5.507569671088952123e-01
-5.404516886843440115e-01
-5.757189761380649973e-01
-5.757593523375644784e-01
-5.223286018433739297e-01
-5.757737263329768540e-01
-5.189437436194098696e-01
-5.241502437553396954e-01
-5.448298471229011675e-01
-5.240815836916116188e-01
-5.403752863097943671e-01
-5.232784697349365244e-01
-5.770960035148899880e-01
-5.287549997185488904e-01
-5.193702394472067274e-01
-4.611491320771595182e-01
-5.768503903975231717e-01
-5.467494356960689306e-01
-5.720852460603997880e-01
-5.421831725308733363e-01
-5.674702346374456141e-01
-5.176340002194834700e-01
-4.782141251526503267e-01
-5.284837281998558955e-01
-5.768043168115768449e-01
-5.477447650160376380e-01
-5.758587971055239008e-01
-5.770856941111817129e-01
-5.399711359480837691e-01
-5.757737263329768540e-01
-4.976672200022315140e-01
-5.769788767701213850e-01
-5.007619199706997426e-01
-5.113479138933831880e-01
-5.671455219577723472e-01
-5.619406293625524018e-01
-5.247182912412224898e-01
-5.236745910881446253e-01
-5.748189772673705233e-01
-5.473097652621099485e-01
-5.661609363381269189e-01
-5.220874063154562483e-01
-5.618538871443271576e-01
-4.997254396358675188e-01
-4.847059333422132910e-01
-5.270552480784852500e-01
-5.622581180720263028e-01
-5.701092554816503677e-01
-5.275141656071178353e-01
-5.341820430620030091e-01
-5.747981643660966533e-01
-5.114575020751819245e-01
-5.050643697652161812e-01
-5.393092333677828032e-01
-5.769949087431980317e-01
-5.174434663878151319e-01
-5.618538871443271576e-01
-5.767923439222520932e-01
-4.895219668973827543e-01
-4.862075586287259443e-01
-5.707253245408605569e-01
-5.214196786538224382e-01
-5.750780128208899944e-01
-5.467502665803717354e-01
-5.348177853953928196e-01
-5.049111837524931090e-01
-5.677504295549855584e-01
-5.264600378995050178e-01
-5.763384211405521151e-01
-5.297304736735273245e-01
-5.771390743422050162e-01
-5.577143220167691817e-01
-5.747777508145298642e-01
-5.709055429628068223e-01
-5.293835215177508102e-01
-5.120888539840591225e-01
-5.258124747386115905e-01
-5.374190332729212871e-01
-5.767671683895211343e-01
-5.701119692954684792e-01
-5.516202786980908268e-01
-5.769109740297437838e-01
-5.304756688137786114e-01
-5.640066356538789849e-01
-5.734104918698523790e-01
-5.769109740297437838e-01
-5.328362765790217725e-01
-5.240829447775317007e-01
-5.559628610852839214e-01
-5.760480995241937796e-01
-5.749823562858541459e-01
-5.754330307491889451e-01
-5.208126395633583261e-01
-5.681731139297959698e-01
-5.431927774263878295e-01
-5.760066250605897498e-01
-5.188956750300759424e-01
-4.913064561462655577e-01
-5.611207378793821032e-01
-5.338121654676591943e-01
-5.020714475868152116e-01
-5.738684001273423041e-01
-5.570779956578519876e-01
-5.753241448838063432e-01
-5.052414409817325147e-01
-5.304442067801138361e-01
-4.840126665061251776e-01
-4.785681658337144762e-01
-5.218249691526830603e-01
-5.234565496306285981e-01
-5.330580347095662530e-01
-5.751785399669931964e-01
-5.173219001336558653e-01
-5.688693986074495612e-01
-5.211204512616544049e-01
-5.507778029651148044e-01
-5.138339941066220051e-01
-4.785681658337144762e-01
-5.711382993364803040e-01
-5.762118845613627416e-01
-5.743377879196079894e-01
-5.712339465625043688e-01
-5.399580413345986818e-01
-5.685610013276525265e-01
-5.768303075946935587e-01
-5.082188839745358511e-01
-5.701092554816503677e-01
-4.851229945915552788e-01
-5.648155299599039170e-01
-5.504034315714115833e-01
-4.722833995275508845e-01
-4.663273704028389477e-01
-5.163975068705564109e-01
-5.760907284228751202e-01
-5.769500676883024815e-01
-5.771792515538599622e-01
-4.945565205016544952e-01
-5.501253224221993587e-01
-5.681731139297959698e-01
-5.563065909677035181e-01
-5.727049259906932255e-01
-5.590240564657400490e-01
-5.579148920883604257e-01
-5.763427097660869247e-01
-5.674702346374456141e-01
-5.023502224404796657e-01
-5.667879835615109441e-01
-5.448955498299938860e-01
-4.840126665061251776e-01
-5.154017320539522329e-01
-5.506922526819948427e-01
-5.701092554816503677e-01
-5.037887874847685188e-01
-5.245160887489180856e-01
-5.738633169514477661e-01
-5.222101749776575375e-01
-5.766128815466700086e-01
-5.537606097766510915e-01
-5.765696816214608278e-01
-5.138187309439185002e-01
-5.218249691526830603e-01
-5.627631067116448671e-01
-5.262910829034362914e-01
-5.361839350939399118e-01
-5.635636652883513342e-01
-5.710489262453983805e-01
-5.739275076168007805e-01
-4.892402225460773524e-01
-5.306471194688038295e-01
-5.726913623066026693e-01
-5.028304693389857860e-01
-5.762185229840532941e-01
-4.967868040468086943e-01
-5.769493099189019203e-01
-5.768503903975231717e-01
-5.306471194688038295e-01
-5.665158072355273022e-01
-5.501253224221993587e-01
-5.523598133599565418e-01
-4.812440658292217455e-01
-5.479559983310461346e-01
-5.151953221910432479e-01
-4.611491320771595182e-01
-5.212415831421758350e-01
-5.042268663392281969e-01
-5.504034315714115833e-01
-5.669668697285527026e-01
-5.665158072355273022e-01
-5.772476212318522482e-01
-4.626513459011990514e-01
-5.292770491404203970e-01
-5.239767073160135347e-01
-5.181649524641513960e-01
-5.319581638266966950e-01
-5.500157176724330688e-01
-5.215460966560870881e-01
-5.770484997780978009e-01
