-8.086300239777886034e-01
-8.057291817873303286e-01
-7.971117186864591364e-01
-8.083754138276926238e-01
-8.038853509032055644e-01
-8.001967650876902205e-01
-8.049671177736242855e-01
-7.888913501680001605e-01
-7.985308577583527523e-01
-8.065223967339613109e-01
-8.015121355251025870e-01
-8.084158753231461825e-01
-8.080726580993421448e-01
-8.024828712228679883e-01
-7.932634446924491378e-01
-8.042493458502506520e-01
-8.028516159881302627e-01
-8.088761741356843560e-01
-8.080610806086554465e-01
-8.087627903789582628e-01
-8.069463488197879952e-01
-8.051403084202449767e-01
-8.084519545961026399e-01
-7.886897652322478747e-01
-8.088778612013530767e-01
-8.087971190953245904e-01
-8.044600815586550047e-01
-8.088736841446941828e-01
-7.967136363018220147e-01
-8.082262499897506780e-01
-7.990956403848467060e-01
-7.955227820521988402e-01
-7.839246620700766055e-01
-8.085597618013529164e-01
-7.900636930295220628e-01
-8.086358294701275762e-01
-7.970847072351887608e-01
-7.985886590218566061e-01
-7.957385664455305374e-01
-8.079855740834207545e-01
-7.806290101283548388e-01
-8.082074016779029479e-01
-8.048983522139673275e-01
-7.954955567840973352e-01
-7.948125002948068785e-01
-8.075373249931779851e-01
-8.088567220803661861e-01
-8.070281694369341174e-01
-8.086394774031754329e-01
-8.072220725248818729e-01
-7.909480730398213977e-01
-8.049742094969201123e-01
-8.040507371271037318e-01
-8.003123890456160794e-01
-8.058400487021041281e-01
-7.826056718975674675e-01
-7.960494740043143613e-01
-8.073838464246948510e-01
-8.068586459253650478e-01
-7.990367707902196193e-01
-8.085413410531646639e-01
-7.973644678450576562e-01
-7.993357640355811533e-01
-8.085057080228276183e-01
-8.088931697650293406e-01
-8.086492681882971878e-01
-8.086827946813295309e-01
-7.937388462588467197e-01
-8.082749169045857496e-01
-8.075464686548092796e-01
-7.873853375109987063e-01
-8.043023998165692579e-01
-7.992791827831192686e-01
-8.066170905627521037e-01
-8.088885592237343714e-01
-8.083292379728727051e-01
-8.087985134221977734e-01
-8.002792730382773945e-01
-8.008809849910371037e-01
-7.934081748689898461e-01
-8.060665213578384058e-01
-7.936294703988698851e-01
-8.086397007169994211e-01
-8.086657124710858735e-01
-7.933498932968886530e-01
-8.073857732011419097e-01
-7.989013734771704955e-01
-8.082489947264466235e-01
-7.764537917034667336e-01
-7.920896249711143478e-01
-8.075617753464912063e-01
-8.059669719949462685e-01
-8.087293367708685565e-01
-8.066344948357526690e-01
-8.064864953748508425e-01
-7.953495113756223756e-01
-7.806897327514619178e-01
-8.028439072553144040e-01
-7.996407939761130956e-01
-8.088893121831339794e-01
-7.920545278413692047e-01
-8.058554803226734009e-01
-8.056192413597957902e-01
-7.870777649895509542e-01
-8.082182801921478088e-01
-7.911995076714571917e-01
-7.701254264913854897e-01
-7.961622985275229603e-01
-7.931908001089228444e-01
-8.039552328779654422e-01
-8.088897375387696931e-01
-8.049367938490230578e-01
-8.089254657840303508e-01
-8.069728941954166235e-01
-8.013900469203621979e-01
-7.847292422415630408e-01
-8.046693573542454958e-01
-8.086961164466178742e-01
-8.089028440062296932e-01
-8.085526864440314432e-01
-8.084261296118893103e-01
-8.075797254650590729e-01
-7.946659057997830233e-01
-7.958793025642675323e-01
-7.946537549255578980e-01
-8.083193461968297688e-01
-8.057370394400065194e-01
-8.067547154240073404e-01
-8.085509814294139508e-01
-8.066288982312422862e-01
-7.504591839312904078e-01
-8.088307514792617559e-01
-7.865672802953521670e-01
-8.048224451260447276e-01
-8.021982147949656694e-01
-8.069347915510743929e-01
-8.017674686626223846e-01
-7.997414144191307139e-01
-8.072728164610432078e-01
-7.884051525012958361e-01
-8.041468773127292691e-01
-8.026123464396869300e-01
-8.074867072419151803e-01
-7.925974571184195572e-01
-7.964827816665960292e-01
-8.077422794902312519e-01
-7.901296778104283103e-01
-7.872138099750555229e-01
-8.082431253321518128e-01
-8.062383280455616141e-01
-8.053337295775699900e-01
-8.042278970165251950e-01
-8.045086112476187434e-01
-8.072480854349350921e-01
-7.973757105809989865e-01
-8.058436829481769870e-01
-7.879933900576704398e-01
-8.024630768568138395e-01
-8.033429838436655368e-01
-8.050516760605583855e-01
-7.920496614992676987e-01
-8.029392285176197852e-01
-8.088529499763804642e-01
-8.049144772599673425e-01
-8.079162753222089988e-01
-8.033174515852308240e-01
-7.896748726974496257e-01
-8.040108977991661243e-01
-8.074134930738351423e-01
-7.973358365420818439e-01
-8.054535295491642710e-01
-8.046485806109558991e-01
-8.088308370571873906e-01
-8.085214615721743048e-01
-7.879141966893886684e-01
-8.060604140157626718e-01
-8.085785303792286660e-01
-8.077073249053622339e-01
-8.077990423655408980e-01
-8.088117270485678523e-01
-8.048432082623381278e-01
-8.011523911586070357e-01
-8.066833877693887489e-01
-8.083908720252672708e-01
-8.038957960117985024e-01
-8.037920394012824099e-01
-8.068368339009115431e-01
-8.049232249659239447e-01
-8.066306981248108077e-01
-8.000533578060822215e-01
-8.082805152090825063e-01
-8.013125056647590894e-01
-8.088067000656161687e-01
-8.054322353923107913e-01
-8.018011229535408901e-01
-8.031674019879853077e-01
-8.075975313767074226e-01
-8.077740691336569023e-01
-8.088395168332099816e-01
-8.081812014130013155e-01
-8.026457122968142510e-01
-8.020552414680314213e-01
-8.087584971973986736e-01
-7.957095275769053844e-01
-8.027875641276720486e-01
-8.086119875972987980e-01
-7.913920435695013245e-01
-8.081924741279101765e-01
-8.002095773393648193e-01
-8.077252917868988913e-01
-8.023932866379731577e-01
-8.087425351462469436e-01
-8.063272307170310516e-01
-7.995807978663956872e-01
-8.077183877424584102e-01
-8.084456977811371736e-01
-8.035923903459548656e-01
-8.077586907620267764e-01
-7.926877090917799906e-01
-8.029762947997791667e-01
-7.869173605226243984e-01
-8.068849411441940678e-01
-8.089028724112042879e-01
-8.085754514287063488e-01
-7.915963582470963988e-01
-7.950973048295960632e-01
-7.896728844320479723e-01
-8.049813123881767174e-01
-8.074742429429372370e-01
-7.992892238610382893e-01
-8.047252098623005612e-01
-8.088850078945781785e-01
-8.088324130599148232e-01
-8.088280631824054101e-01
-8.031058401275271708e-01
-7.905021697816534409e-01
-8.067204515515766783e-01
-8.085799207881153583e-01
-7.908183965021637896e-01
-8.085490037749931691e-01
-8.088447057880280289e-01
-8.022317332339738982e-01
-7.898393673630538236e-01
-8.086641779033121313e-01
-8.083602637358942022e-01
-7.852356485050269175e-01
-8.070579617199615807e-01
-8.020887449060736252e-01
-7.989811151340057149e-01
-8.081257811226002508e-01
-8.077230839996661915e-01
-8.083580394376795875e-01
-8.079828138246445413e-01
-8.077891327125131804e-01
-7.983719905042071519e-01
-7.973863161584625603e-01
-8.052316053947587982e-01
-8.083123527304590938e-01
-8.057133147960903186e-01
-8.088442527583952213e-01
-8.046223286110814055e-01
-7.847706533702523135e-01
-8.043357872846943479e-01
-8.088411784988722708e-01
-8.088811324557066973e-01
-8.081911062790212430e-01
-7.998767968111923921e-01
-8.048192921445892489e-01
-8.089005865920606553e-01
-8.049537525763608148e-01
