-1.075781223170122924e+00
-1.055922412119469467e+00
-1.076089220858774009e+00
-1.076036067485472980e+00
-1.062172344691715065e+00
-1.075355042509398285e+00
-1.063911363288423839e+00
-1.075547451890668693e+00
-1.072905990101060691e+00
-1.075841868102214161e+00
-1.076474237061700645e+00
-1.074371110453865352e+00
-1.073806595794520202e+00
-1.068234567336401764e+00
-1.065995762861928764e+00
-1.067203377179465118e+00
-1.072958386309108558e+00
-1.065351196370682541e+00
-1.067672301821074310e+00
-1.066202605880460563e+00
-1.074115375794133964e+00
-1.075353981732985797e+00
-1.050338792420587364e+00
-1.073841275453231159e+00
-1.071337780721149269e+00
-1.071686970807275596e+00
-1.069958302929661098e+00
-1.076503800034186664e+00
-1.071108323327860656e+00
-1.074750492155215564e+00
-1.073320425852796856e+00
-1.073256011858246151e+00
-1.076028991296551052e+00
-1.071682409189305130e+00
-1.075682264558634582e+00
-1.052368393905124488e+00
-1.073518288127741638e+00
-1.073662036835810962e+00
-1.072416259713134590e+00
-1.076527893349191967e+00
-1.056010770417413536e+00
-1.072765185303649726e+00
-1.076523926846346679e+00
-1.075445540055296245e+00
-1.076499298020860973e+00
-1.062715012851766172e+00
-1.055407280839643303e+00
-1.018767430252990547e+00
-1.064717982701620880e+00
-1.076502660095355335e+00
-1.060376859075984779e+00
-1.076610147758982006e+00
-1.075329539172015014e+00
-1.076210884183308902e+00
-1.074273858956656280e+00
-1.076515956587753120e+00
-1.065342071272096458e+00
-1.076482339568099800e+00
-1.075003837041220489e+00
-1.076511742353102985e+00
-1.067114918298682991e+00
-1.057959598295054260e+00
-1.075386390827259842e+00
-1.071127244077286544e+00
-1.072216997660360160e+00
-1.074708481125197235e+00
-1.075119780182502094e+00
-1.074569485887548748e+00
-1.075643588594755951e+00
-1.076479495308956924e+00
-1.060622413448653045e+00
-1.048743511356077018e+00
-1.060819529734215561e+00
-1.064566311232409301e+00
-1.076487871624193016e+00
-1.076030523322186294e+00
-1.067560213423929039e+00
-1.061750450908801380e+00
-1.075671952023765865e+00
-1.067259819984099689e+00
-1.052112416170201126e+00
-1.030354636527261558e+00
-1.070363746761939350e+00
-1.069566956527194801e+00
-1.076060162663123432e+00
-1.076494535237214389e+00
-1.075906701191923442e+00
-1.059808644272050682e+00
-1.045128003500065628e+00
-1.073641571953556362e+00
-1.069736516840419593e+00
-1.076011351115665260e+00
-1.070129821814260307e+00
-1.076010289407930198e+00
-1.069655195615849319e+00
-1.060461043186149421e+00
-1.073549390576443496e+00
-1.076514085560700718e+00
-1.072792434870860401e+00
-1.071469965196809593e+00
-1.050260773665866676e+00
-1.057393528327009502e+00
-1.071816826045176807e+00
-1.076521220422944847e+00
-1.075432531341574016e+00
-1.075001391388139549e+00
-1.076503827042541328e+00
-1.063230541340670410e+00
-1.069321895755491081e+00
-1.072802868477663818e+00
-1.066779131807050529e+00
-1.075972247674724880e+00
-1.062285843111238304e+00
-1.074046127304098430e+00
-1.045622366286477867e+00
-1.051184440768918815e+00
-1.057819089658222023e+00
-1.076198519944808307e+00
-1.075665975726804557e+00
-1.028239405519923988e+00
-1.047282998256048980e+00
-1.064033323704860035e+00
-1.057140284023842636e+00
-1.071008134439251247e+00
-1.076532933666965786e+00
-1.054957299299201789e+00
-1.073551411546430412e+00
-1.056557281680068794e+00
-1.072607707969507995e+00
-1.075522710375151458e+00
-1.065620618678293052e+00
-1.076519579432568374e+00
-1.075762020229956928e+00
-1.072956145546994033e+00
-1.062995581693610969e+00
-1.054611773036083999e+00
-1.075272342927417579e+00
-1.073027835033497634e+00
-1.076074817955157581e+00
-1.051991010822019401e+00
-1.075516518942675415e+00
-1.074023475676438633e+00
-1.059847612671217743e+00
-1.049005859337410751e+00
-1.058650064088067833e+00
-1.053926660485229316e+00
-1.070073164805433574e+00
-1.076524814396760288e+00
-1.070952310964128795e+00
-1.076492479808292213e+00
-1.075713906243107143e+00
-1.068310352779588523e+00
-1.067985076263210598e+00
-1.068101962834260288e+00
-1.070949463911018196e+00
-1.066286749012431923e+00
-1.062640677012166801e+00
-1.056812104574999633e+00
-1.076512572161516967e+00
-1.075953724600038353e+00
-1.075821993678471866e+00
-1.068424313135108772e+00
-1.075592354677281204e+00
-1.076093113787135902e+00
-1.073028769150039974e+00
-1.075466943710706058e+00
-1.068601060464641872e+00
-1.048560597739777389e+00
-1.055413354925474945e+00
-1.075475519328973117e+00
-1.076060059286317649e+00
-1.060108077518305603e+00
-1.071639507814905468e+00
-1.066656796998939338e+00
-1.076504927865824524e+00
-1.075423206008634391e+00
-1.075402377910575691e+00
-1.071110323808750930e+00
-1.075866816371342960e+00
-1.073145436860284629e+00
-1.071693040236494365e+00
-1.075944660968742195e+00
-1.064442339159211937e+00
-1.072177469536325756e+00
-1.048643360651693168e+00
-1.076488140776417080e+00
-1.072867858029565635e+00
-1.076545183352789703e+00
-1.076110840581021133e+00
-1.076199675716123405e+00
-1.052547580368480507e+00
-1.076341172486207309e+00
-1.076499188124797168e+00
-1.075495154402813736e+00
-1.073666269696912590e+00
-1.075612963914534870e+00
-1.076527152016422573e+00
-1.075474657855591598e+00
-1.046295991904697242e+00
-1.072553738757631603e+00
-1.069909169144592109e+00
-1.072992544427177730e+00
-1.076177591263911548e+00
-1.065250904105267349e+00
-1.075603844403884235e+00
-1.076528880551121059e+00
-1.058972985289654556e+00
-1.072962756074628654e+00
-1.076517217598519149e+00
-1.076510404042563263e+00
-1.034847113109788719e+00
-1.053542499236426178e+00
-1.076208600580355945e+00
-1.075160183749756637e+00
-1.075902109771630588e+00
-1.075434687353334251e+00
-1.075169858328661743e+00
-1.072705750159582916e+00
-1.076526189960202995e+00
-1.076156262114307705e+00
-1.057826968647203270e+00
-1.056100661672315422e+00
-1.067779996238312545e+00
-1.073029523521325412e+00
-1.076467862158677402e+00
-1.065947837002239051e+00
-1.072740069396457496e+00
-1.076487041815779033e+00
-1.076072195350787464e+00
-1.073333906747064415e+00
-1.076510882742366615e+00
-1.065066362537107292e+00
-1.070106825597247902e+00
-1.069865793727001968e+00
-1.058370430759749237e+00
-1.057993136152288738e+00
-1.072638147316536728e+00
-1.057159295111558261e+00
-1.072258226379415813e+00
-1.075649008892140213e+00
-1.045893973476848426e+00
-1.058275750644168678e+00
-1.061867658786139312e+00
-1.075974347807130638e+00
-1.072830599538645568e+00
-1.057465872533283058e+00
-1.045784051336011711e+00
-1.044074476502499405e+00
-1.076511954694649997e+00
-1.073085671096703830e+00
-1.076612436018547836e+00
-1.072096948317847076e+00
-1.064077324039897743e+00
-1.062640464670619789e+00
-1.075320075072011772e+00
-1.076515344708821598e+00
-1.076532357178292099e+00
-1.068606017894706550e+00
-1.062172013140878502e+00
-1.075197321168742004e+00
-1.056394452966413322e+00
-1.066566709234974208e+00
-1.072176598749718490e+00
-1.067749122894964042e+00
-1.062753180779180351e+00
-1.068922462679109397e+00
-1.036520021773538414e+00
-1.075143009230158153e+00
-1.059493162475189987e+00
-1.071074420392176929e+00
-1.064538898683748069e+00
-1.067829365647992912e+00
-1.075575066536328617e+00
-1.075572342417797866e+00
-1.075827868461272541e+00
-1.076509262241086784e+00
-1.043957215539774719e+00
-1.076003709613940540e+00
-1.064102445535025421e+00
-1.072205806888303581e+00
-1.075316763288936439e+00
-1.070663042172453228e+00
-1.066436790667137924e+00
-1.068730136185548130e+00
-1.076614128231665912e+00
-1.075939941025934043e+00
-1.065095212116501155e+00
-1.073841156243941608e+00
-1.049793286986312690e+00
-1.070678871862253967e+00
-1.060592482603750053e+00
-1.071713105581364456e+00
-1.067256617165765586e+00
-1.076087354488334480e+00
-1.057158010817727867e+00
-1.073384191646835628e+00
-1.069778675950727287e+00
-1.075663538455626789e+00
-1.075946106381377998e+00
-1.075208714037797275e+00
-1.052706184602937522e+00
-1.076473381176254573e+00
-1.066288202806970897e+00
-1.058467431731185737e+00
-1.066120787329635444e+00
-1.074249152831396881e+00
-1.056179296962580505e+00
-1.060170153893194023e+00
-1.076609336577019516e+00
-1.070929535470566574e+00
-1.069639601550659957e+00
-1.057820462427697006e+00
-1.058845677218994918e+00
-1.046761940039357963e+00
-1.059152412034234825e+00
-1.069298968456349197e+00
-1.065318411953410926e+00
-1.073006945468149009e+00
-1.075067599109968963e+00
-1.076510451540014568e+00
-1.072817965216598335e+00
-1.067200633503160301e+00
-1.070102291918954673e+00
-1.074024308278820339e+00
-1.075389030195436302e+00
-1.076528290092608753e+00
-1.075291388474068466e+00
-1.048281854755840126e+00
-1.070579287401995483e+00
-1.070096249498090568e+00
-1.055438198886475387e+00
-1.072740932732484165e+00
-1.076515506758949581e+00
-1.057811257235369506e+00
-1.076518206663093391e+00
-1.076597293644807163e+00
-1.075397589049897018e+00
-1.064828193552455726e+00
-1.046370529375634018e+00
-1.076057871609589878e+00
-1.076030309117994133e+00
-1.072907005242667022e+00
-1.076026447854599777e+00
-1.071413888401946846e+00
-1.062163208417258087e+00
-1.073714357606730285e+00
-1.066029444142839733e+00
-1.075290854826233211e+00
-1.076502851947805706e+00
-1.064361976265570942e+00
-1.060149484119973007e+00
-1.076153762444517437e+00
-1.051305510840973678e+00
-1.072126514084300819e+00
-1.075043179832062545e+00
-1.066436072617432895e+00
-1.058179094262084785e+00
-1.051354675359687629e+00
-1.054034626848659340e+00
-1.047818100817165199e+00
-1.069983213945886913e+00
-1.076481912091038051e+00
-1.070419900856575790e+00
-1.053204386301002327e+00
-1.072926687813958946e+00
-1.071250804505905929e+00
-1.057970938078722778e+00
-1.073940615906975093e+00
-1.062536667838356319e+00
-1.064027323193511787e+00
-1.075794730141422573e+00
-1.075176709137520614e+00
-1.073738653950056854e+00
-1.075936280928215805e+00
-1.074454630531034294e+00
-1.076028635531327549e+00
-1.068682229883632484e+00
-1.073070942230186287e+00
-1.064499427370390716e+00
-1.072301084912977043e+00
-1.070565971351823631e+00
-1.076161256797275367e+00
-1.075237532883546177e+00
-1.066822944946250740e+00
-1.049486799902877632e+00
-1.051903209454974952e+00
-1.075916295677087131e+00
-1.076475574440917793e+00
-1.072913053251466575e+00
-1.050506069130859199e+00
-1.075601517960092846e+00
-1.072112004078588310e+00
-1.075491469159385982e+00
-1.066851100690326515e+00
-1.051273566476664367e+00
-1.076468376248738590e+00
-1.047744058809838119e+00
-1.064725198588929000e+00
-1.074766636632046524e+00
-1.070828531674704376e+00
-1.064540766916832748e+00
-1.073736914239487472e+00
-1.073782409347257438e+00
-1.049541058756074730e+00
-1.075852357588372055e+00
-1.056027938417753997e+00
-1.075861019819638553e+00
-1.074626931726596180e+00
-1.073240441076121154e+00
-1.057417851678690734e+00
-1.052702453724703613e+00
-1.059175134442410293e+00
-1.044633338965139213e+00
-1.075351086251101318e+00
-1.070293132953009430e+00
-1.076035927787086788e+00
-1.061392861224374595e+00
-1.061586362115702453e+00
-1.060664840779862228e+00
-1.069782188899478736e+00
-1.064337559781632248e+00
-1.066689939044079605e+00
-1.072690382405779186e+00
-1.051259978480300727e+00
-1.076521756864747825e+00
-1.076018742091617408e+00
-1.063520285106859031e+00
-1.046724124617538276e+00
-1.076466535024008575e+00
-1.068864231735131565e+00
-1.073497244894168201e+00
-1.076095077015123191e+00
-1.075962189390919033e+00
-1.075249627038500133e+00
-1.047242804236373726e+00
-1.063513519979677024e+00
-1.073251777134499374e+00
-1.073085753053090396e+00
-1.073077866613528553e+00
-1.076029401078483883e+00
-1.065198509759864631e+00
-1.072235370792112175e+00
-1.072479429460725608e+00
-1.060840870059690300e+00
-1.076070233054122749e+00
-1.070356945313176933e+00
-1.064961691192946258e+00
-1.076525866791269603e+00
-1.056062559403142753e+00
-1.075720790579578701e+00
-1.076585969693622413e+00
-1.070654957361182991e+00
-1.072105972833595100e+00
-1.076093002028426948e+00
-1.073602737664840046e+00
-1.075205557785591903e+00
-1.076100128508767906e+00
-1.073457798726520362e+00
-1.065951389066538635e+00
-1.075844269051811519e+00
-1.076489742651245418e+00
-1.070066782451829734e+00
-1.070398687190971199e+00
-1.076013135529718223e+00
-1.065062957621774498e+00
-1.053786888524553600e+00
-1.071234263285658184e+00
-1.073480087138376060e+00
-1.056651956207713905e+00
-1.076490156158468547e+00
-1.050617267183623138e+00
-1.058320580787620369e+00
-1.076495516851208034e+00
-1.075864483408293548e+00
-1.070422138824722591e+00
-1.075255017533562008e+00
-1.076526407889685455e+00
-1.075434032633564296e+00
-1.072426654204389873e+00
-1.076497151322326484e+00
-1.075580848186871830e+00
-1.072920693821868721e+00
-1.064132907233795944e+00
-1.072251388609072986e+00
-1.075188265919349018e+00
-1.071388453982434097e+00
-1.071885770924053016e+00
-1.076452164716682258e+00
-1.076079691566190544e+00
-1.073520461834630790e+00
-1.075826505005023304e+00
-1.076489256500861469e+00
-1.076519140779635730e+00
-1.059177647150716606e+00
-1.046266468979081932e+00
-1.071911793939432922e+00
-1.061502220846376243e+00
-1.063526470020077053e+00
-1.075052517272195640e+00
-1.068069112293085876e+00
-1.072427915215155902e+00
-1.076116666003725353e+00
-1.055302903793415847e+00
-1.072484303071758571e+00
