-5.664083151606171818e-01
-5.826747505453675480e-01
-5.810092775610535831e-01
-5.808624154416173191e-01
-5.760315297630875797e-01
-5.736280721140354366e-01
-5.764481382903903217e-01
-5.821134424296467991e-01
-5.683750132558196277e-01
-5.803131316316574306e-01
-5.795149630395024509e-01
-5.791072281536906452e-01
-5.800661346403210850e-01
-5.827267555979340763e-01
-5.826599341345279903e-01
-5.798310203937142582e-01
-5.826326361385434360e-01
-5.725974007037728519e-01
-5.782926412758677692e-01
-5.760595635039060802e-01
-5.726204453495591373e-01
-5.822767815080731602e-01
-5.824016280931680889e-01
-5.823192814824431629e-01
-5.793187352356761188e-01
-5.826804232311695309e-01
-5.716568049502819271e-01
-5.826312456739395351e-01
-5.736703606781810016e-01
-5.755596099880784244e-01
-5.824396800709217281e-01
-5.825188452837317676e-01
-5.626674680498688907e-01
-5.801921640050857754e-01
-5.748245003161280842e-01
-5.807109563139527530e-01
-5.826283716124742718e-01
-5.826902663794606418e-01
-5.822249282610862942e-01
-5.791833218646496029e-01
-5.823244689491837711e-01
-5.817158170503824444e-01
-5.824000513640492649e-01
-5.826158918899744243e-01
-5.808557602104991169e-01
-5.826042540830820293e-01
-5.826341402245014400e-01
-5.820895698380916805e-01
-5.826399395701735706e-01
-5.726416301441639156e-01
-5.791865302709191532e-01
-5.804978268680422993e-01
-5.729609741357415409e-01
-5.762582909775226803e-01
-5.748434061643927784e-01
-5.822486350772231312e-01
-5.821452852797954769e-01
-5.822812406805604191e-01
-5.803413721260874958e-01
-5.776390446809380741e-01
-5.813416358542888851e-01
-5.788297089276164265e-01
-5.822823005256503315e-01
-5.813565835816114635e-01
-5.776623882812708111e-01
-5.796313252759426327e-01
-5.802884711412041874e-01
-5.803883918089121075e-01
-5.710374707815497608e-01
-5.696810711634605617e-01
-5.701525196892469616e-01
-5.685778012958615513e-01
-5.798186189023106785e-01
-5.684528923121541233e-01
-5.744846662965863437e-01
-5.784940192935317249e-01
-5.680869142052977772e-01
-5.787476910737603397e-01
-5.825447891366928310e-01
-5.739680132356732578e-01
-5.820541348767727108e-01
-5.795365669292658062e-01
-5.711240856436341495e-01
-5.725199398112743587e-01
-5.769029738840907306e-01
-5.736292399925440044e-01
-5.658441357773988933e-01
-5.822941953775733204e-01
-5.826700585422366352e-01
-5.796075728249996395e-01
-5.822418988210409374e-01
-5.798688749310820789e-01
-5.826917322811930866e-01
-5.795678239775150509e-01
-5.725286448833792896e-01
-5.707559384865015240e-01
-5.701357018661945553e-01
-5.819601141375749798e-01
-5.739011731458156795e-01
-5.718488669482320041e-01
-5.687400050920694561e-01
-5.748063469765036793e-01
-5.814627413166015835e-01
-5.825921785545795650e-01
-5.786553262261002750e-01
-5.808926526916473598e-01
-5.819714893115013332e-01
-5.790194454130976887e-01
-5.713027244893162937e-01
-5.653624343213885517e-01
-5.824356511694639416e-01
-5.732368858990519733e-01
-5.719506269780247898e-01
-5.803481698495596142e-01
-5.824566897464245052e-01
-5.812377971125095577e-01
-5.818678061005919666e-01
-5.809757313219159336e-01
-5.826811785337775440e-01
-5.821746545371859760e-01
-5.810556816396563740e-01
-5.798515122843235226e-01
-5.820948569563477726e-01
-5.822926400688737125e-01
-5.756258195725529880e-01
-5.680667324451058597e-01
-5.824498193797915668e-01
-5.703429686364978046e-01
-5.824383315158336849e-01
-5.799970360932200641e-01
-5.826768879306762905e-01
-5.720393456978052349e-01
-5.826636892271488399e-01
-5.752619266969412060e-01
-5.825136187014430256e-01
-5.810220813838093967e-01
-5.776544962537735195e-01
-5.826933416066020222e-01
-5.792730194044559688e-01
-5.789832504925578327e-01
-5.824057324317544193e-01
-5.819897162256091327e-01
-5.807724301231353969e-01
-5.800367868033498020e-01
-5.728368483943193645e-01
-5.816960441408007831e-01
-5.818436420050709934e-01
-5.776848657516091556e-01
-5.715126706746667118e-01
-5.802593710360377521e-01
-5.817259377328007908e-01
-5.820888443378060551e-01
-5.823299199802129955e-01
-5.826318063301294536e-01
-5.800759703380315990e-01
-5.823774192941635341e-01
-5.821988298085778446e-01
-5.786310755175798626e-01
-5.712352427182048054e-01
-5.737564996344297619e-01
-5.804745810565798969e-01
-5.725805493531077595e-01
-5.755889121902435512e-01
-5.824545635369866581e-01
-5.807088887778371067e-01
-5.814247498748152942e-01
-5.825079003808348865e-01
-5.821054758963435383e-01
-5.747781120700090618e-01
-5.802318178576677532e-01
-5.798292369109838695e-01
-5.819579376367181034e-01
-5.826438827899544926e-01
-5.806716861662715168e-01
-5.826626666349619121e-01
-5.798051687416880817e-01
-5.775029039469807834e-01
-5.822831945953219623e-01
-5.821066111785619945e-01
-5.824596243438571186e-01
