-5.905886112983449454e-01
-5.912310138615890498e-01
-5.978443536247237677e-01
-5.865994349393173213e-01
-5.974865776757820601e-01
-5.976818699660821910e-01
-5.967891888964100833e-01
-5.973902565698250289e-01
-5.940174909579678530e-01
-5.799175014059170241e-01
-5.978351074542029853e-01
-5.897516438077314849e-01
-5.919393014433904643e-01
-5.967699556882604117e-01
-5.978353356282337661e-01
-5.894016178595944400e-01
-5.822159496407135482e-01
-5.860251036743744368e-01
-5.811158155362232680e-01
-5.827374548922403807e-01
-5.976038982431515212e-01
-5.943740252210869546e-01
-5.972744875858648772e-01
-5.974350410784705634e-01
-5.976818434233888144e-01
-5.972405520538910384e-01
-5.971029535672738309e-01
-5.909918083149119372e-01
-5.976386584612651820e-01
-5.977889604206307883e-01
-5.859736518274172301e-01
-5.941175403810217137e-01
-5.976050153645797725e-01
-5.978404173898621554e-01
-5.969761598195060248e-01
-5.973144692639931197e-01
-5.886322941902204509e-01
-5.952041970837040896e-01
-5.971788868579193110e-01
-5.901686271923705096e-01
-5.931146654571517463e-01
-5.957241740348859782e-01
-5.975335312347038741e-01
-5.820755695263966079e-01
-5.951348510376288647e-01
-5.933944200902356858e-01
-5.975346907313092704e-01
-5.975926786000951285e-01
-5.975028255294188018e-01
-5.931038940130843873e-01
-5.978294994953199382e-01
-5.837519166330917830e-01
-5.978855991075857634e-01
-5.839938183586224074e-01
-5.854866399700864310e-01
-5.862275336208864207e-01
-5.897605137239321227e-01
-5.951613546154572720e-01
-5.852406059662922377e-01
-5.899012253890856261e-01
-5.881870721737965102e-01
-5.913848699807300324e-01
-5.890867996300681586e-01
-5.970528723943158145e-01
-5.972066663476749415e-01
-5.885123733702226634e-01
-5.936398180007114167e-01
-5.916166093471570964e-01
-5.933268377362861390e-01
-5.855731677535100932e-01
-5.974124043519719596e-01
-5.900037588822766299e-01
-5.953760004873498435e-01
-5.978453454832657332e-01
-5.915127189169748778e-01
-5.831866038303001876e-01
-5.862913185070379729e-01
-5.892589555393084044e-01
-5.972107643998338933e-01
-5.972547491352184768e-01
-5.877004188756569381e-01
-5.978475876423641200e-01
-5.974303514036460871e-01
-5.977833836610539908e-01
-5.849686672250851149e-01
-5.859756779196783061e-01
-5.978255441683455462e-01
-5.916954807276948447e-01
-5.978660301576479430e-01
-5.975467182966991420e-01
-5.955588805760367865e-01
-5.976313079978450293e-01
-5.961112398459686990e-01
-5.891925592246576304e-01
-5.975024334426148886e-01
-5.878680266711040492e-01
-5.905217190544231887e-01
-5.846828685413225646e-01
-5.971635586853250022e-01
-5.918866738016828055e-01
-5.977340026098414416e-01
-5.978013083609863276e-01
-5.942040483738406653e-01
-5.938168037488236184e-01
-5.865736522051616664e-01
-5.966389248884393925e-01
-5.978251204165740962e-01
-5.946575754593237395e-01
-5.971179392459913249e-01
-5.960711254543735738e-01
-5.876819889332278724e-01
-5.954639077923371548e-01
-5.973588332804962153e-01
-5.899598684433027262e-01
-5.974560093405767436e-01
-5.974095265652163977e-01
-5.898777707285358662e-01
-5.950818073275609965e-01
-5.872222620333655829e-01
-5.953491562782897706e-01
-5.959353830936475749e-01
-5.944811936739011760e-01
-5.906034328314586634e-01
-5.889517224664910788e-01
-5.892781128446682448e-01
-5.962035462531372065e-01
-5.938969699005707259e-01
-5.936335294778569693e-01
-5.935754175103380437e-01
-5.978230603310390467e-01
-5.919871793399675841e-01
-5.903318817532732243e-01
-5.897167229364737029e-01
-5.925087111341877932e-01
-5.928516613590641970e-01
-5.949862182411476130e-01
-5.944292114387377257e-01
-5.880420484851225371e-01
-5.939292742210551257e-01
-5.953010550971253867e-01
-5.978644022057875151e-01
-5.905711336332484240e-01
-5.954723255514278168e-01
-5.962482467099203820e-01
-5.972980905595346446e-01
-5.849723049710615630e-01
-5.935898818812443967e-01
-5.823725487376674170e-01
-5.960532442937716002e-01
-5.835302991132362838e-01
-5.978224098022206778e-01
-5.978222533400281424e-01
-5.953369918084814305e-01
-5.976386104981525893e-01
-5.946347759842052216e-01
-5.960464076875819917e-01
-5.972935247506125922e-01
-5.956600175510271544e-01
-5.977746431986912246e-01
-5.852383400584681983e-01
-5.885364354859217162e-01
-5.886860491979046817e-01
-5.919440255771502013e-01
-5.913829954612179751e-01
-5.978583439524396415e-01
-5.903980878452881331e-01
-5.954927285007312054e-01
-5.904222328486963267e-01
-5.974852090972586627e-01
-5.947431623741163964e-01
-5.965152701634093280e-01
-5.855654452267213816e-01
-5.978373584608658309e-01
-5.877594926665647979e-01
-5.953194943527801986e-01
-5.977592875520809645e-01
-5.943506131685449834e-01
-5.882856261256261821e-01
-5.976067750985845084e-01
-5.872208683091326709e-01
