-5.905859710824609143e-01
-5.912367687557147367e-01
-5.978435814597071740e-01
-5.865974744903024174e-01
-5.974855349548580108e-01
-5.976801331792503946e-01
-5.967877317194234532e-01
-5.973879752653777908e-01
-5.940196875610844751e-01
-5.799253518978767508e-01
-5.978343949220857878e-01
-5.897530294467877576e-01
-5.919423091069128118e-01
-5.967709784749110069e-01
-5.978345013550208087e-01
-5.894061788379173494e-01
-5.822254617357845996e-01
-5.860272760381922685e-01
-5.811243728979262890e-01
-5.827309594869921616e-01
-5.976037677677009663e-01
-5.943719164696225077e-01
-5.972746146495890862e-01
-5.974327514973413189e-01
-5.976809401535820854e-01
-5.972412883584053978e-01
-5.971020526624805091e-01
-5.909876356812199250e-01
-5.976365196883464126e-01
-5.977884271390794257e-01
-5.859616825169875476e-01
-5.941139682862034421e-01
-5.976047542339075758e-01
-5.978398053357297792e-01
-5.969762006817417310e-01
-5.973135907582405313e-01
-5.886365088853314775e-01
-5.952046860014390539e-01
-5.971765148225539610e-01
-5.901648345403655016e-01
-5.931180400136942810e-01
-5.957225693886384343e-01
-5.975313340169845500e-01
-5.820715050036890936e-01
-5.951365655462528270e-01
-5.933971922170604429e-01
-5.975339454228900671e-01
-5.975921195200886160e-01
-5.975007492786165164e-01
-5.930988072631793173e-01
-5.978282117760750358e-01
-5.837395212613057938e-01
-5.978846252686794704e-01
-5.840014261635377846e-01
-5.854862734595713825e-01
-5.862329210806782598e-01
-5.897636066162641466e-01
-5.951594920357973217e-01
-5.852497513279062424e-01
-5.899014800643049838e-01
-5.881865498274522208e-01
-5.913795406348221206e-01
-5.890764409352768904e-01
-5.970528191230968229e-01
-5.972045909719454482e-01
-5.885148867942110451e-01
-5.936375774415859619e-01
-5.916177239521355213e-01
-5.933260657113011982e-01
-5.855638443781497893e-01
-5.974123909957050893e-01
-5.900068950464950612e-01
-5.953716910000311779e-01
-5.978444330810125384e-01
-5.915133347811453168e-01
-5.831873285627033887e-01
-5.862876687556382027e-01
-5.892652507453531863e-01
-5.972084789658127502e-01
-5.972523400215155043e-01
-5.877064173018486937e-01
-5.978469359270178751e-01
-5.974281499990312660e-01
-5.977823862829455548e-01
-5.849599181471841769e-01
-5.859748094044061606e-01
-5.978251272845460651e-01
-5.916970112683308525e-01
-5.978651103493655139e-01
-5.975468114875323034e-01
-5.955580150210648682e-01
-5.976306544240637120e-01
-5.961112888558116607e-01
-5.891973849059598534e-01
-5.975005083748097245e-01
-5.878654122289103112e-01
-5.905259200737832392e-01
-5.846862497554158322e-01
-5.971634283310774949e-01
-5.918822337052659366e-01
-5.977334383073311663e-01
-5.978001415306638533e-01
-5.942020541163264280e-01
-5.938158569691296407e-01
-5.865710427175760966e-01
-5.966369889297484796e-01
-5.978238357425991190e-01
-5.946600896867150210e-01
-5.971154603056854082e-01
-5.960691699896958351e-01
-5.876786134972148412e-01
-5.954620248493358581e-01
-5.973570482022619865e-01
-5.899540632079918190e-01
-5.974541187361277483e-01
-5.974094905470452854e-01
-5.898739985024228361e-01
-5.950836553488186853e-01
-5.872138419842700685e-01
-5.953482135319060342e-01
-5.959363079246252637e-01
-5.944795303919995222e-01
-5.905996647424484047e-01
-5.889543961554981610e-01
-5.892753981601706048e-01
-5.962048361665281959e-01
-5.938940276662109108e-01
-5.936317947202475187e-01
-5.935732123383875569e-01
-5.978220802990136251e-01
-5.919826173814806136e-01
-5.903258734117653450e-01
-5.897208651456772310e-01
-5.925113444819625208e-01
-5.928542939309602300e-01
-5.949820744425670105e-01
-5.944307253252864021e-01
-5.880468253569056669e-01
-5.939296883255252846e-01
-5.952988657176176979e-01
-5.978629376081188163e-01
-5.905648754584209570e-01
-5.954712034149299837e-01
-5.962493962856713070e-01
-5.972980382857325798e-01
-5.849777940937903598e-01
-5.935868077994584935e-01
-5.823773955995299456e-01
-5.960503590428446463e-01
-5.835371656711814126e-01
-5.978217188972886342e-01
-5.978207229770912123e-01
-5.953338576934606996e-01
-5.976379620371832235e-01
-5.946326912407582377e-01
-5.960454463187960794e-01
-5.972909184984654951e-01
-5.956588940778970720e-01
-5.977738184528409437e-01
-5.852351053727079533e-01
-5.885334044233168083e-01
-5.886802832320959800e-01
-5.919458991120160052e-01
-5.913788007514163558e-01
-5.978572017167386177e-01
-5.903925570181089988e-01
-5.954923025389583513e-01
-5.904276804798361811e-01
-5.974836658813696966e-01
-5.947432369707776889e-01
-5.965152519567215039e-01
-5.855557139976768077e-01
-5.978362936925702975e-01
-5.877647258439417932e-01
-5.953213170335680537e-01
-5.977575222119667631e-01
-5.943475709052201683e-01
-5.882773433453829526e-01
-5.976061794917610914e-01
-5.872173654934268461e-01
