-8.014178724965311806e-01
-8.017103021970249932e-01
-7.976374655967809479e-01
-7.694413682451702874e-01
-7.423126662155844491e-01
-7.647190487018086236e-01
-7.878989905124761384e-01
-7.835493233992018025e-01
-7.971214807598151486e-01
-8.023815473547436516e-01
-7.946611253550507348e-01
-8.024226186802841942e-01
-7.835924082441486638e-01
-7.998114798223830979e-01
-7.224811168393351357e-01
-7.991494556894757073e-01
-7.956090268684782307e-01
-8.012337462982394021e-01
-7.912598482338942807e-01
-8.021114600828148644e-01
-8.024364441639043610e-01
-7.986861655494429391e-01
-7.698960175743557732e-01
-7.532261388382174294e-01
-7.921240569098152440e-01
-7.853311632765688222e-01
-8.017710356047608178e-01
-7.962449297314740937e-01
-7.894554847857214730e-01
-8.023933639755703728e-01
-7.955647694884099286e-01
-7.735264023771740716e-01
-7.730228865524985116e-01
-8.018639499327399056e-01
-8.021571125840999406e-01
-8.020198943099238198e-01
-7.816405130556084435e-01
-7.923288761643924039e-01
-7.626163868239380639e-01
-8.019628638407446664e-01
-7.917465574113883298e-01
-8.018480895092942040e-01
-7.753785030922152322e-01
-7.990718225023009103e-01
-7.820157415239371579e-01
-8.023660399025537293e-01
-7.693843303254105370e-01
-8.019693346699930947e-01
-8.020476831129051964e-01
-8.015445239847757142e-01
-7.466675156733252328e-01
-7.785195263108469765e-01
-7.784051934262968819e-01
-7.968916405929483693e-01
-7.980704849591709893e-01
-8.023796139290787499e-01
-7.683230528613783639e-01
-8.018990496179320138e-01
-7.916719086474038880e-01
-7.733015028765656274e-01
-7.680968122562624734e-01
-7.995999075478174012e-01
-7.830992245121158879e-01
-8.012594843289114754e-01
-8.021785395225741189e-01
-7.750547418376662057e-01
-7.769560499122597497e-01
-8.013698386034228127e-01
-8.024382369598604958e-01
-7.926975979475535672e-01
-8.016665766021467965e-01
-8.021703289827563088e-01
-7.849317776976384442e-01
-8.012644911190726082e-01
-7.880127073271431248e-01
-8.018774606293298524e-01
-8.017093354841925423e-01
-7.974966449668862145e-01
-7.431386152288176339e-01
-8.018707495188571732e-01
-7.969002222648121636e-01
-7.990046070894457619e-01
-7.824447184806920808e-01
-8.016452372079946320e-01
-8.021119015297152322e-01
-7.649046501150585931e-01
-8.024321312090613167e-01
-8.024467008194186013e-01
-7.997249655431367676e-01
-7.950228664098538678e-01
-7.968078606767811101e-01
-8.014149975037433427e-01
-8.024418337276436608e-01
-7.961496274924136918e-01
-8.017686476936795037e-01
-7.942811862571396153e-01
-7.732442582031943124e-01
-7.962505167355992119e-01
-8.012486530473686974e-01
-7.983675712725378792e-01
-7.718188298871971886e-01
-8.023800348868824761e-01
-8.024434505036331933e-01
-7.600689010700442116e-01
-8.019044764345742982e-01
-8.013629309838868897e-01
-7.814276909461476128e-01
-7.517731862148501198e-01
-7.488566452643133919e-01
-8.000979378825284760e-01
-7.923744308768071454e-01
-7.735857667407252114e-01
-7.493584344169356148e-01
-7.833757360471643727e-01
-8.023659123113610070e-01
-8.023826565599300187e-01
-7.978528236976124566e-01
-8.017441045498706620e-01
-8.013479143386937897e-01
-7.944814611232139390e-01
-7.765366567304589074e-01
-7.787898147484518807e-01
-8.019579650840021889e-01
-7.873490785254396718e-01
-8.021035308024145882e-01
-8.017714258289195817e-01
-8.011521885177351754e-01
-8.013934327295281212e-01
-8.024694977334000390e-01
-7.991116886964299004e-01
-7.905917826114453595e-01
-7.899922036571659367e-01
-7.437983306130625527e-01
-8.016693994408704560e-01
-7.960811771458246033e-01
-7.881434268323935788e-01
-7.802700364968039315e-01
-8.012028478091813843e-01
-8.024239020427920144e-01
-8.024717869242884438e-01
-7.973308076156534474e-01
-7.975295476621248048e-01
-7.373460160574175637e-01
-7.839226347400106709e-01
-7.955004919326164048e-01
-7.965013940824426930e-01
-7.993945946922756951e-01
-8.018978063022949021e-01
-8.018811253836609643e-01
-8.020750407135345261e-01
-7.780808547517515938e-01
-8.014517465612150948e-01
-8.021397080278255265e-01
-7.923626584938027184e-01
-7.997466672217704575e-01
-7.935372993355848115e-01
-7.976098896010078709e-01
-7.953108946798600476e-01
-8.020178807905175011e-01
-7.576370054861761849e-01
-7.344140822073675912e-01
-8.023533897480227273e-01
-7.938864423899211209e-01
-7.821584708994485657e-01
-7.847312360076464932e-01
-7.892802517866946976e-01
-7.925849237485088628e-01
-7.880667217081643861e-01
-7.837511633528627675e-01
-7.997591553261734765e-01
-7.660500278702236931e-01
-7.970920761121668141e-01
-7.717443594714857857e-01
-8.013862466445423882e-01
-8.000997623434521477e-01
-7.965345333336152356e-01
-7.449210958561159890e-01
-7.720561830332733910e-01
-7.955470473511375706e-01
-8.018899505963780205e-01
-7.735377291223265450e-01
-7.628276536246992867e-01
-7.529122309765078347e-01
-7.921040507039286416e-01
-7.988639587542273324e-01
-7.676177604129769128e-01
-8.006817802792646210e-01
-8.016032997524596970e-01
-7.951852979144312661e-01
-7.818243747582890313e-01
-8.023559601983286660e-01
-7.582673171540953438e-01
-7.838218321098245900e-01
-7.996767751878358643e-01
-7.633805295458294671e-01
-7.705143654724814217e-01
-7.989616656681753915e-01
-7.916276931768514435e-01
-7.871014854876555722e-01
-7.867042764095820706e-01
-7.825064898474373143e-01
-7.979445813229538720e-01
-8.024293018510796349e-01
-7.840447385801233571e-01
-8.024332720792152207e-01
-7.765082849195458214e-01
-8.023686708888270180e-01
-7.615446114918448250e-01
-7.928586138418175500e-01
-8.024050045764304917e-01
-7.971522293059386532e-01
-8.023656701674916070e-01
-7.825066360650815289e-01
-7.972477611160136979e-01
-7.746771277865626137e-01
-8.013356646528698723e-01
-7.912105323752619546e-01
-7.599602231761671822e-01
-7.908508528029777329e-01
-8.018222676595904153e-01
-8.012536766013361733e-01
-8.024675615137674134e-01
-8.006736675283171456e-01
-7.775911336770512383e-01
-8.012473817920543473e-01
-7.784751860430695336e-01
-7.645480746409155648e-01
-7.748188620439030450e-01
-7.624420618644215386e-01
-7.459874862810828011e-01
-7.910216284921623986e-01
-8.024399589753009598e-01
-8.023664133629061501e-01
-7.378494517883517068e-01
-8.018228907143928330e-01
-7.882386978721477311e-01
-8.023995349189497750e-01
-8.021247165283419411e-01
-7.960039714357115548e-01
-8.020962962886549752e-01
-7.976418307056881707e-01
-7.813906019559361260e-01
-7.682931015273787301e-01
-8.011845882987834733e-01
-7.796950900933005135e-01
-7.803565172484375756e-01
-8.018026148906208794e-01
-8.017877714714266579e-01
-7.805809585383393090e-01
-7.958201944833852570e-01
-8.023219371220328133e-01
-7.921181076212086003e-01
-7.977640965959288399e-01
-8.011400012305237572e-01
-8.019369171938158791e-01
-7.508124822756506722e-01
-8.011349655693628113e-01
-7.366853097459532540e-01
-7.981312109163262170e-01
-7.620623318484284203e-01
-7.841776243416823666e-01
-8.023704562342025559e-01
-8.013410849502541344e-01
-7.420236060401655953e-01
-7.892924618913091939e-01
-7.922824860556282323e-01
-7.801179552456595223e-01
-8.016132434835888665e-01
-7.901527976623036187e-01
-8.021453378727890771e-01
-7.984234161680795472e-01
-8.010011745622612755e-01
-8.020426837733246606e-01
-8.011424096307017129e-01
-7.902596492326118272e-01
-8.024008704355217736e-01
-8.023531420162178796e-01
-7.840288474230326932e-01
-8.014601144945480149e-01
-7.872950264258541386e-01
-8.014441777026511948e-01
-7.842739659367360394e-01
-7.778600549331166070e-01
-8.015201130887724679e-01
-8.015243692329384606e-01
-7.971826174302257817e-01
-8.016973232856251519e-01
-8.024148533126570504e-01
-8.017064344143726151e-01
-8.019186465075470727e-01
-8.017891898757077973e-01
-7.981602365156866830e-01
-8.023809541022636216e-01
-8.024734390905358117e-01
-8.015725195413686555e-01
-7.938213713472940247e-01
-8.019322196027495186e-01
-7.887572554877259057e-01
-8.016211792832471650e-01
-8.020265169447519105e-01
-7.992699837317921441e-01
-7.864477268425978940e-01
-7.922161861328639310e-01
-7.959876229992367547e-01
-8.018498403957344811e-01
-7.974792427389182370e-01
-8.023446036508538048e-01
-7.986660368746377747e-01
-8.018544467171885293e-01
-7.986272947868563454e-01
-7.926255503675200265e-01
-7.962322334764756482e-01
-8.023694019770480912e-01
-7.730746066203572076e-01
-8.013756183913208764e-01
-7.963832092477239888e-01
-8.023873914038993638e-01
-7.741502990951992791e-01
-8.023741209885336678e-01
-7.966397481044985573e-01
-7.762228773912646096e-01
-7.731111070147015374e-01
-7.731234489014603417e-01
-8.018937001010634225e-01
-8.011793794116236489e-01
-8.023514656355835717e-01
-7.823021129710830968e-01
-7.929291950544573586e-01
-7.946913053287424367e-01
-7.390060910960890572e-01
-7.986410187563158791e-01
-8.024050204089142602e-01
-7.828085587365783971e-01
-7.592838017275788109e-01
-7.969550454994894784e-01
-7.980657119309760850e-01
-7.660049015661932748e-01
-7.702968122443415444e-01
-8.023742178460814278e-01
-8.016346490016438286e-01
-8.012292684993006509e-01
-8.009777704259611886e-01
-8.015912698587633889e-01
-7.721799632540203850e-01
-7.579030061146475594e-01
-7.913650946697451394e-01
-7.609873602172591012e-01
-7.811808774253584664e-01
-7.960958845919229310e-01
-8.023963646969057839e-01
-7.876751755370058339e-01
-7.983221814042188447e-01
-7.642962263902880471e-01
-7.694121917715527337e-01
-7.969133194541789811e-01
-7.880259884527184289e-01
-8.014150096109368127e-01
-8.014915848156668465e-01
-8.019889604306079667e-01
-8.018321070825912278e-01
