-8.014148877783555669e-01
-8.017111493539316180e-01
-7.976385948294364425e-01
-7.694086981041842188e-01
-7.421479053640112067e-01
-7.646624900048208939e-01
-7.879188484016572680e-01
-7.835148934598467063e-01
-7.971078835905381910e-01
-8.023785489668316950e-01
-7.946539633963841665e-01
-8.024205024780620699e-01
-7.835621458508181814e-01
-7.998117329585427981e-01
-7.224275960404602515e-01
-7.991507674544636730e-01
-7.956108729942897861e-01
-8.012373618582258050e-01
-7.912537503468074496e-01
-8.021093512994664776e-01
-8.024339838132148461e-01
-7.986711621854508669e-01
-7.698977125706311098e-01
-7.531622789399150530e-01
-7.921065276435115265e-01
-7.853508590723078386e-01
-8.017667090902220739e-01
-7.962176127899988076e-01
-7.894789225931353460e-01
-8.023903159593551715e-01
-7.955583166165841602e-01
-7.735578017610803547e-01
-7.729789600689119800e-01
-8.018592838437225145e-01
-8.021553942314160190e-01
-8.020205631049230899e-01
-7.816731700750300105e-01
-7.923140211805221877e-01
-7.626122317138191997e-01
-8.019606008731881008e-01
-7.917351860733601310e-01
-8.018437672782069425e-01
-7.753389311166684061e-01
-7.990670970318002331e-01
-7.820092289655782292e-01
-8.023633215530817653e-01
-7.693470127868260455e-01
-8.019705663921673500e-01
-8.020470607446095190e-01
-8.015450322336219457e-01
-7.466265848486811629e-01
-7.784854314314422208e-01
-7.783659303296136533e-01
-7.968980893743752292e-01
-7.980647782574517013e-01
-8.023774096137508138e-01
-7.683201599242147628e-01
-8.018951038548925991e-01
-7.916637138488771264e-01
-7.732670094910996106e-01
-7.680681514490214079e-01
-7.996010752340736438e-01
-7.830792426604489265e-01
-8.012578551217378608e-01
-8.021767540222284332e-01
-7.750826180879439864e-01
-7.769357101646214847e-01
-8.013660869026332234e-01
-8.024348815874879914e-01
-7.926906084004466946e-01
-8.016644461765258800e-01
-8.021686249587737239e-01
-7.848987639941429340e-01
-8.012639989967937915e-01
-7.880291560598777778e-01
-8.018747044433138793e-01
-8.017096193201701526e-01
-7.974893357155495854e-01
-7.430895043472462991e-01
-8.018667879546770294e-01
-7.968923359849987564e-01
-7.990061014338978307e-01
-7.823895545644998784e-01
-8.016455463297371686e-01
-8.021072224121857941e-01
-7.649012970246344967e-01
-8.024296753626867229e-01
-8.024444097598214531e-01
-7.997095140268098978e-01
-7.950077308096822337e-01
-7.968079592369122777e-01
-8.014125135182704751e-01
-8.024387820323561904e-01
-7.961449132765041625e-01
-8.017650581675451749e-01
-7.942661706624826179e-01
-7.732052993207672031e-01
-7.962537512649163762e-01
-8.012535672411923438e-01
-7.983633433361732035e-01
-7.717747901400071608e-01
-8.023766396533652534e-01
-8.024419734767807011e-01
-7.599823854632493658e-01
-8.019003084367072320e-01
-8.013635714726561332e-01
-7.814319361301579336e-01
-7.517029094043720105e-01
-7.487836916076912042e-01
-8.001025162395256629e-01
-7.923482235319951883e-01
-7.734167425276002872e-01
-7.492966774548581732e-01
-7.833225490066453300e-01
-8.023622716989254888e-01
-8.023801810795105904e-01
-7.978424468593721119e-01
-8.017422901488694409e-01
-8.013460985497149469e-01
-7.944792604209930387e-01
-7.765184150634470983e-01
-7.787336886416434956e-01
-8.019551688685553348e-01
-7.872529942085136900e-01
-8.021021656292519619e-01
-8.017692448901780899e-01
-8.011477993953081134e-01
-8.013950797073073895e-01
-8.024666590529172527e-01
-7.991182028116723401e-01
-7.905951440238297989e-01
-7.899890212746313312e-01
-7.436826747488770595e-01
-8.016683137244146051e-01
-7.960831014582551157e-01
-7.881249655627756701e-01
-7.802571949155725495e-01
-8.011997234315145766e-01
-8.024210878875976949e-01
-8.024693796887359953e-01
-7.973399430887720962e-01
-7.975311036449332924e-01
-7.373930040276454045e-01
-7.839512640986679992e-01
-7.955031912989516396e-01
-7.965097495028991004e-01
-7.993919823273466507e-01
-8.018956616174458540e-01
-8.018806165005498698e-01
-8.020743686376233805e-01
-7.780825509886725166e-01
-8.014431843195942706e-01
-8.021399528828422332e-01
-7.923427727483866034e-01
-7.997423599313646658e-01
-7.935308844742240408e-01
-7.976184749416206365e-01
-7.953312626313183697e-01
-8.020183884506836280e-01
-7.576005886390643207e-01
-7.344011082144543678e-01
-8.023509939690099957e-01
-7.938726000872178279e-01
-7.821756038956814150e-01
-7.847068083926298510e-01
-7.892564245592047500e-01
-7.925799964924770125e-01
-7.880625693009871702e-01
-7.837196084240983796e-01
-7.997552187420251535e-01
-7.660430502857759061e-01
-7.970870565502993221e-01
-7.717727124566826635e-01
-8.013838750723136783e-01
-8.001036951995769142e-01
-7.965181500511422374e-01
-7.448774262783579569e-01
-7.720472413117430710e-01
-7.955355454519118519e-01
-8.018858690073248363e-01
-7.735566638669983952e-01
-7.628203574933219988e-01
-7.529139080258008265e-01
-7.920903743375018458e-01
-7.988621953627040861e-01
-7.675473437581584735e-01
-8.006830131653581706e-01
-8.016066983820019365e-01
-7.951629501077727147e-01
-7.818613265505962584e-01
-8.023528163355350129e-01
-7.582102402344296221e-01
-7.838083640036765942e-01
-7.996799539485921482e-01
-7.633865561656608678e-01
-7.705274993707990072e-01
-7.989689047948345113e-01
-7.916266529046940281e-01
-7.870965795913893448e-01
-7.866815629093889539e-01
-7.824669415222201829e-01
-7.979435945139745634e-01
-8.024270481208001238e-01
-7.840305889578362830e-01
-8.024312536214139868e-01
-7.764789644761970200e-01
-8.023655541332905816e-01
-7.615741819232092480e-01
-7.928644513355458390e-01
-8.024020802788899287e-01
-7.971540986503462545e-01
-8.023621848739983520e-01
-7.824747636699144193e-01
-7.972433161715466454e-01
-7.746663076709792151e-01
-8.013352733324277111e-01
-7.911830736886743543e-01
-7.599114731573175519e-01
-7.908501584655959205e-01
-8.018215670250685712e-01
-8.012495147844540533e-01
-8.024647398004580712e-01
-8.006723220479544656e-01
-7.775734958293505361e-01
-8.012414020579839979e-01
-7.784511543160262947e-01
-7.645300653703820393e-01
-7.748363824611056438e-01
-7.623814794375208814e-01
-7.458711277066520928e-01
-7.910071098062905204e-01
-8.024374873563926425e-01
-8.023623627578596595e-01
-7.378551272897483360e-01
-8.018206110278478516e-01
-7.882471721284292077e-01
-8.023973725896840214e-01
-8.021203671696118809e-01
-7.960070997604211662e-01
-8.020941903196752154e-01
-7.976555690177736802e-01
-7.813528503618056842e-01
-7.683049510184539743e-01
-8.011814360432372162e-01
-7.796670220125289097e-01
-7.803462313319103894e-01
-8.018040322771857742e-01
-8.017851025574137536e-01
-7.806013460565991435e-01
-7.958049168191250189e-01
-8.023185960990761867e-01
-7.920699167359730453e-01
-7.977596560510018531e-01
-8.011370591819562126e-01
-8.019345582961379115e-01
-7.507531799286966123e-01
-8.011330316711881006e-01
-7.366925856783268500e-01
-7.981278001707290404e-01
-7.620339848081686407e-01
-7.841298406019560074e-01
-8.023676937185650893e-01
-8.013422511778131030e-01
-7.419142615330514001e-01
-7.892636841883604593e-01
-7.922500347710159652e-01
-7.801127217868399910e-01
-8.016116093040445145e-01
-7.901611118951310520e-01
-8.021440929615084592e-01
-7.984277838663069726e-01
-8.010015097300348108e-01
-8.020424159513453999e-01
-8.011386183606937772e-01
-7.902745403488529163e-01
-8.023970252959584659e-01
-8.023500758197412708e-01
-7.840110261795713020e-01
-8.014593943155425837e-01
-7.873084829128559337e-01
-8.014423806052300980e-01
-7.842022488976841954e-01
-7.778476041597514046e-01
-8.015189208246327190e-01
-8.015227658405472688e-01
-7.971870868697888968e-01
-8.016918548474686324e-01
-8.024128226392445162e-01
-8.017017789594753641e-01
-8.019199400199106265e-01
-8.017878105102396180e-01
-7.981632616531946223e-01
-8.023781081471836885e-01
-8.024709319614867775e-01
-8.015707246159451405e-01
-7.937999052197167726e-01
-8.019314851136121192e-01
-7.887408790320954433e-01
-8.016163081712583960e-01
-8.020257032887948556e-01
-7.992681540150000652e-01
-7.864191297545850556e-01
-7.921899430323704472e-01
-7.959806597107028647e-01
-8.018442203288435044e-01
-7.974742454816987625e-01
-8.023411398369367786e-01
-7.986629296760668906e-01
-8.018509185944467932e-01
-7.986256816460467478e-01
-7.926413813480713833e-01
-7.962319305624835364e-01
-8.023655506902873658e-01
-7.730761379927134636e-01
-8.013740358552311482e-01
-7.963848202394333553e-01
-8.023860353648084587e-01
-7.742265843088588229e-01
-8.023715085254953250e-01
-7.966410502232298407e-01
-7.760887119242652066e-01
-7.731360091315219174e-01
-7.730882004090009474e-01
-8.018886852110646002e-01
-8.011760358585867658e-01
-8.023477057046465299e-01
-7.823242152520751835e-01
-7.929198797969402301e-01
-7.946876265053014476e-01
-7.390657206094854992e-01
-7.986466118442038242e-01
-8.024018968480391978e-01
-7.828036819642151256e-01
-7.592797452497209720e-01
-7.969539888613892398e-01
-7.980709038695134039e-01
-7.659969298068889376e-01
-7.702919187613886942e-01
-8.023706037402174029e-01
-8.016327712550069817e-01
-8.012275902610962452e-01
-8.009760984824869645e-01
-8.015893883889226856e-01
-7.721660594491264185e-01
-7.578654929548798158e-01
-7.913538630752330327e-01
-7.609626238493839567e-01
-7.811493863615605049e-01
-7.960950955885983671e-01
-8.023927847613667730e-01
-7.876613310628972631e-01
-7.983204471516950340e-01
-7.643210233556264610e-01
-7.693738187532532802e-01
-7.969198357998708016e-01
-7.879882512247958770e-01
-8.014132455446856262e-01
-8.014874597799571676e-01
-8.019880623620836424e-01
-8.018301444521678256e-01
