-1.452136060400331274e+00
-1.496760665616417185e+00
-1.496763209058368460e+00
-1.474397713495815054e+00
-1.498011859311187521e+00
-1.493169595664763705e+00
-1.444372015251243369e+00
-1.497439258909249560e+00
-1.463090980602824942e+00
-1.496967051355564848e+00
-1.497978659524047629e+00
-1.485238779047900692e+00
-1.494274897678220526e+00
-1.497359045027220503e+00
-1.494760334669077650e+00
-1.468827378182137267e+00
-1.497508455245220915e+00
-1.437548754914129034e+00
-1.483254783964181200e+00
-1.483459315440082804e+00
-1.497896922929609076e+00
-1.419663613839471594e+00
-1.474727956755483405e+00
-1.470747206537449614e+00
-1.492270760415518538e+00
-1.489500982398563877e+00
-1.497396774767363326e+00
-1.497974081142270819e+00
-1.441236449582898871e+00
-1.497926473794901625e+00
-1.447224592967355505e+00
-1.493178339852416769e+00
-1.492077009929740683e+00
-1.415501138372743384e+00
-1.497269857852185027e+00
-1.487090537501895682e+00
-1.459580522207939879e+00
-1.497935904367292181e+00
-1.491743244408095137e+00
-1.497560652150237814e+00
-1.451807810170972601e+00
-1.496633006437146918e+00
-1.490450008018338934e+00
-1.491902124314034239e+00
-1.460649790419662253e+00
-1.420641353531205908e+00
-1.457330528824055449e+00
-1.497923478661501662e+00
-1.443881778223836676e+00
-1.496498964904272810e+00
-1.447797673000419394e+00
-1.496647146707797305e+00
-1.497096805079305426e+00
-1.489833762580925480e+00
-1.490862434907281653e+00
-1.497946545659029738e+00
-1.492333513861918703e+00
-1.485710173091316477e+00
-1.484189871875965849e+00
-1.496344644753659026e+00
-1.422185832811916129e+00
-1.483949990538345531e+00
-1.477603807291412608e+00
-1.496554959742748991e+00
-1.497350594206178442e+00
-1.484871625844785825e+00
-1.497950360356295363e+00
-1.497452248065197722e+00
-1.497416889472329871e+00
-1.490368600180769221e+00
-1.437395809395635382e+00
-1.491043998105848090e+00
-1.451933464212739722e+00
-1.448371013803804175e+00
-1.451057495726669089e+00
-1.479391590869450823e+00
-1.462501688106382147e+00
-1.496355737736845271e+00
-1.454818295492255942e+00
-1.497382009579265372e+00
-1.459069404928410307e+00
-1.494276186628663794e+00
-1.468152146032476679e+00
-1.496298013432348029e+00
-1.496774718342745558e+00
-1.463005079133832709e+00
-1.492202429278219000e+00
-1.445529027088010565e+00
-1.497025378225767867e+00
-1.496632758705342070e+00
-1.455273812814080969e+00
-1.477993682204211012e+00
-1.484258740153560296e+00
-1.460209207786643759e+00
-1.480228193281615034e+00
-1.422791024847352759e+00
-1.497892400427186743e+00
-1.497887579901540533e+00
-1.497621027930104987e+00
-1.496781064374768988e+00
-1.474017216070020453e+00
-1.493649382321560637e+00
-1.475150156012201563e+00
-1.485881913630688445e+00
-1.497964523910010115e+00
-1.482927429201478020e+00
-1.452008664785349623e+00
-1.458579458473646895e+00
-1.451606979770982520e+00
-1.493092479361617819e+00
-1.496724749161327139e+00
-1.497355368165695921e+00
-1.441858722074353949e+00
-1.461622389210784689e+00
-1.490105642183149115e+00
-1.477457015486830727e+00
-1.497329747481668250e+00
-1.497954186229431883e+00
-1.497263212865615145e+00
-1.496865328578675047e+00
-1.497991291983449713e+00
-1.496602553120279566e+00
-1.493852088405215994e+00
-1.497281415565336005e+00
-1.444927258594358221e+00
-1.466486590160453574e+00
-1.491182016386115805e+00
-1.497548388494575278e+00
-1.497968210084760443e+00
-1.459571942864382521e+00
-1.497038797652745501e+00
-1.486190257771337286e+00
-1.486871155156219260e+00
-1.488725791396969811e+00
-1.475428465931141631e+00
-1.496384537024820105e+00
-1.491323286844814078e+00
-1.406618146403157965e+00
-1.496967617599690215e+00
-1.493157778112614409e+00
-1.455430673612678305e+00
-1.420637896461808936e+00
-1.497236840604269759e+00
-1.490490502855205790e+00
-1.497074048212194697e+00
-1.497878097175085799e+00
-1.489684382165247456e+00
-1.495646504862630621e+00
-1.468000099240267531e+00
-1.433620950384462134e+00
-1.482714125132584826e+00
-1.496142191058421389e+00
-1.497933881534660117e+00
-1.497944530276978270e+00
-1.491545053376281516e+00
-1.443904811693752066e+00
-1.476343124350929514e+00
-1.477995400028699891e+00
-1.496855430482352034e+00
-1.496345115071559206e+00
-1.491677710963809744e+00
-1.398528328342759863e+00
-1.472617063848698393e+00
-1.488903898923123137e+00
-1.484976861337596432e+00
-1.491109917117679373e+00
-1.496578535242402808e+00
-1.496681198655092970e+00
-1.458548860801780478e+00
-1.461536269812309996e+00
-1.497068297295296446e+00
-1.497409420265281454e+00
-1.497946920050704733e+00
-1.497938314630115286e+00
-1.493392646490061537e+00
-1.496755261151516692e+00
-1.472806314183795706e+00
-1.466241488410556570e+00
-1.497958479626500861e+00
-1.497244978500926749e+00
-1.497952617882216231e+00
-1.491366917444789664e+00
-1.496904875329160944e+00
-1.450398879303062216e+00
-1.493944336837554232e+00
-1.479667161768698946e+00
-1.447416758342111365e+00
-1.468961036010110632e+00
-1.493525960660004870e+00
-1.497518284423673407e+00
-1.467775108470046774e+00
-1.497558343401575343e+00
-1.497609386397922293e+00
-1.497094838126027838e+00
-1.497315289630019919e+00
-1.497152457191074149e+00
-1.496882752692723528e+00
-1.496439900426590697e+00
-1.456685142768943564e+00
-1.495076125665033118e+00
-1.451922657145583884e+00
-1.497974991975748793e+00
-1.497365584774339453e+00
-1.471535770399892584e+00
-1.447498643948161856e+00
-1.468365535317385451e+00
-1.484431412015506879e+00
-1.494085712535703436e+00
-1.494517998947227255e+00
-1.489776869481826083e+00
-1.497286945758784071e+00
-1.446220388813340918e+00
-1.493602987556183592e+00
-1.497605265295529620e+00
-1.480484274393344180e+00
-1.496760538956547038e+00
-1.489605404148274914e+00
-1.491364408461773650e+00
-1.497518222956383482e+00
-1.497998677371466414e+00
-1.438198266728246466e+00
-1.472292239023769156e+00
-1.497972209183895842e+00
-1.467581220148527876e+00
-1.480536999823922173e+00
-1.497466894975328700e+00
-1.497992007239187018e+00
-1.497345468206727759e+00
-1.488324464941793934e+00
-1.491305725826347128e+00
-1.497323744176352278e+00
-1.480042771613621966e+00
-1.497374320580089346e+00
-1.463399993433082358e+00
-1.464675715370500342e+00
-1.483083199188509838e+00
-1.496795809073770300e+00
-1.471260661436641470e+00
-1.489911167128408209e+00
-1.497082272721851126e+00
-1.459716858519637839e+00
-1.491833280949318663e+00
-1.497956616981351630e+00
-1.497956680311286703e+00
-1.497505622161948935e+00
-1.495127681820118681e+00
-1.486088535925770060e+00
-1.489536514217430607e+00
-1.439993759794557349e+00
-1.497939940719330565e+00
-1.453207763089263693e+00
-1.490247214390361563e+00
-1.493024740545475737e+00
-1.488914119722718254e+00
-1.488902642568969981e+00
-1.497960454030359045e+00
-1.475608521784121052e+00
-1.493059847681248442e+00
-1.430643214090192572e+00
-1.489865102982545153e+00
-1.461792661054456488e+00
-1.471624527303898589e+00
-1.447101572705829398e+00
-1.496856730608666197e+00
-1.497049862696254507e+00
-1.458548894329393164e+00
-1.496818158952915923e+00
-1.492196023641550795e+00
-1.460498817442381636e+00
-1.412939561708295599e+00
-1.491143278954947249e+00
-1.492843197836005942e+00
-1.496653715325916068e+00
-1.463950852109515921e+00
-1.477689259862923876e+00
-1.473696105359518782e+00
-1.497416179804528014e+00
-1.424756897790754095e+00
-1.440768091185415045e+00
-1.461040953351581351e+00
-1.458952792166197554e+00
-1.476364728706354157e+00
-1.497926494283998267e+00
-1.421325331731164709e+00
-1.460570303900563971e+00
-1.462114228113019720e+00
-1.497544441549504057e+00
-1.493646206511581198e+00
-1.496495796544873969e+00
-1.463846244095289961e+00
-1.467746701268875853e+00
-1.469696699818992869e+00
-1.469514664439881102e+00
-1.461287819026434676e+00
-1.497948693288886801e+00
-1.478250223854953305e+00
-1.493564928127849356e+00
-1.449346253825748221e+00
-1.489875127738738314e+00
-1.492017397834384695e+00
-1.497987849815213934e+00
-1.444362407727563635e+00
-1.470442823311710612e+00
-1.416815368635976569e+00
-1.492331387652480856e+00
-1.496731035588705794e+00
-1.493980217902386443e+00
-1.451074892832362906e+00
-1.497371204374754683e+00
-1.497925313366973654e+00
-1.497953361077630774e+00
-1.433607628746354834e+00
-1.486633402472758547e+00
-1.497940849690163390e+00
-1.491479652179801718e+00
-1.497325441046083228e+00
-1.470327533958876387e+00
-1.497926442129934088e+00
-1.467087133033597723e+00
-1.497493479578221098e+00
-1.483091185978079096e+00
-1.490459235562408224e+00
-1.462911596699083105e+00
-1.488627141053253666e+00
-1.465552948592627303e+00
-1.496595347477519766e+00
-1.497221037922823683e+00
-1.496624545371556536e+00
-1.494699066682183997e+00
-1.497590574613237635e+00
-1.497910162611329810e+00
-1.497456424115622298e+00
-1.476466420749598996e+00
-1.485908188103163496e+00
-1.475409713285440461e+00
-1.461923644123995558e+00
-1.468458723454201476e+00
-1.497575350283110396e+00
-1.460414163945639388e+00
-1.497968176557147757e+00
-1.497987954123342291e+00
-1.488337367484742657e+00
-1.497930782093131796e+00
-1.464552328167879836e+00
-1.470160948289954916e+00
-1.484899290549034134e+00
-1.474869384142035500e+00
-1.466560507370555655e+00
-1.497940527452552573e+00
-1.497132924562716738e+00
-1.496664501903975264e+00
-1.467966340659582869e+00
-1.459551727576577917e+00
-1.441358743412816779e+00
-1.436604039920890585e+00
-1.497915424583876387e+00
-1.486429667277658240e+00
-1.482971764812642590e+00
-1.464922703979933516e+00
-1.497968368409598128e+00
-1.490863758316660181e+00
-1.451293269349658743e+00
-1.447948744697892920e+00
-1.464691905482137457e+00
-1.496661236687028662e+00
-1.497925080536330000e+00
-1.488787363460684077e+00
-1.497325038714730994e+00
-1.471776099121594683e+00
-1.465407958431566016e+00
-1.489623732576543347e+00
-1.496074373079860464e+00
-1.497481335131848112e+00
-1.446105105979764716e+00
-1.491909535779083029e+00
-1.424904169692123190e+00
-1.475496492525959269e+00
-1.497343203230226294e+00
-1.462368602110469595e+00
-1.497557575060451285e+00
-1.497968781916821257e+00
-1.494036770603084818e+00
-1.497618723838055388e+00
-1.496772227986181036e+00
-1.496693926109397665e+00
-1.496548040016019598e+00
-1.496839082045877234e+00
-1.475820819093311087e+00
-1.483581641167798892e+00
-1.468645284129703299e+00
-1.496887434451306120e+00
-1.497419331400120512e+00
-1.475568566648686186e+00
-1.497948402716243521e+00
-1.490664860411012427e+00
-1.497029157532775656e+00
-1.466873755855882422e+00
-1.498004080905044333e+00
-1.496546004144871489e+00
-1.433018008424365775e+00
-1.453513758434379355e+00
-1.466308949692571417e+00
-1.493719663648331419e+00
-1.497939238502109305e+00
-1.497964566750848547e+00
-1.461808623923385397e+00
-1.469344049869501845e+00
-1.456230487851822630e+00
-1.463361868812167899e+00
-1.444517584694946066e+00
-1.468366607269668833e+00
-1.497602493679547564e+00
-1.497927224440896765e+00
-1.497445998890722052e+00
-1.497437764136517302e+00
-1.496392248375737921e+00
-1.493824336855137602e+00
-1.441267034216249243e+00
-1.482335657757172243e+00
-1.492950646384084479e+00
-1.450956238611066595e+00
-1.487076051710570113e+00
-1.496570889084065215e+00
-1.493191413758719222e+00
-1.497216105638468520e+00
-1.491181214517379061e+00
-1.487187798777991787e+00
-1.495942427022779242e+00
-1.434390707118833319e+00
-1.497125601573312537e+00
-1.494404791100347296e+00
-1.496603110982501761e+00
-1.458807086749398962e+00
-1.493818879304850356e+00
-1.496050168006146208e+00
-1.480226775342995182e+00
-1.488994660033309714e+00
-1.479794890797162310e+00
-1.484099277705350772e+00
-1.497941671116674200e+00
-1.443859579218948141e+00
-1.477248613899970309e+00
-1.496128978385055319e+00
-1.497908855034435049e+00
-1.476901663178974644e+00
-1.444570308728540198e+00
-1.497471986515844122e+00
-1.497436719192588583e+00
-1.482962913988554732e+00
-1.468065962372744337e+00
-1.433109658016288535e+00
-1.496688844813430563e+00
-1.476230488336110369e+00
-1.463844092740142599e+00
-1.480861039543921009e+00
-1.497280745013082282e+00
-1.496699925689423338e+00
-1.493074445231282965e+00
-1.497928040279472128e+00
-1.497258065445745245e+00
-1.469534930019104735e+00
-1.487412379766279713e+00
-1.480070502674603716e+00
-1.491767576141679541e+00
-1.498014666317427412e+00
-1.497372580869519965e+00
-1.497469714088762061e+00
-1.470097126616561667e+00
-1.496691910727346198e+00
-1.493565315558040396e+00
-1.435335708959424750e+00
-1.486316093421006457e+00
-1.484374445109093443e+00
-1.492969868882024542e+00
-1.496649470357620970e+00
-1.495911752982461707e+00
-1.483317550681928054e+00
-1.469677545307600752e+00
-1.488815149935359017e+00
-1.491222609011852995e+00
-1.457156105144346014e+00
-1.467375683775568262e+00
-1.496799957184517638e+00
-1.466258363975608603e+00
-1.491046520127380148e+00
-1.497325604958856360e+00
-1.494343377827132002e+00
-1.489770353483432785e+00
-1.487392800571793572e+00
-1.493060840471112982e+00
-1.490627529276931540e+00
-1.497511265976751105e+00
-1.483636881867820279e+00
-1.497499215593958155e+00
-1.496655935598933951e+00
-1.497454535393440977e+00
-1.482656722600037114e+00
-1.471967674037838236e+00
-1.497307459069812552e+00
-1.466356832711422697e+00
-1.489689990124130503e+00
-1.463933810769045607e+00
-1.482743286705041186e+00
-1.493651913656318442e+00
-1.497426744727814452e+00
-1.475804835269624249e+00
-1.491960030226433531e+00
-1.497627832172835127e+00
-1.497305713771307722e+00
-1.492548836572492377e+00
-1.491195118232095496e+00
-1.491640288560116545e+00
-1.476151618352556483e+00
-1.451723525477969901e+00
-1.471220212234580771e+00
-1.463611073969328658e+00
-1.492482940843725459e+00
-1.428662883295142905e+00
-1.489827281972790018e+00
-1.486438675495261208e+00
-1.497961489661062018e+00
-1.496727803899371878e+00
-1.497949309824431197e+00
-1.446821471853578345e+00
-1.497526919646585242e+00
-1.497948670937145010e+00
-1.475070665302151696e+00
-1.453051645486080901e+00
-1.497922441168153540e+00
-1.463040648205602423e+00
-1.495926035745466010e+00
-1.478245799607062594e+00
-1.497162210001075522e+00
-1.487097051171982542e+00
-1.469646271495545164e+00
-1.434935135944211737e+00
-1.458380961968028799e+00
-1.497448928831541792e+00
-1.495199268861139075e+00
-1.497425841344917075e+00
-1.497948028324568526e+00
-1.477582008289569870e+00
-1.485085226074257747e+00
-1.497342395773554102e+00
-1.497141011236632124e+00
-1.491953084422672049e+00
-1.491634329958284155e+00
-1.497891629292094962e+00
-1.497023053644621626e+00
-1.497504578149342791e+00
-1.475346852736944214e+00
-1.475692799492204443e+00
-1.466456953613484160e+00
-1.473424111670279757e+00
-1.463340055374825255e+00
-1.479079107931280390e+00
-1.497137483386719481e+00
-1.497963702483499304e+00
-1.497933099223697440e+00
-1.461034232927882925e+00
-1.497405339209759489e+00
-1.402084579868638770e+00
-1.496272785766446844e+00
-1.485240222365060703e+00
-1.492081295876229063e+00
-1.490557942716801421e+00
-1.477582018534118191e+00
-1.490078315316164748e+00
-1.497371088890755431e+00
-1.497514948426211134e+00
-1.466005670084083334e+00
-1.451745966626727835e+00
-1.492933377800905959e+00
-1.462122976957285658e+00
-1.497314255861962096e+00
-1.496076211510622755e+00
-1.492164215250337378e+00
-1.497332433415973441e+00
-1.478769456213736788e+00
-1.497948039500439421e+00
-1.493790911687934653e+00
-1.473337034872198359e+00
-1.424393652184331671e+00
-1.472284260383272425e+00
-1.488378509590798870e+00
-1.466072796089971320e+00
-1.473214760600054518e+00
-1.480562980231294290e+00
-1.453583235098445670e+00
-1.443804281009757773e+00
-1.497962409807765738e+00
-1.497278009718680636e+00
-1.404079241855466620e+00
-1.458595203413093344e+00
-1.495801376356208578e+00
-1.472035647547269122e+00
-1.493722139103734747e+00
-1.423581032259786383e+00
-1.493322868077481047e+00
-1.478670580489957587e+00
-1.491100197835290686e+00
-1.488545460803830878e+00
-1.471093468545401350e+00
-1.479517911039689437e+00
-1.400438128216588751e+00
-1.427316321237409369e+00
-1.492271167403483645e+00
-1.497316317810142294e+00
-1.497963398872339980e+00
-1.492107114000642554e+00
-1.455819424419129149e+00
-1.497479140935862318e+00
-1.497990461243713156e+00
-1.463401038377011076e+00
-1.497989757163846747e+00
-1.496757570831501738e+00
-1.417563980622613684e+00
-1.497303033424937979e+00
-1.482638988821232573e+00
-1.445824550642097250e+00
-1.497979257433140532e+00
-1.478696741806739823e+00
-1.497434383435571448e+00
-1.484729120219522969e+00
-1.492713990798616663e+00
-1.496352332821512476e+00
-1.472926050601923720e+00
-1.497194266124093787e+00
-1.496398396967375533e+00
-1.459008626817190901e+00
