-1.452195370235713767e+00
-1.496766059208287203e+00
-1.496762478377164474e+00
-1.474338410363521978e+00
-1.498012360180309477e+00
-1.493179116549963492e+00
-1.444126909133029102e+00
-1.497444148431573474e+00
-1.462965288055340762e+00
-1.496970944275394899e+00
-1.497979530823727368e+00
-1.485210008481317345e+00
-1.494278202145470580e+00
-1.497356529891096244e+00
-1.494765474107304648e+00
-1.468917820663881102e+00
-1.497506948150045369e+00
-1.437504756627369096e+00
-1.483248330313045926e+00
-1.483471267268623883e+00
-1.497898940452585537e+00
-1.419700374799931053e+00
-1.474586375402963334e+00
-1.470812630580997427e+00
-1.492274008661382378e+00
-1.489504350141327649e+00
-1.497399471593545028e+00
-1.497976441394214708e+00
-1.441345913378108579e+00
-1.497926163343667572e+00
-1.447443748329711344e+00
-1.493174266359878155e+00
-1.492064626469890465e+00
-1.415516645570892296e+00
-1.497271886776199601e+00
-1.487096384632202284e+00
-1.459530573335519499e+00
-1.497938142240029524e+00
-1.491760312009790423e+00
-1.497562611712234704e+00
-1.451738522080387339e+00
-1.496630572153336169e+00
-1.490441773994936936e+00
-1.491879197911125221e+00
-1.460686128267555395e+00
-1.420554909099207119e+00
-1.457250336955592029e+00
-1.497927647776467364e+00
-1.443569187083869165e+00
-1.496495228468257999e+00
-1.447753371529532762e+00
-1.496637185628010513e+00
-1.497097578602477386e+00
-1.489819185643956434e+00
-1.490912604359007521e+00
-1.497947473478510982e+00
-1.492351426567093409e+00
-1.485718227432315297e+00
-1.484272348920920415e+00
-1.496356850814609007e+00
-1.422374334583974997e+00
-1.483969744619450859e+00
-1.477561528295634918e+00
-1.496560447900751711e+00
-1.497356568232065088e+00
-1.484980898568704077e+00
-1.497951345333407902e+00
-1.497457766368627707e+00
-1.497418642966092062e+00
-1.490381877238141861e+00
-1.437509681834421293e+00
-1.491076638749011751e+00
-1.451982679496892192e+00
-1.448200753411505781e+00
-1.451080244016137000e+00
-1.479376668304872133e+00
-1.462464322601519706e+00
-1.496359323946622188e+00
-1.454821669982134802e+00
-1.497388279150545509e+00
-1.459341229872893164e+00
-1.494277852139733298e+00
-1.468147037830201729e+00
-1.496308050308894577e+00
-1.496781257569062218e+00
-1.463048955147011165e+00
-1.492165373401805217e+00
-1.445616673772090133e+00
-1.497033252341265053e+00
-1.496633399382047314e+00
-1.455209318841153232e+00
-1.478070667640887903e+00
-1.484156653924040725e+00
-1.460148881777924901e+00
-1.480247830131781628e+00
-1.422802755804196240e+00
-1.497894426479200458e+00
-1.497889933287809061e+00
-1.497617854502779844e+00
-1.496782685376909505e+00
-1.474032159400988418e+00
-1.493692250619025330e+00
-1.475140790900792087e+00
-1.485825640215866050e+00
-1.497965299939180817e+00
-1.482937499966178629e+00
-1.452155218545027937e+00
-1.458544662436958905e+00
-1.451724456563700860e+00
-1.493116115806664812e+00
-1.496738410373553041e+00
-1.497366257660251332e+00
-1.441692016171563839e+00
-1.461672377586861193e+00
-1.490125103897764536e+00
-1.477541644803634036e+00
-1.497332515485413795e+00
-1.497955318612201880e+00
-1.497274636560987249e+00
-1.496865394855358966e+00
-1.497992090969613610e+00
-1.496619842183956051e+00
-1.493844465217524897e+00
-1.497292867667319172e+00
-1.444997703553223101e+00
-1.466596660975912236e+00
-1.491182918988465333e+00
-1.497544388221919931e+00
-1.497970986637595425e+00
-1.459605958635866063e+00
-1.497036894764314230e+00
-1.486213369133829953e+00
-1.486887657630190152e+00
-1.488742078447800044e+00
-1.475538339640865670e+00
-1.496394498957302366e+00
-1.491340796590418405e+00
-1.406516165165246468e+00
-1.496959561490569968e+00
-1.493180268889054974e+00
-1.455438422916776497e+00
-1.420597870453631950e+00
-1.497243678075906415e+00
-1.490429409683878825e+00
-1.497082173932885896e+00
-1.497880782894188689e+00
-1.489696038511073573e+00
-1.495652239079662049e+00
-1.467991533234354717e+00
-1.433580096055838471e+00
-1.482676603271151805e+00
-1.496145680387556132e+00
-1.497936694146203340e+00
-1.497947673384347755e+00
-1.491567750165759154e+00
-1.443708970221381005e+00
-1.476438153482714233e+00
-1.478007342287851023e+00
-1.496846734515365762e+00
-1.496342571359105200e+00
-1.491703446647556053e+00
-1.398401332191895996e+00
-1.472613472240704047e+00
-1.488889233362378661e+00
-1.485014856826377017e+00
-1.491096139449297198e+00
-1.496588280249370406e+00
-1.496666111354733042e+00
-1.458502002262286323e+00
-1.461442967249460656e+00
-1.497079886803730053e+00
-1.497417221103237273e+00
-1.497948591962627418e+00
-1.497938409511800462e+00
-1.493382766208097401e+00
-1.496759154685850746e+00
-1.472724449678407099e+00
-1.466244671651164344e+00
-1.497960215497270653e+00
-1.497254358760319981e+00
-1.497952773070257759e+00
-1.491395070212735430e+00
-1.496905561224026737e+00
-1.450377524498685400e+00
-1.493947855208321851e+00
-1.479689319793246804e+00
-1.447458933043501039e+00
-1.469008332064058564e+00
-1.493534581184894350e+00
-1.497518358501860103e+00
-1.467869684063394686e+00
-1.497554367754865279e+00
-1.497613305859456290e+00
-1.497108095747028411e+00
-1.497315087840436210e+00
-1.497151523289076636e+00
-1.496883075326131518e+00
-1.496453146382106691e+00
-1.456435863429067501e+00
-1.495093427485375104e+00
-1.451694296530964712e+00
-1.497974894240436949e+00
-1.497364977794302998e+00
-1.471532900015341427e+00
-1.447564051920886996e+00
-1.468262382953363199e+00
-1.484395571180762152e+00
-1.494103844253777069e+00
-1.494520868456161500e+00
-1.489791599024180346e+00
-1.497289102836357966e+00
-1.446132511720965352e+00
-1.493625469328766275e+00
-1.497601545281920687e+00
-1.480469066082729768e+00
-1.496770297075872946e+00
-1.489641010554372702e+00
-1.491342741415858431e+00
-1.497519413456998683e+00
-1.497997075958585667e+00
-1.438114493174686537e+00
-1.472320966998132974e+00
-1.497975978923579587e+00
-1.467380904155755283e+00
-1.480589051721151295e+00
-1.497468756582772453e+00
-1.497991746028877191e+00
-1.497340810103757525e+00
-1.488363320683625091e+00
-1.491299494631644018e+00
-1.497320628282983623e+00
-1.480034290677630260e+00
-1.497383090081727763e+00
-1.463516558998687156e+00
-1.464616092632808675e+00
-1.483149986128172948e+00
-1.496807405311028294e+00
-1.471294645955085967e+00
-1.489929355553304191e+00
-1.497088618782688618e+00
-1.459674133257983675e+00
-1.491852126145909674e+00
-1.497960182341298463e+00
-1.497958094944976226e+00
-1.497509805770747882e+00
-1.495129109244665244e+00
-1.486143495412074245e+00
-1.489608619950414603e+00
-1.439974268264980761e+00
-1.497942839364240886e+00
-1.453480178596733063e+00
-1.490267248048368742e+00
-1.493023481491214000e+00
-1.488889402598231104e+00
-1.488903058555259840e+00
-1.497963874047324673e+00
-1.475586476410102543e+00
-1.493087829442436121e+00
-1.430807431067213198e+00
-1.489856629341841154e+00
-1.461804268770700022e+00
-1.471746579000362987e+00
-1.446952044692412898e+00
-1.496842922909442208e+00
-1.497056112725860366e+00
-1.458461089786204479e+00
-1.496818899693776128e+00
-1.492191302926950458e+00
-1.460436024711835534e+00
-1.412983056772860291e+00
-1.491123744141087837e+00
-1.492851265126820870e+00
-1.496646596767441384e+00
-1.463767983158352770e+00
-1.477831216947592896e+00
-1.473649037102325643e+00
-1.497422760783799323e+00
-1.424688385956692560e+00
-1.441011354939348399e+00
-1.460993685154034383e+00
-1.459010887242766952e+00
-1.476303319300222183e+00
-1.497928506206784638e+00
-1.421029151115561495e+00
-1.460675349886237484e+00
-1.462277820579612975e+00
-1.497545862586735277e+00
-1.493670430103564817e+00
-1.496493599893567339e+00
-1.464066533972101736e+00
-1.467747086198078588e+00
-1.469622778162543497e+00
-1.469470487067102926e+00
-1.461355547575836855e+00
-1.497948672402537484e+00
-1.478169368141453166e+00
-1.493562470955466681e+00
-1.449322403632809175e+00
-1.489875773360419320e+00
-1.492049450022093549e+00
-1.497988943883128643e+00
-1.444343504569711722e+00
-1.470434012490681841e+00
-1.416841015152054961e+00
-1.492356366652102473e+00
-1.496742106536554484e+00
-1.493979596048755853e+00
-1.451195681082232403e+00
-1.497372011068627717e+00
-1.497926481813411925e+00
-1.497956631633156066e+00
-1.433639295735215091e+00
-1.486657699739249772e+00
-1.497944100790227662e+00
-1.491464637388752790e+00
-1.497328667629505006e+00
-1.470333736368381938e+00
-1.497928327969925810e+00
-1.467009546952624532e+00
-1.497500141938507223e+00
-1.483218842565774853e+00
-1.490464395949719467e+00
-1.462949801514807691e+00
-1.488618307952411346e+00
-1.465412163193172912e+00
-1.496584129412712239e+00
-1.497217343953103352e+00
-1.496626373359714712e+00
-1.494702183764243353e+00
-1.497588494733418374e+00
-1.497915090616563694e+00
-1.497453068889401218e+00
-1.476645340331977474e+00
-1.485946316060763328e+00
-1.475364681753597917e+00
-1.461941423204328183e+00
-1.468454590141698768e+00
-1.497583796689196944e+00
-1.460359807613173189e+00
-1.497967992885000932e+00
-1.497990440245931199e+00
-1.488288985984441926e+00
-1.497933659456631705e+00
-1.464571442914753163e+00
-1.470078002912202919e+00
-1.484930489468261561e+00
-1.474798158066540354e+00
-1.466535553012090709e+00
-1.497944536248891900e+00
-1.497135800429723052e+00
-1.496668512992789468e+00
-1.467905564339525348e+00
-1.459618729309569263e+00
-1.441390481076235686e+00
-1.436669004139958794e+00
-1.497917634535543829e+00
-1.486403140789116506e+00
-1.482977510063972604e+00
-1.465461930538100699e+00
-1.497968540854549113e+00
-1.490898030496753179e+00
-1.451153269450377037e+00
-1.448022467635965649e+00
-1.464840388336310362e+00
-1.496653123641179972e+00
-1.497927532105574722e+00
-1.488817191200344725e+00
-1.497322569633417588e+00
-1.471838540920356264e+00
-1.465345567858761244e+00
-1.489667074213393727e+00
-1.496086001517577646e+00
-1.497484441101157193e+00
-1.445539699852032456e+00
-1.491939666921469287e+00
-1.424689698231634827e+00
-1.475531540387325702e+00
-1.497347180197617700e+00
-1.462328536810797663e+00
-1.497566005611508988e+00
-1.497972353276487922e+00
-1.494046900062602434e+00
-1.497616940273529762e+00
-1.496775377675796381e+00
-1.496703105220964947e+00
-1.496545473762811440e+00
-1.496840862622094370e+00
-1.475754515372882603e+00
-1.483484001376377703e+00
-1.468789041168538922e+00
-1.496891133619629111e+00
-1.497418559904167834e+00
-1.475587085782629648e+00
-1.497947183110737601e+00
-1.490650403672027835e+00
-1.497039485429238148e+00
-1.467320442370431355e+00
-1.498006497229012135e+00
-1.496541834386737602e+00
-1.432826408882397429e+00
-1.453447400120114530e+00
-1.466337699899319169e+00
-1.493703421646028318e+00
-1.497940679384984985e+00
-1.497966863367898416e+00
-1.461837121452278287e+00
-1.469265779305872988e+00
-1.456201407856763108e+00
-1.463258341637510673e+00
-1.444559717748721939e+00
-1.468333126920444931e+00
-1.497605176784988279e+00
-1.497928016095178227e+00
-1.497451655906532952e+00
-1.497436984744339838e+00
-1.496390268686719871e+00
-1.493848613147184645e+00
-1.441314701915233698e+00
-1.482294845931375615e+00
-1.492936486371251315e+00
-1.450972388178936923e+00
-1.487091604881060736e+00
-1.496570862030388138e+00
-1.493170694474765581e+00
-1.497223714278970164e+00
-1.491173639933933925e+00
-1.487215832307072549e+00
-1.495963496421186534e+00
-1.434515152798340409e+00
-1.497130205682228654e+00
-1.494434844152401354e+00
-1.496605769148283693e+00
-1.458576282834527671e+00
-1.493818570999362105e+00
-1.496051972487972392e+00
-1.480398911052186905e+00
-1.489008839509126325e+00
-1.479781709029886816e+00
-1.484154799721517870e+00
-1.497942887868207951e+00
-1.443795478239764618e+00
-1.477260665207779766e+00
-1.496135880454431133e+00
-1.497911315443604119e+00
-1.476904972158014084e+00
-1.444707039980148933e+00
-1.497474807403919250e+00
-1.497443096594436085e+00
-1.483002134501167690e+00
-1.467950135650673893e+00
-1.433093662982309002e+00
-1.496698068383020663e+00
-1.476207805503074066e+00
-1.463635805321738870e+00
-1.480830277568016884e+00
-1.497287747674455272e+00
-1.496698517358641123e+00
-1.493112322746744214e+00
-1.497929447343015807e+00
-1.497255615818319896e+00
-1.469551438590967818e+00
-1.487392552743872054e+00
-1.480040041019988761e+00
-1.491731206364213858e+00
-1.498015937551404386e+00
-1.497380763537604409e+00
-1.497477650911605895e+00
-1.470072284121810346e+00
-1.496707378102505315e+00
-1.493589687084546203e+00
-1.435435732276482579e+00
-1.486304433430568839e+00
-1.484387321893417155e+00
-1.492956204730382597e+00
-1.496660142880534838e+00
-1.495921005687372185e+00
-1.483331703768931975e+00
-1.469657587334532334e+00
-1.488836561564772065e+00
-1.491211985223081848e+00
-1.456981376826067542e+00
-1.467484588456328121e+00
-1.496813781772881047e+00
-1.466326352657433052e+00
-1.491075834330642280e+00
-1.497328169266912479e+00
-1.494334576890078869e+00
-1.489761577303336582e+00
-1.487409525331215843e+00
-1.493047550711870564e+00
-1.490706788034648733e+00
-1.497515592645091598e+00
-1.483719614360760719e+00
-1.497500824673972941e+00
-1.496658445808897397e+00
-1.497454944038877800e+00
-1.482698231459731231e+00
-1.471866380393950902e+00
-1.497318676925557757e+00
-1.466446316274902628e+00
-1.489689167891616650e+00
-1.464005913236875900e+00
-1.482729778380362129e+00
-1.493646452571866012e+00
-1.497432500543950384e+00
-1.475839442130526979e+00
-1.491975996196213350e+00
-1.497632483212011367e+00
-1.497311291180511095e+00
-1.492542511080307444e+00
-1.491207382712789409e+00
-1.491631472536475655e+00
-1.476107396910902647e+00
-1.451739415688652501e+00
-1.471131253453581866e+00
-1.463513160456417994e+00
-1.492492094011873105e+00
-1.428921273041148021e+00
-1.489800112709323665e+00
-1.486453129979888210e+00
-1.497964401109880273e+00
-1.496731574323052483e+00
-1.497954051915214135e+00
-1.446814790802890771e+00
-1.497527680212369150e+00
-1.497950942364710603e+00
-1.475166077093445161e+00
-1.453125182828425510e+00
-1.497926262435593570e+00
-1.463384273750153675e+00
-1.495941236344078495e+00
-1.478297295939519085e+00
-1.497164960267270306e+00
-1.487110328577000651e+00
-1.469714794129500124e+00
-1.435140786536844182e+00
-1.458442428497239485e+00
-1.497446329758812977e+00
-1.495198798908573767e+00
-1.497429725721191485e+00
-1.497950749119894009e+00
-1.477605355457368042e+00
-1.485074712298199540e+00
-1.497347689653194536e+00
-1.497149269017891360e+00
-1.491954580143464382e+00
-1.491635751568042734e+00
-1.497893005819350254e+00
-1.497013309829301697e+00
-1.497509557412927350e+00
-1.475358186350823830e+00
-1.475587768435075997e+00
-1.466504346676203552e+00
-1.473512575571140903e+00
-1.463292526612987698e+00
-1.478923770617349920e+00
-1.497156080419400181e+00
-1.497963986248213475e+00
-1.497933525651736542e+00
-1.461098517598686364e+00
-1.497402706423943908e+00
-1.401801352247634025e+00
-1.496283678623484548e+00
-1.485235215098051453e+00
-1.492099325200974880e+00
-1.490564434777198244e+00
-1.477621329617522461e+00
-1.490083924172905139e+00
-1.497378847014138703e+00
-1.497520717086973097e+00
-1.465955438330941885e+00
-1.451721804540846206e+00
-1.492951527286143110e+00
-1.462148904550353512e+00
-1.497322180109741163e+00
-1.496079641395693383e+00
-1.492159644284421383e+00
-1.497335582426949419e+00
-1.478897282181642847e+00
-1.497952555525439156e+00
-1.493773697480477169e+00
-1.473261433317260005e+00
-1.424522302476348035e+00
-1.472262278236344590e+00
-1.488389883512243994e+00
-1.466127499155466696e+00
-1.473030614534002192e+00
-1.480573123306980321e+00
-1.453465645562430408e+00
-1.443834568766281912e+00
-1.497961397578321252e+00
-1.497281068025823947e+00
-1.404061793612469744e+00
-1.458528053843340944e+00
-1.495809512157088461e+00
-1.472099800521098789e+00
-1.493742235384796446e+00
-1.423730746341358877e+00
-1.493321541319361678e+00
-1.478702368305516268e+00
-1.491100767087572221e+00
-1.488549262592960165e+00
-1.471103299963066213e+00
-1.479463486174976250e+00
-1.400352763649413967e+00
-1.427422951594964129e+00
-1.492284404334032644e+00
-1.497314146655205791e+00
-1.497966980100823964e+00
-1.492094293621014200e+00
-1.455865001585490370e+00
-1.497481581730446321e+00
-1.497994281699855490e+00
-1.463467679526044840e+00
-1.497988981233118633e+00
-1.496761410735039988e+00
-1.418119566707118251e+00
-1.497311270903513680e+00
-1.482628856547584251e+00
-1.445724142479600793e+00
-1.497981572728070754e+00
-1.478768246706493983e+00
-1.497438351260251599e+00
-1.484754121629199730e+00
-1.492701975576974149e+00
-1.496354513350504289e+00
-1.472972210397015758e+00
-1.497192628259983671e+00
-1.496399877101986409e+00
-1.458920995148098587e+00
