-6.238030892171244624e-01
-5.948577630806219929e-01
-5.812975005785888660e-01
-5.794911183353350648e-01
-6.234305752088888930e-01
-5.572904387258904579e-01
-5.551931670787425555e-01
-6.102848455342558820e-01
-5.494009906321419834e-01
-5.573573348760862967e-01
-5.111609198648539021e-01
-6.060306025040015365e-01
-4.220290326110976431e-01
-6.052987196330120723e-01
-5.437573042450550842e-01
-5.786439753220838922e-01
-6.061485130640884567e-01
-5.875909487497974482e-01
-5.767096804757367856e-01
-6.045710581145620210e-01
-5.707880289553636244e-01
-6.038318298074978330e-01
-5.690993214953778967e-01
-5.755540666887546397e-01
-5.452069243654439346e-01
-5.829757863679541074e-01
2.718417153580398801e-02
-6.185052206437322564e-01
-5.952112882590829823e-01
-5.844225842765995438e-01
-5.953315193963307772e-01
-6.232326661721575567e-01
-5.987016541071455977e-01
-6.048591005307898394e-01
-5.599259856248639533e-01
-6.186630165377134949e-01
-5.876753657048645607e-01
-6.239595686491660187e-01
-6.125304242100876317e-01
-6.223243283431569850e-01
-5.914408045164782912e-01
-5.921029335286612794e-01
-5.589453114600796413e-01
-6.011001492639225230e-01
-6.235458006551493071e-01
-6.213349012864529675e-01
-6.076929329141773639e-01
-5.628737810235627803e-01
-5.788093180069993071e-01
-6.233770676429686297e-01
-5.708768678118476547e-01
-5.538328955754645566e-01
-6.239991818452979011e-01
-6.045220782200010357e-01
-5.722237948618850156e-01
-6.234801056910336259e-01
-6.010925924989657387e-01
-6.055999451445509552e-01
-5.570531857608246318e-01
-5.825535525207586884e-01
-6.238489792091506114e-01
-5.839942138263211069e-01
-6.213803857988392521e-01
-6.228547172003642274e-01
-5.704967398547904356e-01
-5.626992524150480346e-01
-6.197967386753524544e-01
-5.985311392833871924e-01
-5.751505592125200073e-01
-5.368981560041212742e-01
-5.595075912106118876e-01
-6.237910099248495932e-01
-6.061485130640884567e-01
-6.060306025040015365e-01
-6.107086591612216342e-01
-5.659065145818906739e-01
-5.985311392833871924e-01
-6.118139718346518041e-01
-6.063703575295416037e-01
-5.958118534107735842e-01
-6.238449008854516364e-01
-5.863212436895843815e-01
-5.626220642241229752e-01
-6.208409937769239217e-01
-5.706602527772185462e-01
-5.809060232866727347e-01
-6.232015825642110984e-01
-5.592491654975829674e-01
-5.592230944275786708e-01
-5.558979245055855056e-01
-5.795331092555445762e-01
-5.984519585000860342e-01
-5.466543799655587677e-01
-5.585342913058695125e-01
-5.870675400559914880e-01
-6.179589129123773672e-01
-6.035430465308972980e-01
-5.309123710823524522e-01
-6.240413170733808412e-01
-5.710166047474070083e-01
-6.054663169260801059e-01
-6.068002392926004074e-01
-5.613599290118805873e-01
-6.214289215587890380e-01
-5.485677824487121823e-01
-6.197112266231527000e-01
-6.033930183866250685e-01
-5.840051199295824835e-01
-6.189023697341076158e-01
-6.231471576059912643e-01
-5.402852622142692018e-01
-6.237169087384706323e-01
-5.798099032397555641e-01
-6.236687961411676584e-01
-6.231324400448549072e-01
-5.673008661857308343e-01
-6.222599179770301747e-01
-6.143226347817407618e-01
-5.361538894710828895e-01
-6.236544261527583455e-01
-6.238653446360267196e-01
-6.109527367737801473e-01
-4.956320309141125091e-01
-5.684305417086098489e-01
-6.192828649328927515e-01
-6.118139718346518041e-01
-6.155545231073581425e-01
-6.238630925697959961e-01
-6.127995195535120843e-01
-6.236978964887714971e-01
-5.673493607217294787e-01
-6.205893056864568713e-01
-5.736013237202699511e-01
-5.798460272366799950e-01
-6.237910099248495932e-01
-5.500477431576495935e-01
-5.989837250061217366e-01
-5.948577630806219929e-01
-5.483339710188326332e-01
-6.037685372704527653e-01
-6.033930183866250685e-01
-6.234066269731846077e-01
-6.040265497397763195e-01
-5.406998903025791448e-01
-5.779317538482491301e-01
-5.496678557514018681e-01
-5.814539260206810223e-01
-6.237695983120512544e-01
-5.989837250061217366e-01
-5.021189682676221455e-01
-5.591530435889208173e-01
-6.239654067454711850e-01
-5.916470457485185630e-01
-5.813381258099292737e-01
-6.099430979602796787e-01
-5.914630907345461708e-01
-6.084782524461982423e-01
-6.228523180762913780e-01
-6.236978964887714971e-01
-5.258288645954336538e-01
-6.235670718920439670e-01
-6.216481784683095535e-01
-5.087237427682298474e-01
-6.213349012864529675e-01
-6.238191873741342208e-01
-6.008531451426608605e-01
-6.197967386753524544e-01
-5.683530024229990207e-01
-5.889277790059170847e-01
-5.351126527760433627e-01
-5.320796674069159238e-01
-5.760332949790825108e-01
-5.931917107004113232e-01
-6.014655130468562483e-01
-5.952112882590829823e-01
-6.236390785401290104e-01
-6.240378495881715448e-01
-5.871307898821196414e-01
-5.721656825766534560e-01
-5.340415580150449371e-01
-5.972460295166059918e-01
-5.994625309107949329e-01
-5.572552748621957264e-01
-5.790273018385796444e-01
-5.629007492768538512e-01
-5.662074504787172335e-01
-6.054663169260801059e-01
-6.226686137630811357e-01
-5.984519585000860342e-01
-6.170504195904896738e-01
-5.742030832929970741e-01
-5.938553264623299688e-01
-6.237741138594010692e-01
-5.936179348204089212e-01
-5.742814452529654279e-01
-5.786432516076619459e-01
-6.239727244576118714e-01
-6.228523180762913780e-01
-5.871389427545490314e-01
-6.048406247226324473e-01
-5.765465460190448699e-01
-5.931917107004113232e-01
-5.848174301218130866e-01
-5.434927742749254831e-01
-5.866798851440065965e-01
-6.221953638099589901e-01
-6.060306025040015365e-01
-6.011146984171868990e-01
-5.532677624412495332e-01
-6.188090729281858771e-01
-6.230038355363227698e-01
-5.826936604760271088e-01
-6.021426736588937345e-01
-6.184918461534869571e-01
-5.970777486540093104e-01
-6.231729231212644882e-01
-5.339132023593539111e-01
-6.232658761624535471e-01
-5.354324174166992245e-01
-6.241045830144915652e-01
-6.238268512089842899e-01
-5.505024790917031341e-01
-6.068002392926004074e-01
-5.984519585000860342e-01
-6.234524923292359411e-01
-5.889277790059170847e-01
-5.711971470620973435e-01
-6.232572375664136022e-01
-6.158124699817595360e-01
-6.061485130640884567e-01
-5.844350428336010372e-01
-5.865817326139561860e-01
-5.707558716892742190e-01
-5.728732364772423091e-01
-6.237339785757023414e-01
-5.734008117416395933e-01
-5.768226861107996761e-01
-5.856307325293322874e-01
-6.174646741271162531e-01
-5.830182695817880401e-01
-5.782045626557229534e-01
-6.109527367737801473e-01
-5.957839863982131723e-01
-6.054663169260801059e-01
-5.176290866494066556e-01
-6.147841800583223604e-01
-6.238449008854516364e-01
-6.092378194159020488e-01
-5.649645175190139978e-01
-5.686871165691232966e-01
-5.651295906901707689e-01
-5.452069243654439346e-01
-6.240404489491083728e-01
-5.714430831232082397e-01
-5.528152427364653176e-01
-6.195465388966772124e-01
-5.373428758182481335e-01
-5.593676303572393538e-01
-6.105815831984480191e-01
-6.231729231212644882e-01
-6.175260432207253514e-01
-6.139712158685890486e-01
-6.061485130640884567e-01
-5.831002387138138898e-01
-5.725473992184504368e-01
-5.521630416693371624e-01
-6.234824301991411799e-01
-6.157028791719779681e-01
-5.922494592107462319e-01
-6.232658761624535471e-01
-6.228461471352064738e-01
-5.865707278588501161e-01
-5.444332241840813547e-01
-6.106980542017024227e-01
-5.876227564631913980e-01
-6.178353210558151787e-01
-5.919634348789304390e-01
-5.652932752844173070e-01
-5.935994242002898824e-01
-5.774632433023098033e-01
-5.891514135769646554e-01
-5.985311392833871924e-01
-5.761279535179156808e-01
-4.887889693912552125e-01
-5.798099032397555641e-01
-5.684065728779261750e-01
-5.798099032397555641e-01
-5.984519585000860342e-01
-6.152523780095358052e-01
-5.997326025464854160e-01
-5.997360227477284145e-01
-5.887749886259130427e-01
-5.741114352497467266e-01
-6.237197304962057709e-01
-6.220425367109548853e-01
-5.429111423170462913e-01
-5.761279535179156808e-01
-5.438825237933027079e-01
-6.236571214196070523e-01
-5.767679012718981424e-01
-6.208409937769239217e-01
-5.865707278588501161e-01
-5.021189682676221455e-01
-5.474836233641863226e-01
-5.654676194241354814e-01
-6.061485130640884567e-01
-6.234047023227365925e-01
-6.180237829941682692e-01
-6.138818339445017980e-01
-6.238705864458026218e-01
-6.236250746213941598e-01
-5.658335461546191159e-01
-5.662074504787172335e-01
-6.237045797964105853e-01
-6.134567764615799224e-01
-5.985311392833871924e-01
-6.188332807946895775e-01
-5.465896398216364416e-01
-6.240596291666550277e-01
-6.103817227492949193e-01
