-7.781070972970526300e-01
-7.786565473480920874e-01
-7.750530309687208019e-01
-7.641128594233493887e-01
-7.785175297587018095e-01
-7.731185622225354992e-01
-7.656557666315536581e-01
-7.728375118869196259e-01
-7.786619541412990175e-01
-7.587273283107976996e-01
-7.714884722783069693e-01
-7.720836153431634985e-01
-7.771178194499414049e-01
-7.593198757796387754e-01
-7.588371731518607222e-01
-7.786326514734726034e-01
-7.675435714601378523e-01
-7.781880362137060247e-01
-7.589653138249020659e-01
-7.775636566049258791e-01
-7.786365877083342157e-01
-7.737916963352661215e-01
-7.717967344625692450e-01
-7.786086172974507891e-01
-7.686158555271874748e-01
-7.783691081396143518e-01
-7.756956787026326738e-01
-7.782056177212696157e-01
-7.769875642089943968e-01
-7.393947610809307180e-01
-7.602095477460723005e-01
-7.767082340261738382e-01
-7.782672121367256723e-01
-7.783756525433461748e-01
-7.756035387693743788e-01
-7.575301177977423750e-01
-7.786482972270648562e-01
-7.453273547991018377e-01
-7.408642521305780493e-01
-7.730014921809386097e-01
-7.753528278964411102e-01
-7.592812091289858900e-01
-7.658669337807993971e-01
-7.773971710531811796e-01
-7.780454367576937758e-01
-7.552748540594081961e-01
-7.762627782477836691e-01
-7.545064514680605017e-01
-7.711481306879620634e-01
-7.739701240035544716e-01
-7.781279738238852106e-01
-7.643863734966914736e-01
-7.713636941454212748e-01
-7.746502085766594492e-01
-7.665716590537529074e-01
-7.732535837395887457e-01
-7.502672294332485281e-01
-7.769958655527632319e-01
-7.753753761472951256e-01
-7.610828554435472570e-01
-7.572582163094382368e-01
-7.783357933341364943e-01
-7.785373962662022196e-01
-7.718996840241204582e-01
-7.784914704217414938e-01
-7.731393896221022688e-01
-7.781713557607333742e-01
-7.737043797216217600e-01
-7.754845902501444899e-01
-7.602484034552078329e-01
-7.660978393806915365e-01
-7.774545703260998808e-01
-7.781070162719886385e-01
-7.717508924371402346e-01
-7.702076653196315847e-01
-7.768010612754921995e-01
-7.613929085611205183e-01
-7.767088347292344652e-01
-7.780143790124754988e-01
-7.781791369608442865e-01
-7.785038379198711000e-01
-7.614372562794785582e-01
-7.693191498230050884e-01
-7.744507018188785397e-01
-7.572885848759512983e-01
-7.681968521038841091e-01
-7.786545058890085302e-01
-7.780542191295723997e-01
-7.766094844966034971e-01
-7.707359324387114130e-01
-7.775547419852416597e-01
-7.765299365102152906e-01
-7.691103144726555430e-01
-7.778072938500742994e-01
-7.786669544122021280e-01
-7.590791847734551512e-01
-7.741902660756211363e-01
-7.786212362526755415e-01
-7.782587110242645823e-01
-7.682584956466059767e-01
-7.747544920249681555e-01
-7.786277820533912264e-01
-7.586681921212773405e-01
-7.770866140900950514e-01
-7.776270796722571932e-01
-7.783561809166174017e-01
-7.726465458228092276e-01
-7.715002397718678795e-01
-7.707503984394322716e-01
-7.785225961535077177e-01
-7.713984045377771936e-01
-7.783853508709769331e-01
-7.732047557775701963e-01
-7.756634961525749050e-01
-7.773545942446987711e-01
-7.676954562022190176e-01
-7.781973093925814711e-01
-7.725511450963865601e-01
-7.680316983434211098e-01
-7.659746002583603941e-01
-7.762820845647554480e-01
-7.766937598763804518e-01
-7.765808481900792204e-01
-7.761446367195646845e-01
-7.632252270533542715e-01
-7.642347704796891295e-01
-7.743073035209279142e-01
-7.671209475203256689e-01
-7.514395633890132986e-01
-7.762486556722622000e-01
-7.636184370322923742e-01
-7.675394703811805330e-01
-7.662183553158145033e-01
-7.713497922933499895e-01
-7.750422741929839932e-01
-7.692102211705248438e-01
-7.787006026311616980e-01
-7.754274014561276518e-01
-7.706126367385338627e-01
-7.784327849923472487e-01
-7.731180797974418484e-01
-7.643461878589193903e-01
-7.694435344721030079e-01
-7.704328973023991667e-01
-7.703232361647139870e-01
-7.693958111750732742e-01
-7.692268331712882601e-01
-7.697978251791398607e-01
-7.751144258483152472e-01
-7.785734505570333086e-01
-7.763850902384917818e-01
-7.739812719347726189e-01
-7.786765251486401640e-01
-7.786645432180564486e-01
-7.786605287520985685e-01
-7.777104148818950735e-01
-7.572459349586467825e-01
-7.764763160786430918e-01
-7.640601121066908918e-01
-7.786258258103232466e-01
-7.786108846022586905e-01
-7.754051614730458342e-01
-7.785198720349769674e-01
-7.785820829859774195e-01
-7.778396573095421873e-01
-7.755107701933782183e-01
-7.755956122829418264e-01
-7.781559102414946638e-01
-7.786069683908324324e-01
-7.784713072880010687e-01
-7.786760576247077070e-01
-7.715540001346569143e-01
-7.694246961447249733e-01
-7.769715687437753759e-01
-7.746023693299691759e-01
-7.666221753871839129e-01
-7.457977770074110113e-01
-7.747488556607465826e-01
-7.786682717679839216e-01
-7.529147336437206350e-01
-7.776437387048106276e-01
-7.667082300587396704e-01
-7.785924295141201101e-01
-7.689736619769435011e-01
-7.742848099852751576e-01
-7.744108288726608835e-01
-7.704223102602015816e-01
-7.548758996828298651e-01
-7.742822183473806463e-01
-7.786107998519044004e-01
-7.614178782506685339e-01
-7.752361478461723410e-01
-7.777515025055806719e-01
-7.783410897656183325e-01
-7.779944291516046606e-01
-7.767656253828506552e-01
-7.744862951050351940e-01
-7.744534226777802788e-01
-7.604454517542224012e-01
-7.743337726398210608e-01
-7.637292765258650862e-01
-7.781670754021804415e-01
-7.720095433006833874e-01
-7.785007305621008955e-01
-7.707568420274953924e-01
-7.783065586528580271e-01
-7.756580753895293556e-01
-7.771231400958101831e-01
-7.774284099406402193e-01
-7.655448079286913954e-01
-7.579197738497357451e-01
-7.781181516303520285e-01
-7.609817007734279715e-01
-7.625023475094537817e-01
-7.782621103516619288e-01
-7.786321168943147741e-01
-7.786281522541146360e-01
-7.785740303053360067e-01
-7.781222969471316420e-01
-7.786451623952787005e-01
-7.785612553535800062e-01
-7.585326064555745207e-01
-7.595889488412838064e-01
-7.772113442598681532e-01
-7.759197777314882360e-01
-7.778797377078633390e-01
-7.785263708039026342e-01
-7.484636711134414755e-01
-7.781004485851924501e-01
-7.784059200613598906e-01
-7.719630139591943108e-01
-7.786273215143780790e-01
-7.764204590759079538e-01
-7.750986662405382477e-01
-7.730175749576490007e-01
-7.738198895650755249e-01
-7.775493212221961103e-01
-7.743694136562596642e-01
-7.734402738689284407e-01
-7.692305435604255281e-01
-7.783491936690013491e-01
-7.755166147081952177e-01
-7.775308819665412985e-01
-7.663717935039501272e-01
-7.765550594023268305e-01
-7.707134640487681709e-01
-7.782738599172632776e-01
-7.670014476581316076e-01
-7.767343478455047689e-01
-7.785119027077059828e-01
-7.642874665736060225e-01
-7.779045905164282404e-01
-7.771653266801338278e-01
-7.720283515929083906e-01
-7.643916787757377707e-01
-7.440556487246255957e-01
-7.555311111911039434e-01
-7.699145555208276592e-01
-7.772047905429105841e-01
-7.782899117274980627e-01
-7.786741195424299322e-01
-7.675523268236618124e-01
-7.782336058272819601e-01
-7.636203378616671644e-01
-7.693668270195673786e-01
-7.767017198904256903e-01
-7.761327125309805952e-01
-7.636992395101885878e-01
-7.585639286964039885e-01
-7.763622244066398226e-01
