-1.075781137723954561e+00
-1.055962658797389153e+00
-1.076085871412713502e+00
-1.076036339807571407e+00
-1.062133514396224054e+00
-1.075353774037884014e+00
-1.063915117326430515e+00
-1.075546743633584601e+00
-1.072903528702787490e+00
-1.075841219091597800e+00
-1.076474136769235201e+00
-1.074373842039505922e+00
-1.073806480171104694e+00
-1.068233542018075966e+00
-1.065990700455052398e+00
-1.067196790250424243e+00
-1.072957067208697657e+00
-1.065315288041599917e+00
-1.067678927450405935e+00
-1.066186701590320807e+00
-1.074110756103221265e+00
-1.075349739061122412e+00
-1.050393332262450796e+00
-1.073842593840043103e+00
-1.071345589815581478e+00
-1.071693499348565171e+00
-1.069967063744977631e+00
-1.076503308118759383e+00
-1.071100098804146583e+00
-1.074747254479990755e+00
-1.073316446873483043e+00
-1.073261111701002468e+00
-1.076030210544502541e+00
-1.071683806657370397e+00
-1.075677530113334557e+00
-1.052330596812382391e+00
-1.073516929356115313e+00
-1.073659070793727688e+00
-1.072416221680955406e+00
-1.076527918663945593e+00
-1.055967310576646945e+00
-1.072766267517247796e+00
-1.076523374939619915e+00
-1.075445220581295880e+00
-1.076498416310684769e+00
-1.062727907343883782e+00
-1.055393106251752977e+00
-1.018912324398602465e+00
-1.064738922262449705e+00
-1.076502042785785651e+00
-1.060387639194259268e+00
-1.076609874802997524e+00
-1.075327824556764345e+00
-1.076210728884221091e+00
-1.074275135660937908e+00
-1.076515431491990249e+00
-1.065328926000623788e+00
-1.076482002569897345e+00
-1.075007520214542378e+00
-1.076511964791787790e+00
-1.067123156284683017e+00
-1.057993995205614768e+00
-1.075383863525663619e+00
-1.071140859846327897e+00
-1.072217150344155545e+00
-1.074713720415989782e+00
-1.075118765854996994e+00
-1.074566126913746755e+00
-1.075645538429063519e+00
-1.076479766136702709e+00
-1.060621569039997825e+00
-1.048630531176112379e+00
-1.060837214749454249e+00
-1.064568812379370399e+00
-1.076487600232405084e+00
-1.076029334111206825e+00
-1.067557352332261678e+00
-1.061750718330291221e+00
-1.075669286780958078e+00
-1.067261397160443437e+00
-1.052038743591267922e+00
-1.030344498612261850e+00
-1.070369204348352588e+00
-1.069572941734153959e+00
-1.076059672761794372e+00
-1.076493493445664917e+00
-1.075906935180700463e+00
-1.059810079651068326e+00
-1.045081045654640661e+00
-1.073637145511382673e+00
-1.069724048156542873e+00
-1.076010883011044861e+00
-1.070139042460557688e+00
-1.076010769409137424e+00
-1.069658959056922543e+00
-1.060485762669302945e+00
-1.073551032527668925e+00
-1.076513854133263948e+00
-1.072790919621391614e+00
-1.071475643116914123e+00
-1.050331975086822078e+00
-1.057418048025128510e+00
-1.071812121921126737e+00
-1.076520831780664045e+00
-1.075431299749496139e+00
-1.074998136505080026e+00
-1.076503270368791121e+00
-1.063268856637526794e+00
-1.069328261009058201e+00
-1.072802859806790909e+00
-1.066777421675930482e+00
-1.075972111749254889e+00
-1.062285276882087848e+00
-1.074047579026066179e+00
-1.045625641124359628e+00
-1.051158157609926258e+00
-1.057789930649832177e+00
-1.076198551181032359e+00
-1.075667497761413127e+00
-1.028369263976904868e+00
-1.047440667782681079e+00
-1.064015997311259287e+00
-1.057150402593523442e+00
-1.071002771990455127e+00
-1.076532595851196428e+00
-1.054924342754991695e+00
-1.073556177231541175e+00
-1.056566729789241377e+00
-1.072610274625769744e+00
-1.075526674639744051e+00
-1.065619474742808270e+00
-1.076519566938674677e+00
-1.075759960679002036e+00
-1.072959245253942706e+00
-1.062966073917214205e+00
-1.054615819436298230e+00
-1.075269637242600496e+00
-1.073020514676619186e+00
-1.076074497183868051e+00
-1.052004626798706211e+00
-1.075512915940791236e+00
-1.074024052504014115e+00
-1.059857174873182428e+00
-1.049029376676127168e+00
-1.058675890060841951e+00
-1.053912447174341960e+00
-1.070069005534940665e+00
-1.076524522325692734e+00
-1.070958086628421846e+00
-1.076491683594103632e+00
-1.075713234021588249e+00
-1.068306115783655308e+00
-1.067988753013061842e+00
-1.068113301427832118e+00
-1.070947570412890348e+00
-1.066297829684875964e+00
-1.062655666906025198e+00
-1.056809803875617959e+00
-1.076511614269088701e+00
-1.075954692914261157e+00
-1.075823478768874519e+00
-1.068428606765097877e+00
-1.075591244866773266e+00
-1.076093175262830437e+00
-1.073036477486772222e+00
-1.075469405363819408e+00
-1.068609450083553458e+00
-1.048554029962674994e+00
-1.055403213514599869e+00
-1.075476993768706979e+00
-1.076057487518558231e+00
-1.060109629413004573e+00
-1.071644355155140671e+00
-1.066646192263522419e+00
-1.076504261378005589e+00
-1.075420400872249882e+00
-1.075401160535730760e+00
-1.071108462820404394e+00
-1.075868585005580469e+00
-1.073144816650583033e+00
-1.071696348679286981e+00
-1.075946660207727668e+00
-1.064455254463757772e+00
-1.072178326263389714e+00
-1.048662605314282459e+00
-1.076487422345530964e+00
-1.072867996074360342e+00
-1.076544808311350909e+00
-1.076109430882747908e+00
-1.076198320211201986e+00
-1.052543076611386352e+00
-1.076340366182898300e+00
-1.076499369640928183e+00
-1.075494897598295196e+00
-1.073660536277561528e+00
-1.075611477614491607e+00
-1.076527103317608258e+00
-1.075474192003980090e+00
-1.046281732861370717e+00
-1.072550272524078974e+00
-1.069901235771944625e+00
-1.073001464534957261e+00
-1.076176957343386587e+00
-1.065260785735465232e+00
-1.075603018061292548e+00
-1.076528204410722278e+00
-1.059004599919304290e+00
-1.072963236026739375e+00
-1.076517368958430199e+00
-1.076510203058199000e+00
-1.034920158750894492e+00
-1.053579101420621500e+00
-1.076208326066153242e+00
-1.075155477694452966e+00
-1.075901503074090604e+00
-1.075433311379854873e+00
-1.075169320003328544e+00
-1.072701643889251821e+00
-1.076526523360076926e+00
-1.076156640735748349e+00
-1.057829400240077655e+00
-1.056147111260935967e+00
-1.067778405782359163e+00
-1.073026743613605172e+00
-1.076467711902407753e+00
-1.065963873703646758e+00
-1.072734341782942691e+00
-1.076486660073169288e+00
-1.076071669440127776e+00
-1.073333062821098416e+00
-1.076510906268647760e+00
-1.065086779316522847e+00
-1.070100678145449846e+00
-1.069861758571707178e+00
-1.058371736330609103e+00
-1.058031631870323563e+00
-1.072638484519091717e+00
-1.057149907451903736e+00
-1.072253509692909557e+00
-1.075649356068996365e+00
-1.045899863291686938e+00
-1.058316162337347155e+00
-1.061874087810007028e+00
-1.075976027252103284e+00
-1.072833788477892236e+00
-1.057469540075673065e+00
-1.045828059908455510e+00
-1.044076500385095585e+00
-1.076512108988674443e+00
-1.073082899612436636e+00
-1.076612225777095588e+00
-1.072094837113589216e+00
-1.064051239167898677e+00
-1.062644806064754421e+00
-1.075320620282566475e+00
-1.076514813802510018e+00
-1.076532755889052284e+00
-1.068619910916131843e+00
-1.062167328912012820e+00
-1.075191139175750932e+00
-1.056412014756743067e+00
-1.066573337387169751e+00
-1.072172808453855763e+00
-1.067753924869053739e+00
-1.062781917612416471e+00
-1.068938120652046742e+00
-1.036494075122228020e+00
-1.075143693803943812e+00
-1.059480628634203558e+00
-1.071072769691132187e+00
-1.064561378461327479e+00
-1.067816707477528215e+00
-1.075572992107464598e+00
-1.075575680954280688e+00
-1.075827761865424836e+00
-1.076510158706242226e+00
-1.043994013097472529e+00
-1.076003664806866711e+00
-1.064100371890358998e+00
-1.072203842098864435e+00
-1.075316321577024725e+00
-1.070662538110286333e+00
-1.066455175637268882e+00
-1.068721429803421330e+00
-1.076613948197722159e+00
-1.075938794059070558e+00
-1.065116134264884495e+00
-1.073833607392260525e+00
-1.049795763804345361e+00
-1.070689020474950626e+00
-1.060606527566108293e+00
-1.071715281588057511e+00
-1.067264741497724989e+00
-1.076087463037421088e+00
-1.057171003989928249e+00
-1.073386796683840849e+00
-1.069790980740669140e+00
-1.075662745655221686e+00
-1.075946411601927943e+00
-1.075210807051941719e+00
-1.052751523354622298e+00
-1.076472767583333212e+00
-1.066292864301893850e+00
-1.058470166185408345e+00
-1.066083412913457540e+00
-1.074244033168969326e+00
-1.056205491256968054e+00
-1.060168927409276263e+00
-1.076609130640593159e+00
-1.070919860251176692e+00
-1.069650454823780406e+00
-1.057832170647840186e+00
-1.058855415495364216e+00
-1.046688068453357046e+00
-1.059162589604167870e+00
-1.069311393415631084e+00
-1.065321460828644762e+00
-1.073010967396314852e+00
-1.075066509689057925e+00
-1.076509878176465262e+00
-1.072820256102790637e+00
-1.067202792842583570e+00
-1.070107989664561554e+00
-1.074027694005063704e+00
-1.075387476100740702e+00
-1.076528993384093358e+00
-1.075293700758228610e+00
-1.048218641862597167e+00
-1.070582876813382267e+00
-1.070093679894089211e+00
-1.055454029810726890e+00
-1.072733098355926673e+00
-1.076515969435561271e+00
-1.057836926329025040e+00
-1.076518711091377201e+00
-1.076597070701298398e+00
-1.075394374761204030e+00
-1.064829089132896200e+00
-1.046439247808600204e+00
-1.076056612607243945e+00
-1.076030650680154022e+00
-1.072912534457535427e+00
-1.076026415235545430e+00
-1.071416313815661159e+00
-1.062166384010789111e+00
-1.073710047119695421e+00
-1.066041135568472020e+00
-1.075286319157149340e+00
-1.076502769327198905e+00
-1.064379248829918412e+00
-1.060170704808842013e+00
-1.076153570999224263e+00
-1.051356768216095139e+00
-1.072134118692985583e+00
-1.075041061646553109e+00
-1.066428382386817919e+00
-1.058177146186217943e+00
-1.051298108804302522e+00
-1.054077914206182465e+00
-1.047792989621152859e+00
-1.069979903942644972e+00
-1.076481734702123827e+00
-1.070418261890847544e+00
-1.053154786527105813e+00
-1.072927380960587929e+00
-1.071256928897926342e+00
-1.057964336614477530e+00
-1.073937796988412963e+00
-1.062541409320965080e+00
-1.064021657410698429e+00
-1.075794605659106562e+00
-1.075174307789307226e+00
-1.073738175110072746e+00
-1.075937245553301613e+00
-1.074449940996265784e+00
-1.076028250993075863e+00
-1.068688881564632709e+00
-1.073079980491780328e+00
-1.064513197692108282e+00
-1.072300480572106141e+00
-1.070575420165379654e+00
-1.076160583657566283e+00
-1.075240105206355379e+00
-1.066818480280891768e+00
-1.049493449788652333e+00
-1.051895514234533424e+00
-1.075916419730079454e+00
-1.076474406078016477e+00
-1.072917217781767407e+00
-1.050506822426105824e+00
-1.075598468181966361e+00
-1.072119706298567232e+00
-1.075490275211011815e+00
-1.066841252608565105e+00
-1.051220373813864351e+00
-1.076467858386302323e+00
-1.047782271682757838e+00
-1.064737727908431575e+00
-1.074766374738607366e+00
-1.070827441273572100e+00
-1.064551334526431914e+00
-1.073733165668104617e+00
-1.073773705861474692e+00
-1.049461872731057843e+00
-1.075849708147758266e+00
-1.056033027576749994e+00
-1.075859537711855385e+00
-1.074624071352122012e+00
-1.073235887456314597e+00
-1.057415623968074314e+00
-1.052737444636971498e+00
-1.059152474295311785e+00
-1.044667206847707641e+00
-1.075349831719060623e+00
-1.070303365593325395e+00
-1.076034969302675837e+00
-1.061404930715576400e+00
-1.061616101377619970e+00
-1.060681066674117989e+00
-1.069784052990268242e+00
-1.064337949784139425e+00
-1.066686003801502247e+00
-1.072691598981339700e+00
-1.051370378402157746e+00
-1.076522500929301573e+00
-1.076017095011064351e+00
-1.063513858066368112e+00
-1.046767792164199351e+00
-1.076466612567288816e+00
-1.068873977673651110e+00
-1.073497227003992416e+00
-1.076094245275977412e+00
-1.075961078408128158e+00
-1.075245523613996612e+00
-1.047220301616030635e+00
-1.063513575483579165e+00
-1.073250231764763862e+00
-1.073084105671443300e+00
-1.073081499255561733e+00
-1.076029914300744350e+00
-1.065197323414540875e+00
-1.072237878459474159e+00
-1.072485247198403213e+00
-1.060864056959869739e+00
-1.076070109649386097e+00
-1.070357432233800754e+00
-1.064962335769647606e+00
-1.076525466657914265e+00
-1.056051594289824314e+00
-1.075720542909704536e+00
-1.076585549452582002e+00
-1.070657228049553211e+00
-1.072102944434069949e+00
-1.076093193893814304e+00
-1.073600883782567239e+00
-1.075203603784724349e+00
-1.076099622566646596e+00
-1.073452842174691613e+00
-1.065958979706590704e+00
-1.075842481535564055e+00
-1.076489081393215086e+00
-1.070059799164353898e+00
-1.070388252483017277e+00
-1.076011442136588281e+00
-1.065065316697796360e+00
-1.053800110531751155e+00
-1.071236042426718882e+00
-1.073483980393629800e+00
-1.056628822333263606e+00
-1.076489591477792107e+00
-1.050573990803052249e+00
-1.058313763852279044e+00
-1.076495203636269382e+00
-1.075862674234312477e+00
-1.070414109176197837e+00
-1.075252821638122303e+00
-1.076526387044183020e+00
-1.075431104977639496e+00
-1.072423968044709408e+00
-1.076497114123736276e+00
-1.075580319470558432e+00
-1.072925434537138401e+00
-1.064140178953316029e+00
-1.072254816055856486e+00
-1.075187544349647695e+00
-1.071388391749128477e+00
-1.071887715890284420e+00
-1.076452135169943869e+00
-1.076078193089880397e+00
-1.073518032180251991e+00
-1.075824940008696995e+00
-1.076489357862982610e+00
-1.076518821352286936e+00
-1.059162615507124539e+00
-1.046285785813115154e+00
-1.071901396079273372e+00
-1.061457644379151244e+00
-1.063529510528756772e+00
-1.075052031271715336e+00
-1.068093467270791352e+00
-1.072432113745153570e+00
-1.076117886309942318e+00
-1.055313559454768013e+00
-1.072492176269815412e+00
