-8.053470093792974849e-01
-8.073108091986477275e-01
-8.038968618995249171e-01
-8.077467799222767253e-01
-8.032349020278751750e-01
-8.087072752452194591e-01
-7.896270424163639445e-01
-8.078208051657974620e-01
-8.040825229174196620e-01
-8.019638162142336268e-01
-7.888835098630487819e-01
-7.976505186444818873e-01
-7.771007910406887431e-01
-8.024284842460155387e-01
-8.062262449449598689e-01
-8.053672805464565654e-01
-8.083823554253876109e-01
-8.008717846161425014e-01
-7.933661572671234508e-01
-8.064560525155365367e-01
-8.087937075680792232e-01
-8.088319793379604716e-01
-8.058834698087274928e-01
-8.012215223199427028e-01
-8.032728259487748046e-01
-8.041862280144095321e-01
-8.087278947270214458e-01
-8.028438061511814494e-01
-7.943476427382528682e-01
-8.088159512764513392e-01
-8.070672106033861537e-01
-8.006026887370943923e-01
-8.046568434721529384e-01
-8.040985160543322463e-01
-8.080576628482639689e-01
-7.877206381446421046e-01
-7.951709128021001716e-01
-7.974619239604771037e-01
-8.076090950554907222e-01
-8.086052097416221995e-01
-8.075482443011104960e-01
-8.041211974843144317e-01
-7.995198418422341247e-01
-8.062247641420662303e-01
-8.055509108154773612e-01
-8.087938100135624309e-01
-8.068031769281923671e-01
-7.967211709393858809e-01
-8.019150209649205108e-01
-8.026131752914488215e-01
-8.088206954336464305e-01
-8.088808458334505458e-01
-8.082397531754076381e-01
-8.074881702697574992e-01
-7.890807826108038325e-01
-7.867011621630489726e-01
-8.088488083368837733e-01
-8.068570073730051417e-01
-7.972820245696902175e-01
-7.953917098267674346e-01
-8.084256377107202907e-01
-8.082108560985624690e-01
-8.078731045162975688e-01
-7.909892916715443034e-01
-8.082682497835457225e-01
-8.088406257367432017e-01
-8.079810429400503535e-01
-8.088504046237766643e-01
-7.951959905250668426e-01
-8.028219424224197764e-01
-7.987936812489032645e-01
-8.039287354833185573e-01
-7.999637600070536037e-01
-8.051816064900457759e-01
-8.087796017563640971e-01
-8.089151185041963954e-01
-7.845596790349781413e-01
-7.996546503192484279e-01
-7.776633489913046260e-01
-8.088544558769762416e-01
-8.083079390263855357e-01
-7.801175963169634242e-01
-8.088137440419495006e-01
-8.020847731305956740e-01
-8.049033985509276290e-01
-7.913274996018707652e-01
-8.085391901469528575e-01
-8.079159695691168208e-01
-7.896517168766558070e-01
-8.087653078174888988e-01
-8.058535389638245006e-01
-8.082192976063787837e-01
-8.086132023519575496e-01
-8.026147585398256679e-01
-8.083679180628359218e-01
-8.085927672720253367e-01
-7.936849396711885829e-01
-8.088983118570148845e-01
-7.867423545605242152e-01
-8.038514040446579356e-01
-7.918154101854860683e-01
-8.053652428126633067e-01
-8.035782452708780665e-01
-7.855015888846218486e-01
-8.078691352194845576e-01
-7.996418744361698527e-01
-7.941261965817510982e-01
-8.035837233102619548e-01
-7.923698917067348857e-01
-8.008627270384430785e-01
-8.087627764827310939e-01
-8.088300924784243007e-01
-8.076783780044615169e-01
-8.009998475237488647e-01
-7.909148883110582728e-01
-8.074009630865156550e-01
-7.964785912110209365e-01
-8.084067076480686564e-01
-8.071321722156107326e-01
-8.055575478858053584e-01
-8.064379252529442210e-01
-7.997482794373035331e-01
-8.068495665712952514e-01
-7.898122061080038447e-01
-8.083017010277807612e-01
-8.054974608159363170e-01
-8.081555131858885188e-01
-7.993406940287649531e-01
-8.083105504548847575e-01
-7.929299518502056499e-01
-7.927619319445192714e-01
-8.051894030569791694e-01
-8.079481653905212779e-01
-7.960957105307578940e-01
-7.891546942329704661e-01
-7.870561869851052661e-01
-8.085036117619573970e-01
-8.083933953231871028e-01
-8.046037660016417403e-01
-8.060189772433340449e-01
-8.035372540390789409e-01
-7.850089509076177974e-01
-8.088704522735178370e-01
-7.919778468123376269e-01
-7.953098237550556560e-01
-8.086251102423965831e-01
-8.081721968984901805e-01
-8.033116742073297400e-01
-8.081940457260906596e-01
-8.059418097174465556e-01
-8.084266100114881892e-01
-8.088438909536898036e-01
-8.081591192668974299e-01
-8.085658948904573817e-01
-7.993247875048518081e-01
-8.075574904716312785e-01
-8.023450382089912791e-01
-8.084482111072838206e-01
-7.985209289974272151e-01
-8.011670404149889846e-01
-8.087862439489662547e-01
-8.084862686729729075e-01
-8.084065139329731364e-01
-8.087865587359964747e-01
-7.773453153705894847e-01
-8.085966732389032741e-01
-8.086802464014589686e-01
-7.808064509219229121e-01
-8.087890956586897273e-01
-8.066826116329729457e-01
-8.042424538208842177e-01
-8.027811169660389323e-01
-7.938689131325781245e-01
-7.942815188354551692e-01
-7.957545922173857589e-01
-8.083250232076942821e-01
-7.882627135178744693e-01
-8.083283275401890178e-01
-8.050555873698294063e-01
-8.047522984481155772e-01
-7.992233417964279552e-01
-8.088726464695036311e-01
-8.070947330481111903e-01
-8.081244275009930034e-01
-8.080601643806993861e-01
-8.080768220162689586e-01
-8.086094621604978938e-01
-7.960135459935963054e-01
-8.025962899475097556e-01
-8.088284198230802913e-01
-8.009020912497043510e-01
-8.052186191118061442e-01
-7.935410782730877299e-01
-8.080165449565946956e-01
-8.076865419781505961e-01
-7.870883613860905070e-01
-8.002432913555502791e-01
-8.016143132037222285e-01
-8.038914863056242366e-01
-7.978650902433991332e-01
-8.085291896051466365e-01
-8.084732059425413508e-01
-8.045065652615129848e-01
-7.951802670060396094e-01
-7.989703238046467204e-01
-7.783944465256035228e-01
-8.025131288951933284e-01
-8.075488533860742946e-01
-7.837312396651804347e-01
-8.005716607941985030e-01
-8.088177133387625117e-01
-7.806073565072119136e-01
-8.088258661365806956e-01
-8.076620202547609706e-01
-7.841749552673399348e-01
-8.088378429448902507e-01
-8.064877733624279399e-01
-8.063301898575127025e-01
-7.910016149318516154e-01
-8.022624117358326812e-01
-8.052682697809040446e-01
-8.085803695059120555e-01
-8.088172625786363978e-01
-8.077989619261324306e-01
-7.806492641604244609e-01
-7.892568193412125011e-01
-8.082497574425041575e-01
-7.866609513795673747e-01
-8.084829438513815303e-01
-8.088953875041305919e-01
-8.000243141351938148e-01
-8.088173016941845317e-01
-8.066770218348801036e-01
-8.066180262750685115e-01
-8.083555910772383113e-01
-8.085828170216381450e-01
-7.952781611158251662e-01
-7.992878922297358413e-01
-7.832011159545481105e-01
-8.083850301838219066e-01
-8.042605959846377273e-01
-8.055560316926538844e-01
-7.982848745806813140e-01
-8.088504940307438273e-01
-8.068989485538303752e-01
-8.088341549074947734e-01
-8.087741907722055812e-01
-8.088720541483461757e-01
-8.046027131414711375e-01
-8.075162440574467082e-01
-7.921336300707161326e-01
-8.043785791880190272e-01
-8.089414749330580134e-01
-8.060134600884020228e-01
-8.072806902265846629e-01
-8.033485066181719203e-01
-8.086179539597332377e-01
-7.939340218937694926e-01
-8.021920982784330745e-01
-7.794783532655537028e-01
-8.068158336019813914e-01
-8.082650516218244929e-01
-7.906518204173743625e-01
-8.050286609715521235e-01
-7.909492969549000163e-01
-8.084858756548464198e-01
-8.043829675799906154e-01
-8.010127444787621398e-01
-8.085260771251022716e-01
-7.959747475607991118e-01
