-8.053523799335647881e-01
-8.073132694084756977e-01
-8.038954788360368475e-01
-8.077481256045215829e-01
-8.032378361902885455e-01
-8.087092670440326758e-01
-7.896214984803984205e-01
-8.078248888257490989e-01
-8.040869629979542355e-01
-8.019620396140191287e-01
-7.888650619721699897e-01
-7.976495084186566720e-01
-7.771124059314107324e-01
-8.024250195624273996e-01
-8.062308146766264949e-01
-8.053693523429034107e-01
-8.083843645714989812e-01
-8.008795776651644882e-01
-7.933862928235904111e-01
-8.064549653752416392e-01
-8.087959105422866113e-01
-8.088337407768422249e-01
-8.058901236968105675e-01
-8.012310492943204299e-01
-8.032684667056479988e-01
-8.041897843412035840e-01
-8.087302779341005721e-01
-8.028516159881302627e-01
-7.943597862611462279e-01
-8.088184113101808403e-01
-8.070697758674308941e-01
-8.006123766771996442e-01
-8.046638925186424540e-01
-8.041047652976041071e-01
-8.080588091114839777e-01
-7.877173445098317739e-01
-7.951769920464812902e-01
-7.974683873944027335e-01
-8.076136463237432173e-01
-8.086080163245076280e-01
-8.075520162183533746e-01
-8.041285198314995775e-01
-7.995292466718846303e-01
-8.062270648206253387e-01
-8.055579350871521216e-01
-8.087951621578975958e-01
-8.068084189587920729e-01
-7.967349828406394829e-01
-8.019243532913659100e-01
-8.026108118209246411e-01
-8.088239695017018782e-01
-8.088829659192375843e-01
-8.082442411382633196e-01
-8.074885433324342499e-01
-7.891013984479782195e-01
-7.867043434300532434e-01
-8.088504871893781312e-01
-8.068574977002841431e-01
-7.972797372052361498e-01
-7.953964160408727446e-01
-8.084296257540598551e-01
-8.082154079804620972e-01
-8.078736411215189372e-01
-7.909789637589329514e-01
-8.082725358634983426e-01
-8.088431948742313971e-01
-8.079828138246445413e-01
-8.088522496459580324e-01
-7.951908638213128766e-01
-8.028266665772005872e-01
-7.987898501189235612e-01
-8.039298058694129834e-01
-7.999769566795856823e-01
-8.051857281336871619e-01
-8.087814663739290033e-01
-8.089173386055731330e-01
-7.845616734614433430e-01
-7.996605745921815389e-01
-7.776503521494921856e-01
-8.088562763076992956e-01
-8.083087995893066813e-01
-7.801354583615373040e-01
-8.088164512567705966e-01
-8.020807900754729491e-01
-8.049026450135110533e-01
-7.913446774546365470e-01
-8.085417919758128846e-01
-8.079162753222089988e-01
-7.896597193046428487e-01
-8.087674830671696125e-01
-8.058511811561319682e-01
-8.082210384529362468e-01
-8.086143945563780688e-01
-8.026217041491324755e-01
-8.083690537478155358e-01
-8.085940804277077509e-01
-7.936888329551162746e-01
-8.089005865920606553e-01
-7.867531226438034819e-01
-8.038564375604654311e-01
-7.918268972765463154e-01
-8.053673771845035745e-01
-8.035789403157835853e-01
-7.855217558277696188e-01
-8.078732339448487787e-01
-7.996450658056816208e-01
-7.941359749692527004e-01
-8.035921186461706389e-01
-7.923863406983120417e-01
-8.008713811267643701e-01
-8.087651496170594756e-01
-8.088334342280912859e-01
-8.076797180725659997e-01
-8.010054106759054715e-01
-7.909146362847118139e-01
-8.074042556792720982e-01
-7.964880273483719852e-01
-8.084106206233679925e-01
-8.071330588135210427e-01
-8.055662001314800591e-01
-8.064423723583674652e-01
-7.997414144191307139e-01
-8.068487468113260119e-01
-7.898293677121016598e-01
-8.083046366506658753e-01
-8.054962999777264265e-01
-8.081587269890829761e-01
-7.993447778873266074e-01
-8.083123527304590938e-01
-7.929319622002095613e-01
-7.927632564939938176e-01
-8.051956500306922671e-01
-8.079493203026162362e-01
-7.961105277581743689e-01
-7.891755593692959536e-01
-7.870550528118297473e-01
-8.085058922917062185e-01
-8.083956119404309693e-01
-8.046094720794422228e-01
-8.060233848825666403e-01
-8.035357724015219638e-01
-7.850374422105370620e-01
-8.088725148666467968e-01
-7.919717125280054670e-01
-7.953117037100743136e-01
-8.086276542537051970e-01
-8.081734703422178701e-01
-8.033094146556895021e-01
-8.081980361504471633e-01
-8.059458902949179215e-01
-8.084288600106994682e-01
-8.088457621741700354e-01
-8.081590384548426043e-01
-8.085694492485477891e-01
-7.993357640355811533e-01
-8.075590411436941451e-01
-8.023525924927115138e-01
-8.084515288394370502e-01
-7.985264316329332424e-01
-8.011741563461105553e-01
-8.087892734086331581e-01
-8.084872361977140098e-01
-8.084099096089493175e-01
-8.087893503535851236e-01
-7.773814321209211453e-01
-8.085994627873849261e-01
-8.086828990332285416e-01
-7.807921368120567251e-01
-8.087905887205745215e-01
-8.066883035504456290e-01
-8.042407335481929209e-01
-8.027875641276720486e-01
-7.938671130046242030e-01
-7.942933286316249397e-01
-7.957687998622088310e-01
-8.083292379728727051e-01
-7.882833432403237861e-01
-8.083310475904096348e-01
-8.050624707878704100e-01
-8.047603495310113875e-01
-7.992217449523540962e-01
-8.088746173829367558e-01
-8.070955083707447297e-01
-8.081248688133202407e-01
-8.080602500113264197e-01
-8.080803015001933876e-01
-8.086124323379458856e-01
-7.960188484599648451e-01
-8.026009868378064516e-01
-8.088317327194591844e-01
-8.009123965227471498e-01
-8.052272815562322439e-01
-7.935424743328911568e-01
-8.080180978642682588e-01
-8.076900682672492060e-01
-7.870806378772182699e-01
-8.002548997648906148e-01
-8.016074180094273638e-01
-8.038964627862419388e-01
-7.978734488044367801e-01
-8.085315603220439851e-01
-8.084756830949944018e-01
-8.045098920935754849e-01
-7.951749804631036422e-01
-7.989754611555460739e-01
-7.783956475247044704e-01
-8.025119326864783575e-01
-8.075546047092740931e-01
-7.837428526003832330e-01
-8.005787305612961369e-01
-8.088200310408667493e-01
-7.806338741114278168e-01
-8.088292774254366435e-01
-8.076660683225495019e-01
-7.841945403948986648e-01
-8.088403906004945076e-01
-8.064864953748508425e-01
-8.063330805273057900e-01
-7.910121199082660315e-01
-8.022713866300803520e-01
-8.052764751446439551e-01
-8.085833813393427105e-01
-8.088200281258818292e-01
-8.078036731118127811e-01
-7.806345993668453165e-01
-7.892797394014372525e-01
-8.082503042443712760e-01
-7.866528235395287005e-01
-8.084866837751409907e-01
-8.088973170446851491e-01
-8.000242799794816673e-01
-8.088188570538292765e-01
-8.066824045131842924e-01
-8.066184737586411524e-01
-8.083580394376795875e-01
-8.085847028182783225e-01
-7.952930344310912281e-01
-7.992849278294941184e-01
-7.832057639076439592e-01
-8.083856182594826301e-01
-8.042687233346517139e-01
-8.055567225001103449e-01
-7.982950203491704366e-01
-8.088520839100939996e-01
-8.068982873604603201e-01
-8.088363568327348041e-01
-8.087766715377783244e-01
-8.088745544310042002e-01
-8.046103659357149995e-01
-8.075210837412472031e-01
-7.921332833789697103e-01
-8.043776137930357395e-01
-8.089438156722643658e-01
-8.060175377422532650e-01
-8.072820164716241198e-01
-8.033429838436655368e-01
-8.086201942417117206e-01
-7.939307884334008136e-01
-8.021982147949656694e-01
-7.794971357822442215e-01
-8.068160531306385330e-01
-8.082690996202593903e-01
-7.906604976702340526e-01
-8.050345790473342200e-01
-7.909480730398213977e-01
-8.084879765541134189e-01
-8.043912162180735237e-01
-8.010143677046847044e-01
-8.085280929798241978e-01
-7.959638413822327507e-01
