-1.436096728844601156e+00
-1.459207938117939474e+00
-1.482409888012367727e+00
-1.493836984103578569e+00
-1.493730708090621473e+00
-1.488595618931609632e+00
-1.428040334088760854e+00
-1.490249352594870569e+00
-1.474828703394192697e+00
-1.487891540462184192e+00
-1.496790071083265783e+00
-1.482668077172744514e+00
-1.486958185276049615e+00
-1.497310615209895612e+00
-1.451767486585337164e+00
-1.488975037420201541e+00
-1.484518576478618623e+00
-1.491443018494206907e+00
-1.487152095483649017e+00
-1.497480970872599126e+00
-1.494007715089279653e+00
-1.490162180801886560e+00
-1.497926446674424650e+00
-1.456380900992113592e+00
-1.492964460579711439e+00
-1.494733830047804357e+00
-1.497921298323232175e+00
-1.491593676684457304e+00
-1.492289301073211671e+00
-1.483724691504645588e+00
-1.478464573221314193e+00
-1.451525955526191236e+00
-1.497055615363675596e+00
-1.497923688096958639e+00
-1.496554751945692541e+00
-1.419875861210781576e+00
-1.451702225087243558e+00
-1.455114589137989523e+00
-1.497973918048697950e+00
-1.491078046215731145e+00
-1.489642020380157472e+00
-1.497483715480226518e+00
-1.478266792902755977e+00
-1.488380387024986984e+00
-1.492877113698083402e+00
-1.497749815760213377e+00
-1.496579120932179929e+00
-1.436191783351856710e+00
-1.493721024198490621e+00
-1.497199223442036153e+00
-1.496144635668057443e+00
-1.490348741477388383e+00
-1.497465920699793340e+00
-1.475216077705878259e+00
-1.497942873341995718e+00
-1.462007711706716062e+00
-1.497973452387410642e+00
-1.496663070349055769e+00
-1.492965570716220380e+00
-1.480813877489450814e+00
-1.491482078162986280e+00
-1.451794768748837949e+00
-1.496444387426632883e+00
-1.497504239035803320e+00
-1.497430400056797506e+00
-1.479667977262321354e+00
-1.463231775043565275e+00
-1.497492023808914663e+00
-1.497343918373841287e+00
-1.474711501570451500e+00
-1.457120300335842611e+00
-1.412959911925751211e+00
-1.457646126924115659e+00
-1.497899205489117147e+00
-1.447073147697407247e+00
-1.457226787759024145e+00
-1.496959139658171178e+00
-1.487333539472925903e+00
-1.497610858706790449e+00
-1.497261039046603681e+00
-1.432382156206327917e+00
-1.446436845762688161e+00
-1.463713041571933271e+00
-1.496315977601367475e+00
-1.497956921411711217e+00
-1.489759257128495218e+00
-1.497935240222174169e+00
-1.497509974120217802e+00
-1.497329051671582700e+00
-1.452205301327663900e+00
-1.497929078592020513e+00
-1.473670329032498838e+00
-1.493866762211579324e+00
-1.497327986238557340e+00
-1.464581471933084966e+00
-1.497288200138169767e+00
-1.497244586302000524e+00
-1.493233641674775125e+00
-1.491084036482531072e+00
-1.496617640433866026e+00
-1.496610330482977869e+00
-1.460406462727147581e+00
-1.444425520552355291e+00
-1.479104285892132165e+00
-1.486976891821283342e+00
-1.497588279722291471e+00
-1.496565557150203229e+00
-1.446034521861034872e+00
-1.497939954577046873e+00
-1.490348555212873460e+00
-1.486573746493119241e+00
-1.486681398069519044e+00
-1.497922779126125814e+00
-1.496378725459832193e+00
-1.497268667509812357e+00
-1.493159909797865392e+00
-1.497292771069365980e+00
-1.494539045793968679e+00
-1.491869402183252813e+00
-1.469652559673446657e+00
-1.408605032665688039e+00
-1.488698716340619566e+00
-1.494825863344627859e+00
-1.424383205426889898e+00
-1.465191724775392057e+00
-1.491268925434011461e+00
-1.496467967582899572e+00
-1.496719460068303587e+00
-1.479666677834499122e+00
-1.472801758972960950e+00
-1.491645377194541933e+00
-1.472533761588889600e+00
-1.494244445180553438e+00
-1.470564100025254728e+00
-1.457480772463637830e+00
-1.491207516817409040e+00
-1.496336584044653417e+00
-1.492073583481866361e+00
-1.496551665542680265e+00
-1.449325525267082693e+00
-1.490348970582741739e+00
-1.438413162780958654e+00
-1.439931151522356512e+00
-1.496258342703837396e+00
-1.493286289339918138e+00
-1.487134883245486261e+00
-1.460957952840286733e+00
-1.491636449536341669e+00
-1.484578989977050067e+00
-1.468687878055531026e+00
-1.497533864406901838e+00
-1.496467854892868043e+00
-1.488070496423202993e+00
-1.497636365769464017e+00
-1.497940483568269254e+00
-1.447310046358067037e+00
-1.458207362396675588e+00
-1.494464444993096830e+00
-1.462356680138069631e+00
-1.479057255964759232e+00
-1.431206614775616170e+00
-1.433812202019649984e+00
-1.497052216036278249e+00
-1.497312901606816293e+00
-1.497022980889338495e+00
-1.497896119086104871e+00
-1.497523970035869123e+00
-1.497435133038121702e+00
-1.491887275194782259e+00
-1.493470497494596483e+00
-1.489163332218337299e+00
-1.477232370590824129e+00
-1.492443357659536840e+00
-1.483072171518612148e+00
-1.447114289803463461e+00
-1.497943542031604292e+00
-1.452676073713261129e+00
-1.487488210732150318e+00
-1.497515066592055799e+00
-1.476438916353541853e+00
-1.490585363535243513e+00
-1.497370465723830701e+00
-1.497979420302468778e+00
-1.404132791860062124e+00
-1.497916570929843427e+00
-1.497419922677833082e+00
-1.454869997752863409e+00
-1.461110797775942327e+00
-1.497920126719433309e+00
-1.480922561902585866e+00
-1.461575885368544103e+00
-1.496755597246843816e+00
-1.470317049017209055e+00
-1.496871445393222810e+00
-1.487947849156368019e+00
-1.495145801520008089e+00
-1.493613294390994550e+00
-1.464286570502478124e+00
-1.497923114402252676e+00
-1.497978125764090063e+00
-1.491952168820458891e+00
-1.496283353371578695e+00
-1.492288193730670454e+00
-1.493998820958692075e+00
-1.496688948078114034e+00
-1.447742425901848318e+00
-1.497219770280677320e+00
-1.492910752138155939e+00
-1.479365381011772396e+00
-1.497932639969545843e+00
-1.482801400190252306e+00
-1.487617158396202566e+00
-1.484997175233471634e+00
-1.497629834404248239e+00
-1.479943134654346348e+00
-1.490984811512786390e+00
-1.452384420735794546e+00
-1.496422439878839494e+00
-1.497885557888108732e+00
-1.465817791475016119e+00
-1.463445317996698858e+00
-1.497948759300667287e+00
-1.491880022054571153e+00
-1.458104838682371618e+00
-1.468631235947865488e+00
-1.496784656373816969e+00
-1.492349651707369329e+00
-1.478854193417388441e+00
-1.454834562791544439e+00
-1.496607446176964284e+00
-1.497468014312941076e+00
-1.494347677631336690e+00
-1.488965913252938034e+00
-1.453315015016156675e+00
-1.497908380879122259e+00
-1.485879582418161871e+00
-1.492947029015082361e+00
-1.497968603922087194e+00
-1.494764088718253614e+00
-1.471381012415546419e+00
-1.497367237759787084e+00
-1.496218733554739000e+00
-1.496416973946649076e+00
-1.483767856443333866e+00
-1.436953627569633962e+00
-1.485855614831704141e+00
-1.455811564875799657e+00
-1.443676942093330862e+00
-1.473646170524913313e+00
-1.479034663243252279e+00
-1.496808354808050634e+00
-1.497917530192095281e+00
-1.497951801000195982e+00
-1.497943957401472570e+00
-1.497976158810812475e+00
-1.497971228389102460e+00
-1.441077438248354436e+00
-1.496692427499252798e+00
-1.497961686058002950e+00
-1.497514418391543867e+00
-1.444342770678955556e+00
-1.494579290105062963e+00
-1.496878731129724027e+00
-1.496558478167313577e+00
-1.491963717220384122e+00
-1.494566042972761633e+00
-1.491886043055016042e+00
-1.467584635196286680e+00
-1.493947388669508936e+00
-1.464197673900085928e+00
-1.497918183980542661e+00
-1.497917235894161703e+00
-1.444479418052393438e+00
-1.496897582961279394e+00
-1.497306342301923276e+00
-1.477607762506264688e+00
-1.444776077820021154e+00
-1.494246884314376356e+00
-1.462103321282226087e+00
-1.480020289374548437e+00
-1.451977337775784971e+00
-1.486076238630372526e+00
-1.487230264646965505e+00
-1.497974389297920705e+00
-1.496311142174560072e+00
-1.466508005810934545e+00
-1.470074199205297472e+00
-1.494066572813350202e+00
-1.473524496024507524e+00
-1.497911580903488638e+00
-1.496560823237556459e+00
-1.445414927853304388e+00
-1.414142848057705404e+00
-1.493707778928834440e+00
-1.463864623634177686e+00
-1.467234908668357374e+00
-1.487020182954180481e+00
-1.428630066169458868e+00
-1.488298382209646942e+00
-1.477996872337568046e+00
-1.487176861213553192e+00
-1.444739342732388021e+00
-1.485288841249454261e+00
-1.456021330384570600e+00
-1.492910678563672544e+00
-1.487582380948621275e+00
-1.492771013705092908e+00
-1.490734339756924154e+00
-1.496472700564223768e+00
-1.497903323797542097e+00
-1.497131783580440523e+00
-1.497957279039579870e+00
-1.453172951070624830e+00
-1.497303173011201860e+00
-1.470279200067776681e+00
-1.481953702000934125e+00
-1.464428098006206991e+00
-1.496774906357783319e+00
-1.497973081721025945e+00
-1.491143716564435007e+00
-1.492575150979715826e+00
-1.492509004725176336e+00
-1.491385306296903135e+00
-1.484013921413603665e+00
-1.496772744758087637e+00
-1.472097802041131498e+00
-1.493463990343767644e+00
-1.497960307700592519e+00
-1.492975140055674554e+00
-1.494702767645973207e+00
-1.496958534298497678e+00
-1.496778276814180852e+00
-1.436243468029457571e+00
-1.497956684855777265e+00
-1.487507086778092624e+00
-1.497983622429925443e+00
-1.430707150204140188e+00
-1.488264860650557520e+00
-1.497933126119929792e+00
-1.481560770021784545e+00
-1.496933195805210115e+00
-1.458134663356501104e+00
-1.485919272126662971e+00
-1.459319570167023183e+00
-1.452715831873971464e+00
-1.492593694543498994e+00
-1.496925517050582410e+00
-1.439765510214525701e+00
-1.497332354141432287e+00
-1.480281302537802102e+00
-1.497411568714338781e+00
-1.497444375483352186e+00
-1.451338126389342786e+00
-1.452472179262000562e+00
-1.444295381261068822e+00
-1.497911212099749090e+00
-1.483217701148274781e+00
-1.497935068858820440e+00
-1.481036847522515298e+00
-1.468639052538234235e+00
-1.492049225671249868e+00
-1.497969810916143896e+00
-1.470081481216508390e+00
-1.494249388640779497e+00
-1.483808321943539621e+00
-1.496496104700523855e+00
-1.465460020182687284e+00
-1.495682719228822233e+00
-1.497933873040634634e+00
-1.496927201813119890e+00
-1.477513879602808000e+00
-1.496620471654492857e+00
-1.496733914194661619e+00
-1.493328406540709974e+00
-1.496424730932373048e+00
-1.475066766673732044e+00
-1.496437856061417104e+00
-1.491845766147631647e+00
-1.497918815417248251e+00
-1.482362547954577447e+00
-1.497410021787542345e+00
-1.493826473197001459e+00
-1.481187096163663508e+00
-1.491239530099588873e+00
-1.497952028242904188e+00
-1.460406412435728551e+00
-1.475425053918767215e+00
-1.459202042846042158e+00
-1.400241890056091787e+00
-1.484092199774492027e+00
-1.456397476671296598e+00
-1.497555944202500822e+00
-1.461304624630171300e+00
-1.468099782308596613e+00
-1.490117418644982816e+00
-1.441673153145271780e+00
-1.438831274462896825e+00
-1.491959045706349851e+00
-1.496310438094693662e+00
-1.474275839580255987e+00
-1.496704530967432500e+00
-1.490245043365317823e+00
-1.439635572088915350e+00
-1.497913734121281149e+00
-1.436444127066093923e+00
-1.496664234502274038e+00
-1.472133805109220983e+00
-1.482432335913214327e+00
-1.432533421618896963e+00
-1.497990566371041776e+00
-1.497056651925701143e+00
-1.482841396769541742e+00
-1.497954550264436246e+00
-1.485372274713623764e+00
-1.497959346575695516e+00
-1.482216876647468151e+00
-1.490457527404684068e+00
-1.497385432077604772e+00
-1.494131382619995119e+00
-1.460512925935942175e+00
-1.488876565424758436e+00
-1.496775802290100099e+00
-1.497974670557338239e+00
-1.497958318395573141e+00
-1.488662330498951913e+00
-1.497532672314006330e+00
-1.459816590948063375e+00
-1.497336114821988584e+00
-1.494485809532958509e+00
-1.497263527540523054e+00
-1.496544913454014303e+00
-1.452698928369242193e+00
-1.497964407382565977e+00
-1.482219690522212030e+00
-1.429362949980455877e+00
-1.487800285285371782e+00
-1.488123459341037513e+00
-1.497028907826203348e+00
-1.436231673760372640e+00
-1.482797913551363589e+00
-1.497984885303336622e+00
-1.436329030497032644e+00
-1.447423865152555944e+00
-1.496588165005702020e+00
-1.488161978842723610e+00
-1.459316165251690389e+00
-1.489861794812637807e+00
-1.497409570096093656e+00
-1.494263374311882497e+00
-1.458884972212869169e+00
-1.496838892875272276e+00
-1.461329803867298605e+00
-1.432689928514915945e+00
-1.465948871402102949e+00
-1.450069514168459417e+00
-1.490422835638779642e+00
-1.492480129068750383e+00
-1.494061519457060339e+00
-1.497936843959647657e+00
-1.491208209721404554e+00
-1.480244631012934686e+00
-1.456750891236621381e+00
-1.493728420762378217e+00
-1.496218204563516618e+00
-1.457283091796595098e+00
-1.470264460956710817e+00
-1.497144998116451742e+00
-1.497930239019948484e+00
-1.437901643170076849e+00
-1.496893315641242506e+00
-1.496619044868308546e+00
-1.481432900829273702e+00
-1.459101007385212423e+00
-1.496056271782177927e+00
-1.493093264354425909e+00
-1.492695870874482633e+00
-1.467343956297296526e+00
-1.457987577719646932e+00
-1.497490852205115797e+00
-1.445972771449047567e+00
-1.425148517889935018e+00
-1.458080914868074895e+00
-1.493510599313336851e+00
-1.488280050056088211e+00
-1.491925801215726377e+00
-1.496696763737160207e+00
-1.467516421405631544e+00
-1.497451135022598745e+00
-1.497936707986551763e+00
-1.460555859906631948e+00
-1.497293883068520071e+00
-1.496404610639471056e+00
-1.493160860678214075e+00
-1.496668674116987230e+00
-1.489691276634145023e+00
-1.497460314137894155e+00
-1.449159660441833974e+00
-1.496295708296853544e+00
-1.496829168004948141e+00
-1.462157988054710867e+00
-1.472293144157189371e+00
-1.497231657682019712e+00
-1.497910381360012533e+00
-1.465106879426199438e+00
-1.467841430632430555e+00
-1.423227482540565969e+00
-1.493139352714675905e+00
-1.493418862177092077e+00
-1.497946207476812841e+00
-1.465947297466951849e+00
-1.497262584110754968e+00
-1.497414960591155531e+00
-1.494187973504919054e+00
-1.494346634550053121e+00
-1.419457309944588186e+00
-1.491619554413515569e+00
-1.497247125087338926e+00
-1.493897843239861967e+00
-1.485652989307451488e+00
-1.497949712974983694e+00
-1.497966750590163709e+00
-1.490156629188019277e+00
-1.496831568023222925e+00
-1.490967431170898916e+00
-1.497935486091333868e+00
-1.497950232652980329e+00
-1.489308575233477594e+00
-1.485499796522814275e+00
-1.497515154136377813e+00
-1.497179065896231176e+00
-1.437625051541286947e+00
-1.497923486931282522e+00
-1.497465959815341474e+00
-1.496630759974974634e+00
-1.491231785221058370e+00
-1.494547536661881448e+00
-1.497906473530489446e+00
-1.446730331582981588e+00
-1.497367735086041929e+00
-1.489873981168526651e+00
-1.491726636020499708e+00
-1.496416523186522962e+00
-1.463902880502897741e+00
-1.490129818273741247e+00
-1.496547523019868375e+00
-1.493382503343779089e+00
-1.497305418429929258e+00
-1.482766243461552502e+00
-1.496457387758451940e+00
-1.471531468508798124e+00
-1.439311691625076772e+00
-1.430440419418770315e+00
-1.474761498225885870e+00
-1.497515612347084524e+00
-1.435028524203258993e+00
-1.492640991760450841e+00
-1.496583262523669244e+00
-1.497347058793562891e+00
-1.488247827691990377e+00
-1.493339738873797895e+00
-1.497146335495668890e+00
-1.495932098543304445e+00
-1.496519699757951738e+00
-1.497894347710567953e+00
-1.487686218293416740e+00
-1.497959022475439550e+00
-1.452321522934395315e+00
-1.494945508493143560e+00
-1.470206112666088583e+00
-1.497976827500421049e+00
-1.484283382603931667e+00
-1.491588416574555875e+00
-1.497937181098419668e+00
-1.497312169587272646e+00
-1.493622523797708990e+00
-1.491834268970448019e+00
-1.497495645722407343e+00
-1.481329639507490636e+00
-1.454363820208269598e+00
-1.497291634855824949e+00
-1.482249687491017820e+00
-1.485626629618960859e+00
-1.497177955759722234e+00
-1.497436969606238844e+00
-1.489113818453657867e+00
-1.490105587122994901e+00
-1.497986399633842947e+00
-1.468485036930102350e+00
-1.493267678720909597e+00
-1.490680060414630415e+00
-1.451208495600182058e+00
-1.490963066061991693e+00
-1.454321316508609296e+00
-1.473670202372628690e+00
-1.473383251642841341e+00
-1.478227903200346471e+00
-1.497142148269373418e+00
-1.463293629763680936e+00
-1.492362471362608911e+00
-1.464730487270313741e+00
-1.497926217569071294e+00
-1.497241008160668851e+00
-1.486599957169997932e+00
-1.478290799371931197e+00
-1.496934247268396856e+00
-1.485444172350722791e+00
-1.495811437321859838e+00
-1.442011726154047491e+00
-1.497960046930271627e+00
-1.497906073061782362e+00
-1.497571185296434404e+00
-1.457489752275902273e+00
-1.497928048549252988e+00
-1.477065268037873746e+00
-1.451191059378940107e+00
-1.455028354255515577e+00
-1.432618775470215322e+00
-1.497972889868575574e+00
-1.472714823735910894e+00
-1.495005525713819505e+00
-1.493994973665136339e+00
-1.486908605387467386e+00
-1.497510866327244283e+00
-1.479836131511289121e+00
-1.497181124119121076e+00
-1.497016255809027196e+00
-1.497963381065088750e+00
-1.485975048569995405e+00
-1.470254943771320821e+00
-1.480479827448758723e+00
