-8.044827986223767047e-01
-8.085789280489014130e-01
-8.087302779341005721e-01
-7.973421818369691438e-01
-8.088773415187724414e-01
-8.015827320242743248e-01
-8.082625440275437168e-01
-8.080574896505448024e-01
-8.087490497870072348e-01
-7.863977442917982064e-01
-8.088599522237448491e-01
-8.082241075484661863e-01
-8.003300518004123898e-01
-8.066526758371239669e-01
-8.086301198247254352e-01
-8.085567514337530515e-01
-8.088640777034271645e-01
-7.967284286619025213e-01
-8.004118469195823371e-01
-8.083997994520641939e-01
-8.066184737586411524e-01
-8.088655186252680096e-01
-8.064298458524463697e-01
-8.046668354072751272e-01
-7.980949115161910523e-01
-8.087633042255434335e-01
-8.023878170443808910e-01
-7.873198230887403781e-01
-8.088216483685843894e-01
-8.085655057367242549e-01
-7.989754611555460739e-01
-7.985071374114544041e-01
-8.045793971886430196e-01
-8.064864953748508425e-01
-8.079656052985068060e-01
-8.056938548357632790e-01
-8.053416169522250589e-01
-7.888709984393996733e-01
-8.081321491344582997e-01
-8.063020261353184281e-01
-8.001086935735708394e-01
-7.923458293129361785e-01
-7.985264316329332424e-01
-8.088487691597597840e-01
-7.918268972765463154e-01
-8.082818926989484565e-01
-8.077677254137572982e-01
-8.072529008030827624e-01
-8.072464175802801511e-01
-8.063345998230843081e-01
-8.088666693643608019e-01
-8.051988664301108489e-01
-8.059470682879638082e-01
-8.085055072560128897e-01
-8.062924275830305465e-01
-8.084705583401334827e-01
-8.088225290368817877e-01
-8.083131165228413240e-01
-8.088082213693866818e-01
-8.088494218832319449e-01
-8.084051024998027968e-01
-7.884642326917526978e-01
-8.059690098183047713e-01
-7.987578236407102406e-01
-8.084106206233679925e-01
-8.089052010633358547e-01
-8.089085462156375694e-01
-8.081620627153891512e-01
-8.088260604130191878e-01
-8.082875194354205428e-01
-7.956823560797641193e-01
-7.982864261710822529e-01
-7.906432332061243962e-01
-8.074762922272840093e-01
-8.044457360652204070e-01
-8.088529919693655534e-01
-7.999073831985581418e-01
-7.919364406523805577e-01
-8.027994573940967493e-01
-8.079893874193724290e-01
-8.087200978143064267e-01
-8.075854174334797797e-01
-7.993137335623290429e-01
-8.065436049768877069e-01
-8.088550590716938604e-01
-8.067920734389198989e-01
-8.022713866300803520e-01
-8.030919631017034988e-01
-7.958029105367465661e-01
-8.081880059735238042e-01
-7.884978910986429890e-01
-8.088559083680200157e-01
-8.075932555651469391e-01
-7.918040201609567452e-01
-7.791771799437301471e-01
-8.019130699684319241e-01
-8.019975833854241509e-01
-7.768197365389625242e-01
-7.977635394558745263e-01
-7.701254264913854897e-01
-8.020738976620109817e-01
-8.076440882172439828e-01
-8.064295094217024396e-01
-7.895627380866944156e-01
-8.088761111957457617e-01
-8.088724208887202449e-01
-7.888430712608572870e-01
-7.887770868529573320e-01
-8.057230904982211062e-01
-8.049062814495602236e-01
-8.088148262300729474e-01
-8.036703885662018765e-01
-8.048432082623381278e-01
-8.068084189587920729e-01
-7.892319232379197969e-01
-7.853818697933498960e-01
-8.085929441936227091e-01
-8.060980069124953351e-01
-8.000812105046855027e-01
-8.088015611077563616e-01
-8.076560204116589592e-01
-8.083173865323987073e-01
-7.975950953544294064e-01
-8.076208624239490375e-01
-8.013900469203621979e-01
-8.079963923397396330e-01
-8.058451608559829005e-01
-7.962852318766006077e-01
-8.078305966181426045e-01
-8.084406646521947737e-01
-8.015676972333748429e-01
-8.086635332348300897e-01
-8.052294037435409058e-01
-7.868950031476239504e-01
-8.055567225001103449e-01
-7.830843034073686759e-01
-8.026358704047535930e-01
-8.034754942600267347e-01
-8.080422065528417574e-01
-8.084981517349288938e-01
-7.953904627276831008e-01
-8.052500703668923343e-01
-8.068250392924137815e-01
-7.979706424262037467e-01
-8.077350398790662522e-01
-8.088493793262754306e-01
-8.025893213812039795e-01
-7.958128043857818357e-01
-8.065024459130311074e-01
-8.071570563542007637e-01
-8.068487468113260119e-01
-8.037321849584669886e-01
-8.035105279718375293e-01
-7.923788031843866930e-01
-8.045818655756554749e-01
-8.072215161913143255e-01
-8.088648664918015596e-01
-8.019860680487026494e-01
-7.980373144415582320e-01
-8.079820398702873829e-01
-8.074271040798634003e-01
-8.087488816911484468e-01
-8.087787819200826789e-01
-8.083095819486671996e-01
-7.910944820189939053e-01
-8.073746333581007795e-01
-8.087891294357376637e-01
-8.047603495310113875e-01
-8.079162753222089988e-01
-8.059669719949462685e-01
-8.079807697943023337e-01
-8.061959409316742375e-01
-8.072053068903614070e-01
-8.081967553644885394e-01
-7.844832400495540536e-01
-8.052218060066481664e-01
-8.011649900644831623e-01
-8.029392285176197852e-01
-8.085708808163852845e-01
-8.065532924361049627e-01
-8.010755326984678737e-01
-8.086827946813295309e-01
-7.985707732932448843e-01
-8.073960202048950929e-01
-7.978734488044367801e-01
-7.765386328451856501e-01
-8.084779811481676015e-01
-7.966854674294920891e-01
-8.086443959462232822e-01
-8.058192274368678465e-01
-8.042866512132499368e-01
-8.088779868442502741e-01
-8.081590384548426043e-01
-8.000995311349248240e-01
-8.084520907689788372e-01
-8.087239891561631699e-01
-8.064549653752416392e-01
-7.979668189722737281e-01
-8.080764740432677673e-01
-8.010182711175445336e-01
-7.917904426428945541e-01
-8.020238910422653467e-01
-8.088317327194591844e-01
-8.071875138396967797e-01
-7.900595091089120947e-01
-8.087306794917749064e-01
-8.019704885272186390e-01
-7.950837527034968488e-01
-8.029160133243063990e-01
-7.905398493043328534e-01
-7.888206036709335400e-01
-8.076057050471322496e-01
-8.085848395931543031e-01
-7.984632618507725432e-01
-8.052451522938539608e-01
-7.979641153954639687e-01
-8.055775626153481861e-01
-8.037964092767736490e-01
-8.061795903438458977e-01
-8.025880136532486109e-01
-8.080563102125118968e-01
-8.083120948736561839e-01
-8.066169635078656031e-01
-7.879933900576704398e-01
-8.044975636345136349e-01
-7.999535258804382210e-01
-8.088197463301175505e-01
-8.075228250938437657e-01
-8.014736433470796007e-01
-8.087151148983270366e-01
-8.078501875493814266e-01
-8.088730334372290498e-01
-8.086035353841138917e-01
-8.049813123881767174e-01
-8.052172687372854964e-01
-7.990518288660973800e-01
-8.022203747271241525e-01
-8.066820115204988983e-01
-8.058117922038385839e-01
-8.038281782352084681e-01
-7.989919911182659096e-01
-8.021052893107333270e-01
-8.087306951607644567e-01
-7.935754388823695882e-01
-7.986333881688624237e-01
-8.088520839100939996e-01
-7.952419888531545578e-01
-8.084086213049714864e-01
-7.880237480672349637e-01
-7.998897266287755548e-01
-8.077322085383340511e-01
-8.078973193874670056e-01
-7.982909713384053196e-01
-8.063596349409454245e-01
-7.985193199686410059e-01
-8.086427806235135796e-01
-8.080131699842132420e-01
-8.053384996687203978e-01
-7.924323980812537638e-01
-8.077917347334356846e-01
-8.022688709070898705e-01
-8.088113201108956263e-01
-8.056995266501953967e-01
-8.088047900001545942e-01
-8.046703679604400028e-01
-8.083151960781601586e-01
-8.085213583282377936e-01
-7.744807908172739452e-01
-8.082660101237567618e-01
-8.002891920893053790e-01
