-1.086922752074290566e+00
-1.086683235465873532e+00
-1.075416201594610266e+00
-1.063120124730606131e+00
-1.084152675568450741e+00
-1.083465722258527331e+00
-1.085689725223321966e+00
-1.082389423027027897e+00
-1.057378321755070738e+00
-1.068609475958485655e+00
-1.064184141214330248e+00
-1.070891802999515585e+00
-1.086386243681747965e+00
-1.086628150529552750e+00
-1.039651580023903898e+00
-1.086895366999645285e+00
-1.074230356476594261e+00
-1.086573207154263310e+00
-1.086898322551835827e+00
-1.086901762391765169e+00
-1.075813324525345616e+00
-1.076670263995741061e+00
-1.085841345935453228e+00
-1.058491481337089590e+00
-1.076715830582518629e+00
-1.085022470782835535e+00
-1.086665605063874773e+00
-1.066539416889984659e+00
-1.064594585317511610e+00
-1.069000484290857367e+00
-1.058205831664938978e+00
-1.086462995372105889e+00
-1.083649152293194584e+00
-1.078943938584391526e+00
-1.070468446108837179e+00
-1.077241421546180300e+00
-1.082112984135140232e+00
-1.081368641796846441e+00
-1.086060313376922659e+00
-1.086878741029043249e+00
-1.054967585820097975e+00
-1.086892491075534872e+00
-1.084132060277600340e+00
-1.083243426270176224e+00
-1.082212332272295408e+00
-1.084671989417959503e+00
-1.086917116175730280e+00
-1.086331055368621401e+00
-1.084483355152745299e+00
-1.080725845749814562e+00
-1.086889818645407013e+00
-1.058229187372465185e+00
-1.066873550284047178e+00
-1.085041917729516081e+00
-1.067138668950040392e+00
-1.086896877604861311e+00
-1.086161328348655752e+00
-1.085455895270545534e+00
-1.086920359040935091e+00
-1.076697676777232937e+00
-1.075042668133367352e+00
-1.083093402776260428e+00
-1.082796590271730475e+00
-1.067867194171388201e+00
-1.075479728970069937e+00
-1.083491486831892781e+00
-1.086237702387709669e+00
-1.086905917487431816e+00
-1.083851336370546870e+00
-1.086897443848986677e+00
-1.073810713700343422e+00
-1.059776224064965300e+00
-1.086571953128416590e+00
-1.070568667593736700e+00
-1.083500121589143328e+00
-1.078643111381073050e+00
-1.086198012679208569e+00
-1.078725325278331093e+00
-1.079294562208790831e+00
-1.086417389436949543e+00
-1.086054772007603697e+00
-1.086547466795284800e+00
-1.086553437969971947e+00
-1.082839526105065397e+00
-1.082832915577430777e+00
-1.078762468750913195e+00
-1.085806171744455151e+00
-1.081655924543131642e+00
-1.076307564377178005e+00
-1.086063083130259566e+00
-1.084294909014691166e+00
-1.079907980616529040e+00
-1.081516796592016272e+00
-1.072537717744101338e+00
-1.086648135780681423e+00
-1.068041809703548006e+00
-1.081687730606038622e+00
-1.080695946569879107e+00
-1.070541323031623415e+00
-1.086946172508735708e+00
-1.072610687333483748e+00
-1.083739412817497305e+00
-1.082655087448049835e+00
-1.083007650784541420e+00
-1.083462625610966734e+00
-1.086371317374844603e+00
-1.035828716921944670e+00
-1.068650479297478251e+00
-1.086900034322727970e+00
-1.065771489273150019e+00
-1.049060094970603041e+00
-1.065196533556420855e+00
-1.086203943807025007e+00
-1.083603515158731989e+00
-1.079321288372714571e+00
-1.081004117484529070e+00
-1.086930010336775831e+00
-1.083502560722966246e+00
-1.084532761349667362e+00
-1.084399437866498284e+00
-1.083318454548109822e+00
-1.084510559085149817e+00
-1.084239945615966372e+00
-1.083863655905563883e+00
-1.081272106952358536e+00
-1.071385895702381186e+00
-1.084766114930946879e+00
-1.085790208409864954e+00
-1.078862361478943876e+00
-1.067840831223268561e+00
-1.083917449563134960e+00
-1.086665241848070673e+00
-1.077675918684665612e+00
-1.072011318858106188e+00
-1.071737968697537235e+00
-1.083884264677156262e+00
-1.072797512504596762e+00
-1.062913356217880301e+00
-1.086753179653872303e+00
-1.067243226672847323e+00
-1.083281715269525103e+00
-1.079137470907856278e+00
-1.085969270075995974e+00
-1.086533328387279562e+00
-1.082855857777733855e+00
-1.076930418013919644e+00
-1.056860022115845732e+00
-1.064652921500940375e+00
-1.086895374915887169e+00
-1.086897191460568957e+00
-1.061493597793717436e+00
-1.086903544943172983e+00
-1.084430761504311613e+00
-1.074905993751574806e+00
-1.086414360310275606e+00
-1.083514100740988306e+00
-1.086196291129429392e+00
-1.075257387812573961e+00
-1.086471241302181534e+00
-1.085933425332744173e+00
-1.086881751994926981e+00
-1.086120392530549816e+00
-1.085010801310975603e+00
-1.048499291631717734e+00
-1.064426785203952841e+00
-1.063261562827367834e+00
-1.086586998644609503e+00
-1.062212612348933272e+00
-1.086928266900916151e+00
-1.076373941134054713e+00
-1.084865360389788203e+00
-1.086916914544392876e+00
-1.086504245045919470e+00
-1.086145046036083750e+00
-1.076720474156875662e+00
-1.086633125189085058e+00
-1.086494612842191509e+00
-1.084469886365671210e+00
-1.084654570426185183e+00
-1.075185192617912344e+00
-1.074271523262698702e+00
-1.057706240433592848e+00
-1.083828651215274386e+00
-1.085378162897516541e+00
-1.063875939566035322e+00
-1.084120905827124171e+00
-1.086485679596055798e+00
-1.086064818184216074e+00
-1.065075931939621023e+00
-1.079443811773647122e+00
-1.086926956530053667e+00
-1.081928710322220377e+00
-1.086525783743102602e+00
-1.084593038875002913e+00
-1.066435866858203463e+00
-1.056515820193429045e+00
-1.083075565620650105e+00
-1.083045111372460179e+00
-1.084991755298663429e+00
-1.086504330727596335e+00
-1.083080823402245096e+00
-1.082612392827261738e+00
-1.064584387335319571e+00
-1.086626789867271237e+00
-1.086519411168385796e+00
-1.086909798774261526e+00
-1.086421189233053974e+00
-1.081346258390088133e+00
-1.069528883192081503e+00
-1.086374225895245127e+00
-1.085697482209045939e+00
-1.086508541236956171e+00
-1.074982273261387400e+00
-1.086918951812524847e+00
-1.066995849701900534e+00
-1.083329337983716778e+00
-1.086908165700126938e+00
-1.082168775479633860e+00
-1.081499878651787094e+00
-1.066848351489145807e+00
-1.077454137019206337e+00
-1.081324091748659066e+00
-1.077834601848710827e+00
-1.083299606441844753e+00
-1.064367730039496474e+00
-1.086924058719862751e+00
-1.077481347936530165e+00
-1.080974055323143057e+00
-1.063740115481753401e+00
-1.069655986371774725e+00
-1.074070789254595093e+00
-1.065912191625077776e+00
-1.086493769063938908e+00
-1.086526588405807070e+00
-1.086153718511898569e+00
-1.081675543784488491e+00
-1.086500626392055802e+00
-1.082861734423179678e+00
-1.086904892101277165e+00
-1.056903634089369826e+00
-1.075761089436103157e+00
-1.082626730072636656e+00
-1.080764527767289929e+00
-1.081474968566883854e+00
-1.084912413134564213e+00
-1.086952851022918276e+00
-1.086208869572122149e+00
-1.064960298928756766e+00
-1.086228386367995791e+00
-1.064645020160217337e+00
-1.086011252700675778e+00
-1.075520429163564495e+00
-1.071041260714967303e+00
-1.080265664597366504e+00
-1.086101356762785963e+00
-1.082072804550964884e+00
-1.086441841311146073e+00
-1.063295470419664435e+00
-1.064266904126246027e+00
-1.064882861319322638e+00
-1.086126352529366068e+00
-1.075712299309064202e+00
-1.086656219660629086e+00
-1.074719029347736887e+00
-1.081341809927810482e+00
-1.082440161015231661e+00
-1.065114142242212347e+00
-1.065855895038087420e+00
-1.086901392656703047e+00
-1.083919391836364321e+00
-1.064512917640943579e+00
-1.069969761985678725e+00
-1.086015846914936356e+00
-1.085942019577462725e+00
-1.082074728197742752e+00
-1.086400718762863926e+00
-1.060343813020129256e+00
-1.086920088491727165e+00
-1.086886603254218153e+00
-1.079529175403852514e+00
-1.086701978798348955e+00
-1.086326239499588064e+00
-1.083935011047263197e+00
-1.086225673425335936e+00
-1.086512417401511721e+00
-1.070535240563888602e+00
-1.071470836046476416e+00
-1.083634530528773121e+00
-1.086920278947193674e+00
-1.082164002917100243e+00
-1.086513198315490536e+00
-1.083043708335001520e+00
-1.086118568069626145e+00
-1.086895812171835951e+00
-1.082999448626626782e+00
-1.079765367656339459e+00
-1.086918113156546406e+00
-1.085153791922469191e+00
-1.086201819460232310e+00
-1.086918371132899575e+00
-1.086920011657614760e+00
-1.067689470815796904e+00
-1.085122217758883290e+00
-1.086611831429739050e+00
-1.069919152054328970e+00
-1.083521791602809481e+00
-1.081214609424908213e+00
-1.086523926685888819e+00
-1.084548220373083405e+00
-1.086476064621795468e+00
-1.084437465629864983e+00
-1.081302184480567030e+00
-1.083082693497974924e+00
-1.076156999319185070e+00
-1.075868132393200449e+00
-1.086913938503105692e+00
-1.086582366711784653e+00
-1.065037197302420191e+00
-1.086573655120421700e+00
-1.083502665031094603e+00
-1.083073822184790425e+00
-1.086486002299327902e+00
-1.052255859467525534e+00
-1.086293585001815609e+00
-1.059552268925447516e+00
-1.064337946343560271e+00
-1.071627847719330839e+00
-1.086933796628702931e+00
-1.083640214390445999e+00
-1.076050388030101113e+00
-1.079074581954021506e+00
-1.086643852162499480e+00
-1.074489422011513762e+00
-1.080531098748881869e+00
-1.076164164915074162e+00
-1.071315665598352007e+00
-1.073351782149959854e+00
-1.086045462507147841e+00
-1.086880592498321585e+00
-1.084166387896378092e+00
-1.086907024364311747e+00
-1.086586827746917061e+00
-1.077229776754368595e+00
-1.079069421495635561e+00
-1.078654822296787552e+00
-1.066511353346843771e+00
-1.086610264013845972e+00
-1.045767821240563444e+00
-1.067814464549858622e+00
-1.086380251086641602e+00
-1.086928909047831349e+00
-1.080793005283315233e+00
-1.083117235786606125e+00
-1.086893202605981879e+00
-1.054648235309262327e+00
-1.065136395263810209e+00
-1.083130863364179186e+00
-1.066059772725541643e+00
-1.086650059893120579e+00
-1.079096444751460604e+00
-1.086588878519226364e+00
-1.082181165795166544e+00
-1.070230258497734122e+00
-1.077651244457204394e+00
-1.086059381588686756e+00
-1.083748814053226761e+00
-1.071541473138470701e+00
-1.085900841149826102e+00
-1.070465173441309981e+00
-1.086905172429372124e+00
-1.070381911340494208e+00
-1.066264461594958357e+00
-1.086061863563348107e+00
-1.083482992238689713e+00
-1.086178264449675135e+00
-1.075323460026968769e+00
-1.083831672425706438e+00
-1.086125016081471495e+00
-1.070475892964143805e+00
-1.073931881561268620e+00
-1.077260762089256696e+00
-1.086304919197548680e+00
-1.085082962978024534e+00
-1.086594319305707268e+00
-1.082607317584891371e+00
-1.067607700693745665e+00
-1.080331026445467524e+00
-1.082677579353888087e+00
-1.086535128633816294e+00
-1.086934291626651339e+00
-1.085093232672054819e+00
-1.073774677104641251e+00
-1.084289627018709234e+00
-1.086263157296319060e+00
-1.086125979534674935e+00
-1.074637010096896939e+00
-1.065874883774061255e+00
-1.086180209982533507e+00
-1.081304286475617937e+00
-1.086629981509734444e+00
-1.061634069177646689e+00
-1.083154578562219195e+00
-1.077350934836406759e+00
-1.086634865830977015e+00
-1.060126440468568854e+00
-1.064575822892923407e+00
-1.082643193527449421e+00
-1.086901634334911160e+00
-1.064921988974649958e+00
-1.081949077415604643e+00
-1.086905645541240029e+00
-1.084847283884276203e+00
-1.086526272687454275e+00
-1.078409232068200163e+00
-1.080288257784534744e+00
-1.085940372067828230e+00
-1.086552013046432785e+00
-1.086904902811486773e+00
-1.070989234241981558e+00
-1.083283622618157915e+00
-1.080079987514157347e+00
-1.078536758301172904e+00
-1.077961296177793793e+00
-1.057621143627305083e+00
-1.086895399595935396e+00
-1.074370285830785088e+00
-1.080773142035443835e+00
-1.069658972191948942e+00
-1.084388030096281819e+00
-1.086771143469352774e+00
-1.068701838943500571e+00
-1.085908961817015461e+00
-1.086568910031904034e+00
-1.069074202197928480e+00
-1.084607596378166727e+00
-1.084713898933817200e+00
-1.086922984439272932e+00
-1.084570707156647495e+00
-1.086917215827245764e+00
-1.086128564420480780e+00
-1.086564433629949145e+00
-1.086501140947778277e+00
-1.086733473799516014e+00
-1.083792383651573710e+00
-1.072014383840699248e+00
-1.085898323319245629e+00
-1.086378864812989287e+00
-1.077893847468633703e+00
-1.042679861056942991e+00
-1.069929810109872870e+00
