-1.086922713626488068e+00
-1.086683349490075168e+00
-1.075370269652611954e+00
-1.063131750373868645e+00
-1.084149913302971280e+00
-1.083467826541844925e+00
-1.085688489691707170e+00
-1.082367652717277196e+00
-1.057415507892130124e+00
-1.068666916979287507e+00
-1.064166636762026608e+00
-1.070866976932742576e+00
-1.086384395949667736e+00
-1.086629107600770139e+00
-1.039681774893844501e+00
-1.086894615279077270e+00
-1.074248871952081741e+00
-1.086572945770945209e+00
-1.086897608236660595e+00
-1.086901788794302881e+00
-1.075833377309889816e+00
-1.076649417206150927e+00
-1.085837399547887161e+00
-1.058481048122661639e+00
-1.076703019724037480e+00
-1.085019354451219442e+00
-1.086664424735344303e+00
-1.066515182768958736e+00
-1.064578622106480577e+00
-1.069020037467094841e+00
-1.058199337582363064e+00
-1.086465360068517461e+00
-1.083650333317978554e+00
-1.078925441303467458e+00
-1.070507653388936165e+00
-1.077238499378073255e+00
-1.082107343218728701e+00
-1.081357960106867466e+00
-1.086058580382875505e+00
-1.086877491321838418e+00
-1.055019380828514874e+00
-1.086891466474586565e+00
-1.084127262788173951e+00
-1.083238894860093060e+00
-1.082207178773395562e+00
-1.084668633045477781e+00
-1.086915589600183196e+00
-1.086328934299346294e+00
-1.084482274410496272e+00
-1.080724168500879934e+00
-1.086889836114900421e+00
-1.058204858064899945e+00
-1.066919560172537640e+00
-1.085034795945795327e+00
-1.067182720680762475e+00
-1.086896650411442122e+00
-1.086159689274518003e+00
-1.085462190553836637e+00
-1.086919093714352691e+00
-1.076684868933611483e+00
-1.075040143047283792e+00
-1.083099778834077487e+00
-1.082788195735829184e+00
-1.067869942468659961e+00
-1.075465603641864165e+00
-1.083495583812532415e+00
-1.086234889341013199e+00
-1.086905319805449022e+00
-1.083845468013954427e+00
-1.086896582805515266e+00
-1.073790326773065518e+00
-1.059720404818209616e+00
-1.086571760229923633e+00
-1.070568097264277485e+00
-1.083493859936913939e+00
-1.078633213931625701e+00
-1.086195303314876792e+00
-1.078727393289861780e+00
-1.079293254395441881e+00
-1.086414048034796576e+00
-1.086053588396939107e+00
-1.086550265985221309e+00
-1.086554554879738843e+00
-1.082844894642193356e+00
-1.082827292644350958e+00
-1.078764112262336816e+00
-1.085803909914855092e+00
-1.081656543372555124e+00
-1.076312170173556293e+00
-1.086065117598611796e+00
-1.084287493693211646e+00
-1.079914371343601687e+00
-1.081512970877075874e+00
-1.072518522347589709e+00
-1.086646236625936845e+00
-1.068026230861891079e+00
-1.081689755169845002e+00
-1.080705154633191167e+00
-1.070527634923818638e+00
-1.086945469887126370e+00
-1.072624899932001608e+00
-1.083739058542570133e+00
-1.082662046693327884e+00
-1.083003307728729991e+00
-1.083456135988267954e+00
-1.086369130553985984e+00
-1.035944856784202894e+00
-1.068659076007583364e+00
-1.086899829455868494e+00
-1.065767223699895849e+00
-1.049102980796866147e+00
-1.065195578064931370e+00
-1.086205543744608759e+00
-1.083598109061010062e+00
-1.079355067227748544e+00
-1.081006410784786098e+00
-1.086929890987679448e+00
-1.083508460717149013e+00
-1.084534040143806166e+00
-1.084399940828718378e+00
-1.083313230404309824e+00
-1.084503313428512472e+00
-1.084235458279080300e+00
-1.083867945153849099e+00
-1.081267133881913534e+00
-1.071380775488245396e+00
-1.084763583292053024e+00
-1.085785402024752822e+00
-1.078870305035868782e+00
-1.067875378194316882e+00
-1.083912996692593111e+00
-1.086664178517534829e+00
-1.077676070479955284e+00
-1.072015394031502256e+00
-1.071716133489359235e+00
-1.083882001232574721e+00
-1.072808556229216892e+00
-1.062921610942955342e+00
-1.086752642902325539e+00
-1.067289132160081921e+00
-1.083278663531092700e+00
-1.079153198308160144e+00
-1.085968635584282138e+00
-1.086534027449238327e+00
-1.082846712066712902e+00
-1.076930749776728646e+00
-1.056848950060110814e+00
-1.064583555277488269e+00
-1.086895317813487916e+00
-1.086896168831827270e+00
-1.061498198035518925e+00
-1.086902201105947707e+00
-1.084432621218401893e+00
-1.074926654970576267e+00
-1.086413937102907790e+00
-1.083511360185857475e+00
-1.086196568063842127e+00
-1.075270417819935265e+00
-1.086471306018756744e+00
-1.085932004898774172e+00
-1.086881037872996503e+00
-1.086116168630528067e+00
-1.085006182837814803e+00
-1.048483745437229775e+00
-1.064458377049200211e+00
-1.063280410544224841e+00
-1.086588838281136615e+00
-1.062240317942293011e+00
-1.086927480001645074e+00
-1.076363366443360281e+00
-1.084867331015590963e+00
-1.086915952987873579e+00
-1.086501276119650417e+00
-1.086143448082585561e+00
-1.076753285544562289e+00
-1.086632241036233903e+00
-1.086495026278656351e+00
-1.084472884878027399e+00
-1.084648219158933058e+00
-1.075181896087173072e+00
-1.074301777141501102e+00
-1.057702176831434748e+00
-1.083825107634361018e+00
-1.085378868587899781e+00
-1.063888056045193542e+00
-1.084122966958650958e+00
-1.086481997449154413e+00
-1.086060852836038926e+00
-1.065074067719753881e+00
-1.079460736171691471e+00
-1.086927247510828032e+00
-1.081933392566744923e+00
-1.086524022842311643e+00
-1.084591743232352856e+00
-1.066471526127084957e+00
-1.056522595268725162e+00
-1.083073005560604818e+00
-1.083043102972699012e+00
-1.084994773175993465e+00
-1.086504584515947114e+00
-1.083074432240480611e+00
-1.082608526796431603e+00
-1.064585644024806932e+00
-1.086625161265905692e+00
-1.086515651986062370e+00
-1.086909753468896511e+00
-1.086419812209194147e+00
-1.081345338580995463e+00
-1.069524515132139530e+00
-1.086375890946525313e+00
-1.085691551669252908e+00
-1.086507526619572950e+00
-1.075008150831044063e+00
-1.086918689382721626e+00
-1.067071222401442254e+00
-1.083328722725842574e+00
-1.086907795033476232e+00
-1.082169602397649477e+00
-1.081494691760802374e+00
-1.066821049272816069e+00
-1.077474154532423123e+00
-1.081324270366972096e+00
-1.077875918910088826e+00
-1.083302190273185417e+00
-1.064350352613134376e+00
-1.086923424046893460e+00
-1.077471452435615928e+00
-1.080956229734158169e+00
-1.063720590893982187e+00
-1.069646981179549039e+00
-1.074104522239208270e+00
-1.065887855860831346e+00
-1.086494789345870515e+00
-1.086524683628788956e+00
-1.086151966450741746e+00
-1.081668866098621562e+00
-1.086500434551294525e+00
-1.082863020139591903e+00
-1.086904286653268548e+00
-1.056881564165873977e+00
-1.075742684408907301e+00
-1.082624783313337558e+00
-1.080775736381393681e+00
-1.081489028718382706e+00
-1.084914731951427180e+00
-1.086953006077055583e+00
-1.086208745570040213e+00
-1.064947769286387791e+00
-1.086226708926605333e+00
-1.064657710010779690e+00
-1.086008392688280422e+00
-1.075522822259798783e+00
-1.071035517671076631e+00
-1.080260732163849990e+00
-1.086103837326455546e+00
-1.082076358204703270e+00
-1.086443001260495755e+00
-1.063284398117990248e+00
-1.064269292123393829e+00
-1.064898056023353634e+00
-1.086127824796194963e+00
-1.075716192810207694e+00
-1.086655904840204689e+00
-1.074730837804195316e+00
-1.081329911401399890e+00
-1.082434785152244228e+00
-1.065135048073642121e+00
-1.065900979606260846e+00
-1.086901367342641533e+00
-1.083907462555084189e+00
-1.064593249485662474e+00
-1.069933864989703221e+00
-1.086011452916812559e+00
-1.085937169779627842e+00
-1.082064683275095973e+00
-1.086397070783482688e+00
-1.060348701885601042e+00
-1.086919906416734305e+00
-1.086886975317250315e+00
-1.079521060601143390e+00
-1.086701810572217708e+00
-1.086324655671764949e+00
-1.083930295920688458e+00
-1.086225554848504471e+00
-1.086511220362609720e+00
-1.070534189250547330e+00
-1.071528328426488708e+00
-1.083630136007243339e+00
-1.086920094698584194e+00
-1.082166369160229014e+00
-1.086514656086868591e+00
-1.083040129101074278e+00
-1.086119467390906923e+00
-1.086894806441920158e+00
-1.082998764000368430e+00
-1.079756308658829989e+00
-1.086917124657975409e+00
-1.085147727955900088e+00
-1.086203253760437581e+00
-1.086917892035326849e+00
-1.086918613703785175e+00
-1.067715727967811778e+00
-1.085118854158185098e+00
-1.086612454314163978e+00
-1.069910095732805599e+00
-1.083522329132025730e+00
-1.081189835925127518e+00
-1.086521457945398117e+00
-1.084545259875774326e+00
-1.086472880467471702e+00
-1.084431866092048002e+00
-1.081293589853631110e+00
-1.083076668965651246e+00
-1.076155393911729874e+00
-1.075949787072197017e+00
-1.086912177015952219e+00
-1.086580431991911677e+00
-1.065049852967244082e+00
-1.086572399335371975e+00
-1.083502934988594069e+00
-1.083071818954565835e+00
-1.086484368341226858e+00
-1.052267507807141733e+00
-1.086290989859860057e+00
-1.059506667103268684e+00
-1.064393057191775238e+00
-1.071620864818030983e+00
-1.086932889459297114e+00
-1.083640533752886048e+00
-1.076053509911752526e+00
-1.079066147408249909e+00
-1.086643011254559088e+00
-1.074469006496907797e+00
-1.080520782011590519e+00
-1.076158247845429239e+00
-1.071303525146424462e+00
-1.073352643580315124e+00
-1.086042598620744037e+00
-1.086879903828887661e+00
-1.084161688986491123e+00
-1.086905494226326763e+00
-1.086586192555277108e+00
-1.077275636554179350e+00
-1.079079281196652973e+00
-1.078641089178292489e+00
-1.066509209841764338e+00
-1.086611406995989570e+00
-1.045821832630486448e+00
-1.067862267585845570e+00
-1.086382082257546733e+00
-1.086928451323867506e+00
-1.080790558796498102e+00
-1.083115961070052924e+00
-1.086891859847269881e+00
-1.054654905849813806e+00
-1.065172649974393426e+00
-1.083138957489565568e+00
-1.066041001788573972e+00
-1.086650096083833894e+00
-1.079094882241141029e+00
-1.086588598260334493e+00
-1.082167630187260698e+00
-1.070224545186735376e+00
-1.077672980744426301e+00
-1.086058415152036272e+00
-1.083748539126981658e+00
-1.071577991996534474e+00
-1.085904412481940584e+00
-1.070574405385190442e+00
-1.086904309125272805e+00
-1.070415101619385689e+00
-1.066290756765580827e+00
-1.086058831087673537e+00
-1.083478578025219630e+00
-1.086176713406835637e+00
-1.075310447455734675e+00
-1.083829673085644929e+00
-1.086121037226611463e+00
-1.070473049444744973e+00
-1.073921715232350582e+00
-1.077278155330198883e+00
-1.086304791191769148e+00
-1.085077030493802885e+00
-1.086594882324279254e+00
-1.082606357476189718e+00
-1.067524098850006542e+00
-1.080323574795317043e+00
-1.082681879749397558e+00
-1.086534301940032421e+00
-1.086934437460040925e+00
-1.085090311062140822e+00
-1.073739131308277361e+00
-1.084296471607979706e+00
-1.086262684210636209e+00
-1.086126694263073844e+00
-1.074638668429394928e+00
-1.065890950879326615e+00
-1.086179033640946923e+00
-1.081286666749209813e+00
-1.086628550505188695e+00
-1.061587065978984334e+00
-1.083153927497465308e+00
-1.077341274489385325e+00
-1.086635462987629808e+00
-1.060119393978139923e+00
-1.064598058410812564e+00
-1.082657401197081759e+00
-1.086901472413580816e+00
-1.064901704870471422e+00
-1.081946977988821335e+00
-1.086905783832057715e+00
-1.084840950767829604e+00
-1.086524133954223537e+00
-1.078436671032826366e+00
-1.080285421730988071e+00
-1.085934130956036414e+00
-1.086550444441068963e+00
-1.086905216933552465e+00
-1.070990371341403735e+00
-1.083277619124947577e+00
-1.080088417298559644e+00
-1.078543584107790387e+00
-1.077965322302155915e+00
-1.057623627530658528e+00
-1.086893558867895848e+00
-1.074375975417782625e+00
-1.080774733979204205e+00
-1.069716217860862351e+00
-1.084386287302710361e+00
-1.086771182066401220e+00
-1.068670226831627268e+00
-1.085904554708834846e+00
-1.086568779756281966e+00
-1.069112263179873956e+00
-1.084612153485924102e+00
-1.084716355599072646e+00
-1.086923203838053409e+00
-1.084569855023000295e+00
-1.086916938963124135e+00
-1.086129424204891780e+00
-1.086563889531238614e+00
-1.086498436084894825e+00
-1.086733793192500075e+00
-1.083795908148844855e+00
-1.072043638724792025e+00
-1.085897798142309023e+00
-1.086375223735041695e+00
-1.077903920687543593e+00
-1.042631950683598374e+00
-1.069935346628480666e+00
