-7.921898007667922403e-01
-7.444535807050132181e-01
-7.901187517023944284e-01
-7.786937631941699411e-01
-8.092281535542868998e-01
-7.513088822639846232e-01
-8.055548310554885294e-01
-7.907887675143145945e-01
-8.107555114007853891e-01
-8.107414111770057108e-01
-7.886126727140807535e-01
-7.932279534912967112e-01
-7.869442083216571238e-01
-8.095727838850879099e-01
-8.060116783059501078e-01
-7.905857466436290171e-01
-8.107213542140387919e-01
-7.953642063117885019e-01
-8.107379801846408274e-01
-7.915103636957072641e-01
-7.995805010474585917e-01
-8.096189327813052561e-01
-8.098684378243350412e-01
-7.888910673833751108e-01
-7.739884570516013529e-01
-8.104578122771644022e-01
-8.029905312038325693e-01
-8.103203192628287699e-01
-8.037370309508704569e-01
-7.977679387010001566e-01
-8.102747552371882822e-01
-8.102664105869197275e-01
-8.107338376618289377e-01
-8.103459865129851725e-01
-8.097942784703635599e-01
-8.014922939515971567e-01
-7.649907633937262919e-01
-7.758654110408687021e-01
-7.832809850848578836e-01
-7.820340298391246225e-01
-8.107653983212375071e-01
-8.050795734203719523e-01
-8.092265069759749796e-01
-8.026060477174186136e-01
-7.751149550355338480e-01
-7.928231336451434519e-01
-7.887541704154872324e-01
-8.107314423001670267e-01
-7.923396617449187662e-01
-8.107191004134082224e-01
-7.989739306546115305e-01
-8.098209142959975626e-01
-8.052815996385478403e-01
-8.065180011368655588e-01
-7.768360466040038492e-01
-8.058264233446978952e-01
-7.831973076141738321e-01
-8.094785116887950327e-01
-8.023467637873553659e-01
-8.066648818827533152e-01
-8.032749906457328226e-01
-8.026106186486148264e-01
-8.107656590915583994e-01
-8.102130309022330668e-01
-7.790258914507293131e-01
-8.103535451270007517e-01
-8.038530215896033670e-01
-8.047720209039115336e-01
-7.676176332212352182e-01
-7.697940036929511454e-01
-8.029172919965648081e-01
-8.037021212554835703e-01
-7.985060453689956095e-01
-7.887840695954226877e-01
-7.870801069117450144e-01
-8.096228853143119242e-01
-8.070081599331759836e-01
-7.875408098376655008e-01
-8.103930928088092234e-01
-7.940024711466693308e-01
-7.841446116841697123e-01
-8.096333235777282145e-01
-8.108079299605750467e-01
-7.881256841398143198e-01
-7.919724971331023600e-01
-7.643801510609053995e-01
-8.024054259336852457e-01
-8.096071310616397287e-01
-8.107462615049743082e-01
-8.100699872053527262e-01
-8.102802425897979166e-01
-8.101972915507220652e-01
-8.107557125664615061e-01
-8.101669974900149729e-01
-8.099129103399180796e-01
-8.011772163487338450e-01
-8.107443616069220926e-01
-8.102974199033641245e-01
-8.070883393562697794e-01
-8.102313593305014994e-01
-7.875001333928965952e-01
-8.101208858467006113e-01
-7.817475997186564829e-01
-8.071433730698489573e-01
-7.903532326496505167e-01
-7.954841234064959909e-01
-8.107155241347216990e-01
-8.107595905936622049e-01
-8.107254930115603830e-01
-7.727085069096946146e-01
-8.107784927166366007e-01
-8.107624925948047068e-01
-7.991741501069926645e-01
-7.382652327693366434e-01
-8.039948731935881998e-01
-7.846705667949580576e-01
-7.865896836198233988e-01
-8.031335935271644022e-01
-7.950470574475192453e-01
-8.013669863618277933e-01
-7.877207339085006144e-01
-8.107678421116732981e-01
-7.994856104529761698e-01
-7.751842864132785227e-01
-7.941957094050311472e-01
-7.684967831052207377e-01
-8.107598848915957834e-01
-7.953269347823523905e-01
-8.107426442480945017e-01
-8.107612110949420359e-01
-8.097045064247512247e-01
-8.101544693387412455e-01
-8.021006189561747934e-01
-8.100857042051219370e-01
-8.103460833705329325e-01
-8.066790752387904551e-01
-7.800420984900855448e-01
-7.852921203053855326e-01
-8.095744751668834116e-01
-8.107287787176036264e-01
-7.545688912547492411e-01
-8.107694626129531290e-01
-8.107578769601249125e-01
-8.052285440541171457e-01
-8.032500498271846201e-01
-8.107598550892733957e-01
-8.046864323593043711e-01
-8.099010266638659861e-01
-8.099777639187240030e-01
-8.107348956442737009e-01
-7.945568353212737467e-01
-8.107237793780230906e-01
-7.647242412246131327e-01
-8.054814912653827097e-01
-8.106998704648875620e-01
-8.107768275118731882e-01
-7.619037047303580668e-01
-8.097165204859637644e-01
-8.102827795124911692e-01
-7.678426668322944071e-01
-8.107331745601558115e-01
-8.053613432026767160e-01
-7.518812731183432962e-01
-7.941499255872630503e-01
-8.055447764969729807e-01
-8.107456244803332712e-01
-7.937067427016162302e-01
-7.982402719832324411e-01
-8.107561447001361277e-01
-8.099356010831260111e-01
-7.594198636985682871e-01
-8.103459604359530832e-01
-8.031378254569434549e-01
-8.079504013336562540e-01
-8.103810675717257883e-01
-8.097816758132838633e-01
-8.107613601065539743e-01
-8.095410295105838205e-01
-8.037911966718100931e-01
-8.073011540151500132e-01
-7.954691738165282633e-01
-8.107259400463961985e-01
-7.796040565050506022e-01
-8.107526205755137827e-01
-8.070852324641608622e-01
-7.776805363870524790e-01
-8.088153578616046335e-01
-8.104127250886821177e-01
-8.007378444350623514e-01
-7.573220074451827433e-01
-7.912930302596949961e-01
-8.107598029352092173e-01
-7.683168776608371164e-01
-7.826708942926787760e-01
-7.997932486511134531e-01
-7.728436678923034098e-01
-8.046911411262416269e-01
-8.032123536146544840e-01
-8.095401019132995035e-01
-8.067454561866187479e-01
-8.039719999111556437e-01
-8.089204632020854380e-01
-7.759709373391532328e-01
-7.872274570442103769e-01
-7.885425664759539988e-01
-8.107419662452601816e-01
-8.107376784361266520e-01
-8.060209468282126810e-01
-7.981894478476905253e-01
-8.107237570262812998e-01
-7.920862786746882822e-01
-7.771433122731112864e-01
-8.101926014102363016e-01
-8.071840569651984598e-01
-7.750860095299147989e-01
-7.757246695733928110e-01
-7.930971809006595041e-01
-7.972224146402739908e-01
-8.009775519646071817e-01
-8.107491784072780039e-01
-8.107645415044688608e-01
-8.104120545364283945e-01
-7.943659328199290659e-01
-7.393687010086440470e-01
-8.005590044237040903e-01
-7.921593614197635080e-01
-7.950101174689196970e-01
-8.076965414262675669e-01
-8.100606553531550791e-01
-7.653791919625663187e-01
-7.916353732622527506e-01
-8.054932855344676401e-01
-8.101894237376117136e-01
-7.932804689086341288e-01
-8.100062586642169382e-01
-7.857700042701625254e-01
-7.950158469653987314e-01
-8.046211056686305430e-01
-8.103358798004054453e-01
-7.662565499819182779e-01
-8.102144129849337961e-01
-8.003768936074637796e-01
-8.053670205450915720e-01
-7.552202657140159037e-01
-8.066206515110396769e-01
-8.100743048168086435e-01
-8.042212702608966257e-01
-8.034934081412219431e-01
-8.094123654342555430e-01
-8.102126099444293406e-01
-7.839372881031894114e-01
-8.047948383069896128e-01
-8.045214243508242991e-01
-7.791684359587096598e-01
-8.101015739417933847e-01
-7.827345483280085947e-01
-8.107470996952914621e-01
-8.097633697367572214e-01
-8.107720405138396647e-01
-8.107457585907840159e-01
-8.107117243386172678e-01
-8.096682034707927134e-01
-8.043547138846778299e-01
-8.107686132467650797e-01
-8.107774459100627329e-01
-8.065415896750354197e-01
-8.069135748124980356e-01
-8.051478468156718638e-01
-8.094847366488837626e-01
-8.107607715106868174e-01
-8.096897505498790171e-01
-7.492600396550559427e-01
-8.089864306426906015e-01
-7.807227164781951334e-01
-8.102530479706191446e-01
-7.974655308104419138e-01
-8.012647159672641184e-01
-8.067999311066531565e-01
-7.703807182885074045e-01
-7.968582339859866526e-01
-7.806704394794368174e-01
-8.101586938179397013e-01
-8.101634621895217325e-01
-8.107561186231040384e-01
-8.107758254087829020e-01
-8.042530842400454905e-01
-7.871351741529368784e-01
-8.096000083065890696e-01
-8.029905982590579416e-01
-8.107582159615420725e-01
-8.102827199078463938e-01
-7.791566305137538340e-01
-7.785509839929007914e-01
-8.096408970929049875e-01
-8.102335721529387857e-01
-8.107350372053050425e-01
-7.879977651215457346e-01
-7.840777352727317240e-01
-8.077053442872428324e-01
-7.832251429832839396e-01
-8.107441790676974680e-01
-8.098731540418528940e-01
-8.069422446466349985e-01
-7.924623839832209971e-01
-8.051899835742377665e-01
-8.107317813015841867e-01
-7.597853482044600870e-01
-8.102946967161559488e-01
-7.686477765715979960e-01
-8.006932005561255838e-01
-8.025873951888942148e-01
-8.064426087118052866e-01
-8.097278155661487009e-01
-8.052765481449031260e-01
-7.788772262907885935e-01
-7.807436488843821909e-01
-7.942029513693713572e-01
-7.994226455963515665e-01
-8.074918106473349955e-01
-7.506613299525641825e-01
-7.752989769256972696e-01
-8.036701992429160502e-01
-8.100342840231322672e-01
-8.107557758963965799e-01
-7.970788829303645517e-01
-8.103726037121676828e-01
-7.802654855228328135e-01
-7.710647747195624735e-01
-8.101780653274917032e-01
-8.006438702619933512e-01
-8.030767716742419626e-01
-8.097272418714427378e-01
-7.980382830179595377e-01
-8.032927304781340982e-01
-7.943843804574870493e-01
-8.094962552464866068e-01
-7.903922215379142191e-01
-8.054559096969031717e-01
-8.072880409932994272e-01
-8.032306298888587381e-01
-7.977134116269015696e-01
-8.029708840227984812e-01
-7.777895868099593546e-01
-8.097345397151374247e-01
-8.107465595281981852e-01
-8.059057273245715525e-01
-8.086349755800628092e-01
-8.063611142612361338e-01
-7.877623714781665232e-01
-8.007920958376788523e-01
-8.099694676972293284e-01
-7.895060047782325174e-01
-8.073614962674044992e-01
-8.094918296016120340e-01
-8.092207923806571390e-01
-7.616592288292312052e-01
-7.574771434343718912e-01
-7.773934394396209147e-01
-8.066181369400882151e-01
-8.103514887667560007e-01
