-7.922019196207351621e-01
-7.444270622768008883e-01
-7.901055235218599204e-01
-7.786635001031260161e-01
-8.092278521996648655e-01
-7.512842587003040196e-01
-8.055521560837829442e-01
-7.907797896292353412e-01
-8.107589509684901552e-01
-8.107447907418762201e-01
-7.886188590372921192e-01
-7.932074314135294513e-01
-7.869275459174416287e-01
-8.095750574642592845e-01
-8.060095902836564852e-01
-7.905548694022584977e-01
-8.107246246121185829e-01
-7.953405428338582439e-01
-8.107405357303006932e-01
-7.914966845652895433e-01
-7.995570258295310317e-01
-8.096204827226871625e-01
-8.098722651600794853e-01
-7.888494794517014741e-01
-7.739749138383882343e-01
-8.104627060569041808e-01
-8.029810232889850186e-01
-8.103246615519764662e-01
-8.037362938041446858e-01
-7.977589646705541826e-01
-8.102763551558616051e-01
-8.102663759358957885e-01
-8.107363092816959327e-01
-8.103476792374761928e-01
-8.097949120703090697e-01
-8.014807798233202218e-01
-7.649481358949310472e-01
-7.758213297154346044e-01
-7.832483008293855686e-01
-7.820239629327069286e-01
-8.107678897942874885e-01
-8.050816022694869956e-01
-8.092274219320227946e-01
-8.026195912668432353e-01
-7.751083288622530043e-01
-7.928135087385455027e-01
-7.887308810631530331e-01
-8.107344969851590921e-01
-7.923467997341494540e-01
-8.107218812153038634e-01
-7.989598127881405443e-01
-8.098210754652629406e-01
-8.052730134544324736e-01
-8.065098089890976318e-01
-7.768299853307106817e-01
-8.058257138056250657e-01
-7.831716428750933323e-01
-8.094803549924620700e-01
-8.023530290753546623e-01
-8.066606916156590090e-01
-8.032724488164391108e-01
-8.026046946688345507e-01
-8.107693964750719573e-01
-8.102142733768374905e-01
-7.789978346580651580e-01
-8.103543343031105461e-01
-8.038500572865970861e-01
-8.047675437042136615e-01
-7.676130144463169103e-01
-7.697773701804714319e-01
-8.029155160266895352e-01
-8.036948071625301671e-01
-7.985045059885679253e-01
-7.887728649303505923e-01
-7.870668051953512157e-01
-8.096229810096834401e-01
-8.070076674894181012e-01
-7.875153202283952103e-01
-8.103954795569834335e-01
-7.940005906602202179e-01
-7.841297862740016500e-01
-8.096334337952580951e-01
-8.108105650669579223e-01
-7.880948703650081377e-01
-7.919651581852905631e-01
-7.643415698320816798e-01
-8.023924401996616051e-01
-8.096093715336231122e-01
-8.107492073593320914e-01
-8.100717100035711438e-01
-8.102819923843128658e-01
-8.101983797156248057e-01
-8.107582020900753195e-01
-8.101683896587564826e-01
-8.099155628332098678e-01
-8.011683120598044328e-01
-8.107482998760544568e-01
-8.103008067661806590e-01
-8.070904506747934581e-01
-8.102348624812608646e-01
-7.875028560934388411e-01
-8.101235970958057253e-01
-7.816994168669004761e-01
-8.071500403188375250e-01
-7.903335448693546983e-01
-7.954859092808693743e-01
-8.107179325154992844e-01
-8.107620937269492956e-01
-8.107284243220599373e-01
-7.726751564814229312e-01
-8.107818746210387895e-01
-8.107654610872464529e-01
-7.991615644817722242e-01
-7.381723875154081460e-01
-8.039875246149701393e-01
-7.846606687387678303e-01
-7.865724119172200490e-01
-8.031251151420145673e-01
-7.950042162785100341e-01
-8.013633766568167838e-01
-7.877116237254172537e-01
-8.107712628295712376e-01
-7.994580975801365286e-01
-7.751468215402704809e-01
-7.941908938370555449e-01
-7.684674343196838953e-01
-8.107630129462233270e-01
-7.953210298895674324e-01
-8.107463121666663719e-01
-8.107642805871804192e-01
-8.097067618132531841e-01
-8.101564988893192876e-01
-8.020913932409167169e-01
-8.100894370932993915e-01
-8.103482062240322525e-01
-8.066777059829671748e-01
-7.800548242294257362e-01
-7.852497625486605237e-01
-8.095741337159894080e-01
-8.107306857252410959e-01
-7.545800378669307307e-01
-8.107722131028063384e-01
-8.107607784930254136e-01
-8.052236026281851533e-01
-8.032456016210586247e-01
-8.107631988940560142e-01
-8.046786545827548931e-01
-8.099011857458022767e-01
-8.099800950422828549e-01
-8.107386817687936009e-01
-7.945417142637257735e-01
-8.107262973007626217e-01
-7.646879346613507655e-01
-8.054771260831674606e-01
-8.107029577115535401e-01
-8.107797451887579498e-01
-7.618871358113655790e-01
-8.097159988788352747e-01
-8.102846986751378600e-01
-7.678168669712588379e-01
-8.107362564247485581e-01
-8.053633025167581394e-01
-7.518445260603966451e-01
-7.941407067684481680e-01
-8.055381557990449748e-01
-8.107485196088881629e-01
-7.936843791406793525e-01
-7.982291595281577612e-01
-8.107585315688179417e-01
-8.099376188954727773e-01
-7.594219164823130530e-01
-8.103505892401142718e-01
-8.031343827145538405e-01
-8.079494667934890018e-01
-8.103847962865942112e-01
-8.097850855052396435e-01
-8.107648132397703433e-01
-8.095385032796712510e-01
-8.037975743568390730e-01
-8.072983662514673364e-01
-7.954679804712904145e-01
-8.107291288784747030e-01
-7.795865990472523599e-01
-8.107556987641130197e-01
-8.070822317794115186e-01
-7.776885819737344718e-01
-8.088108497622672477e-01
-8.104147336814878644e-01
-8.007254718171991081e-01
-7.572720034834945491e-01
-7.912700473736832274e-01
-8.107635638657723076e-01
-7.683350739242109650e-01
-7.825762835602194656e-01
-7.997860775841830749e-01
-7.728428631244573799e-01
-8.046888087215747776e-01
-8.032097380599209080e-01
-8.095378876871713869e-01
-8.067456546302802511e-01
-8.039578558858458956e-01
-8.089216539360827296e-01
-7.759596667301076334e-01
-7.872213521439849204e-01
-7.885374375788312129e-01
-8.107449549747446360e-01
-8.107409168499970509e-01
-8.060144052747904020e-01
-7.981784621319679696e-01
-8.107275698707504530e-01
-7.920869175162940090e-01
-7.771050725463165554e-01
-8.101941228180429277e-01
-8.071822167689400862e-01
-7.750673267092414997e-01
-7.757072494882637503e-01
-7.931193505264209076e-01
-7.972194966797158111e-01
-8.009778669270755103e-01
-8.107525151256621543e-01
-8.107680207321733556e-01
-8.104132864626517607e-01
-7.943337003701285148e-01
-7.393286193599030165e-01
-8.005511084925013288e-01
-7.921465049803378955e-01
-7.949930951954589098e-01
-8.076911530403614314e-01
-8.100612038690129246e-01
-7.653484332837775517e-01
-7.916359136802580965e-01
-8.054941041585115258e-01
-8.101923784284471575e-01
-7.932627031530404826e-01
-8.100062485772422383e-01
-7.857766875296158249e-01
-7.950032510412852194e-01
-8.046225861688747205e-01
-8.103387711916262282e-01
-7.662378529160105423e-01
-8.102176843470861867e-01
-8.003482880077416040e-01
-8.053636340304932695e-01
-7.551879917496786554e-01
-8.066121071037629653e-01
-8.100753299946336083e-01
-8.042244217163050379e-01
-8.034973421454444376e-01
-8.094126626729503116e-01
-8.102139358331004182e-01
-7.839793012071212264e-01
-8.047841581868617755e-01
-8.045104041161571518e-01
-7.791341846563275553e-01
-8.101045746360988620e-01
-7.827311583595728539e-01
-8.107505514842413552e-01
-8.097667761019644583e-01
-8.107757764239532650e-01
-8.107493867871731208e-01
-8.107151649377124514e-01
-8.096703939925344873e-01
-8.043531323197244953e-01
-8.107713416875017565e-01
-8.107809035278097376e-01
-8.065403388685228325e-01
-8.069186579940449411e-01
-8.051435165196365595e-01
-8.094883270890381732e-01
-8.107632124870403079e-01
-8.096907872161153152e-01
-7.492218527890761592e-01
-8.089878504758341027e-01
-7.806490002692538788e-01
-8.102557318664589392e-01
-7.974349103353670642e-01
-8.012576197209237971e-01
-8.068005640001087997e-01
-7.703204999893744631e-01
-7.968655657185548247e-01
-7.806630185429583868e-01
-8.101607707168698713e-01
-8.101671767837179683e-01
-8.107586068757712816e-01
-8.107793179661018090e-01
-8.042536508717882393e-01
-7.871393532139806526e-01
-8.096011900092346947e-01
-8.029814264246597499e-01
-8.107613224455663126e-01
-8.102876519617593365e-01
-7.791495260039928983e-01
-7.785407002519606490e-01
-8.096427530357802604e-01
-8.102362695131110071e-01
-8.107391952423725900e-01
-7.879898015235468067e-01
-7.840659081804098873e-01
-8.077018118108020284e-01
-7.831943639628143883e-01
-8.107478389284239473e-01
-8.098764740816839502e-01
-8.069423564430000528e-01
-7.924430618956775918e-01
-8.051770662216474195e-01
-8.107346499730441192e-01
-7.597791439938107461e-01
-8.102969194783079532e-01
-7.686299761968872213e-01
-8.006899566347706054e-01
-8.025812599476933595e-01
-8.064427923290180544e-01
-8.097311051666756798e-01
-8.052784958200202015e-01
-7.789133860440246027e-01
-7.807295779444001216e-01
-7.942002266445561398e-01
-7.994361960937635958e-01
-8.074881934797060179e-01
-7.506211203499885132e-01
-7.752744670675605354e-01
-8.036720061948916527e-01
-8.100359410333305421e-01
-8.107589116635145476e-01
-7.970725252569953456e-01
-8.103738671943948590e-01
-7.802411079015267870e-01
-7.710351476062448084e-01
-8.101804416630574712e-01
-8.006378014807560284e-01
-8.030663353813186633e-01
-8.097293482960941091e-01
-7.980373307295302032e-01
-8.032829825889559183e-01
-7.943890524955765642e-01
-8.094976233655767350e-01
-7.903825473439224369e-01
-8.054545564413411185e-01
-8.072899426562490932e-01
-8.032313152705389259e-01
-7.976992079116543843e-01
-8.029624392189288473e-01
-7.777968739095698636e-01
-8.097345519668941449e-01
-8.107497544248718491e-01
-8.058964336937119999e-01
-8.086328980074826145e-01
-8.063573229638040241e-01
-7.877414524504184890e-01
-8.007862544082741119e-01
-8.099723933694708000e-01
-7.894608508607002806e-01
-8.073599987478884410e-01
-8.094939722124939729e-01
-8.092215051047751961e-01
-7.616298645114154553e-01
-7.574498873623463080e-01
-7.773835873411794051e-01
-8.066158953727249337e-01
-8.103546528158569462e-01
