-8.020435209811443977e-01
-7.520508516073937111e-01
-8.024245455355162315e-01
-8.001220227644557648e-01
-7.959689047612960033e-01
-7.979904470459336929e-01
-7.952804436401242905e-01
-8.024843913928384476e-01
-8.020481151954049759e-01
-7.976437556982750587e-01
-8.024089030415529900e-01
-7.846945981920475655e-01
-8.020801452413911514e-01
-7.671258236706967049e-01
-7.746145251632446938e-01
-7.718652106315607719e-01
-8.023313573987002068e-01
-7.812211449683422737e-01
-7.981259498239273720e-01
-8.024232100189442329e-01
-7.938922235236282043e-01
-7.980250698939675980e-01
-7.778769174084777527e-01
-7.817537376151199036e-01
-8.018657361582631760e-01
-7.958225972444529228e-01
-7.988663829357142143e-01
-7.739290698856825523e-01
-7.694782327354664497e-01
-7.999553802848572426e-01
-7.952115499839896851e-01
-7.882924369961733513e-01
-7.956862730399484329e-01
-7.797748997301573448e-01
-7.564948100090737038e-01
-8.024001718924159698e-01
-8.015906672418827705e-01
-8.023984899238462143e-01
-8.023766885936970406e-01
-8.013347956777329140e-01
-7.730758647859806709e-01
-7.557413476944679909e-01
-7.752812571317667656e-01
-7.969212859363073997e-01
-7.806177839130873375e-01
-8.017451866955275230e-01
-7.926510080189222984e-01
-7.777551171795243912e-01
-7.583381842315907173e-01
-8.016746911645645790e-01
-7.603756460786575966e-01
-8.001128445804829292e-01
-8.012719686568493538e-01
-8.013034995139355354e-01
-7.911447707057709389e-01
-8.024090464652294807e-01
-8.010962848976964645e-01
-7.957231445663387470e-01
-7.839330967009777718e-01
-8.023833494127506905e-01
-7.973090541974420242e-01
-7.731077979744190865e-01
-7.893928272143716507e-01
-7.938500597567076378e-01
-7.834286616609210663e-01
-7.968685539864713840e-01
-7.810403370723838501e-01
-8.020920410246367149e-01
-8.023442394525522880e-01
-7.750506672502274208e-01
-7.556787628174538307e-01
-7.660656656563992195e-01
-7.988125813619012527e-01
-7.780286084354633980e-01
-7.952878197149152451e-01
-7.840952529997343712e-01
-7.977629137650842361e-01
-8.014445706696028404e-01
-7.983516577125305824e-01
-7.898528111592645340e-01
-7.591183755040878944e-01
-8.023867897183413200e-01
-8.021114861086721115e-01
-8.019009317696804695e-01
-8.018493486062402420e-01
-7.976555071265215568e-01
-8.019325818360562019e-01
-8.010913963855023079e-01
-7.938132785686070614e-01
-7.598560127855057411e-01
-7.795266556978935890e-01
-8.020616985351557426e-01
-7.972434238956088715e-01
-8.019876900554413490e-01
-7.967839810491318397e-01
-7.783445959404821091e-01
-8.015991664916987114e-01
-8.016382764518971138e-01
-7.964680168271774940e-01
-7.927966049366409473e-01
-8.014743431896681480e-01
-7.517562966287846260e-01
-7.981657675892824821e-01
-8.011539682240004234e-01
-8.017534419388289146e-01
-7.978138505906576805e-01
-7.760382864118332558e-01
-8.023864171893114738e-01
-7.586076605559105568e-01
-7.906494141981715851e-01
-8.018880729988927536e-01
-7.442909899593109779e-01
-7.904952155851537876e-01
-7.827296630904788666e-01
-8.013563651085610084e-01
-8.018588285387272530e-01
-7.783338894561643295e-01
-7.864090801642055206e-01
-7.922568906989658766e-01
-7.720130357385391884e-01
-7.834458771587128334e-01
-8.023750755429978065e-01
-8.017775156960601501e-01
-7.779662899167055778e-01
-8.014758519322390251e-01
-7.745645410806650810e-01
-8.024369153619522743e-01
-8.012450776488299065e-01
-8.010673999280447655e-01
-8.011608227581495933e-01
-8.021395254374260597e-01
-8.018504149705881767e-01
-8.024122008547897034e-01
-7.885103301570529633e-01
-7.892240380362386398e-01
-8.012395660818333321e-01
-8.020620487124437981e-01
-8.018189912155980759e-01
-7.578992705286259346e-01
-8.016751028091425590e-01
-7.965232479811424904e-01
-8.016789426521176987e-01
-7.958821059630031280e-01
-7.539994392038101845e-01
-7.512302893639321022e-01
-7.958401871339196854e-01
-7.993674214423412971e-01
-7.874933305621857338e-01
-7.853256111458654098e-01
-7.918918646366114311e-01
-8.016680014745111160e-01
-8.023378962144965820e-01
-8.024343430490011864e-01
-8.012100403622502975e-01
-7.983674175531382255e-01
-8.016651432455296211e-01
-7.875602544710750275e-01
-7.981637764216179542e-01
-7.869512319058890037e-01
-7.946533604019100361e-01
-7.890615352854842834e-01
-8.020139421761746101e-01
-7.810012373567337685e-01
-7.987708767370099716e-01
-7.748516026378388100e-01
-8.016175405547733002e-01
-8.017932317645067863e-01
-7.976549110800738029e-01
-7.954685610213095837e-01
-8.020289569587225609e-01
-7.843132951722259216e-01
-7.966961917892808609e-01
-7.914752451662684374e-01
-8.018445932731742554e-01
-7.824783456937188797e-01
-7.839838519186491661e-01
-8.015146703884715729e-01
-8.015145856381172829e-01
-7.547716248274559669e-01
-7.754325448960776024e-01
-7.443961511791462593e-01
-8.024210120976681404e-01
-7.988008476287836723e-01
-7.520140010357613258e-01
-8.011390875519032173e-01
-7.858057237655634575e-01
-7.862148370087856941e-01
-7.968984350056166344e-01
-7.953005220235104256e-01
-7.847497054801101379e-01
-7.980324636638874702e-01
-7.673939514399285011e-01
-8.018858415500039749e-01
-7.741829428315872841e-01
-7.985784477979654961e-01
-7.885534988210315399e-01
-7.870922946796531372e-01
-7.645419734955544167e-01
-7.730376544833893471e-01
-7.930146550253743820e-01
-7.781035705894941978e-01
-8.014847069472784691e-01
-8.019591738895291977e-01
-8.014619044453615837e-01
-8.024031940341705971e-01
-7.904023350176180296e-01
-7.883157712832803421e-01
-8.018948623404617004e-01
-7.944052677095646553e-01
-8.020264656708354645e-01
-8.014530233532900505e-01
-7.891684927937353544e-01
-7.772322037682647400e-01
-7.577443394304032021e-01
-8.021541527897829704e-01
-8.018966048449988060e-01
-8.024644154549355202e-01
-8.024142981932277374e-01
-7.634321201086754494e-01
-7.812757912517304115e-01
-7.879006919876451187e-01
-8.024098017678374939e-01
-8.010769823060149841e-01
-7.623820762575382881e-01
-7.990932307631487541e-01
-7.769809459761495285e-01
-8.009719635785336189e-01
-8.009477557108516388e-01
-7.414978008211369209e-01
-7.967117811978573494e-01
-8.013585714117402725e-01
-7.549642260611767464e-01
-7.993215482176060371e-01
-8.011655464262480431e-01
-7.890277217567677193e-01
-8.021553597838396721e-01
-8.009658587590570145e-01
-7.578107166529411964e-01
-7.986642207444424324e-01
-8.024366070941800766e-01
-8.024185375735873871e-01
-7.757873331621999435e-01
-7.878937461838836365e-01
-7.987485920504445724e-01
-7.853224819020147018e-01
-7.985489295289630585e-01
-8.014639840886707001e-01
-7.981956928462500267e-01
-7.708000067115540199e-01
-7.665475841105694466e-01
-8.024388497189397507e-01
-8.012112222105974846e-01
-7.972723167815024548e-01
-8.012823137880081825e-01
-8.019417544320935898e-01
-7.994609485805744820e-01
-8.013848971069569282e-01
-7.965978972107882194e-01
-8.024092643947119408e-01
-8.023862020537967377e-01
-8.024284691975230865e-01
-7.943051626399869614e-01
-7.922259447124565535e-01
-8.020854211837763481e-01
-8.021141096443648033e-01
-8.020626056433434181e-01
-7.724749922246451073e-01
-7.705218504608387642e-01
-8.024292179808730774e-01
-7.712628516793961220e-01
-7.991439450026268654e-01
-7.972627134487743072e-01
-8.014550722629542046e-01
-8.023483447224611931e-01
-7.911446803674812012e-01
-8.018348646775598221e-01
-7.949014996603841476e-01
-7.999583651737088852e-01
-7.864266765729303055e-01
-7.788723540917749100e-01
-7.821582291700656109e-01
-8.020989868283981972e-01
-7.818422402680630379e-01
-8.023989276454562836e-01
-7.986390741036052399e-01
-7.541767853737587624e-01
-7.974946388468856506e-01
-8.020698401571030312e-01
-7.923506166745687418e-01
-8.024473927409166985e-01
-8.018386188388580971e-01
-8.023490553215856247e-01
-7.788617155940050774e-01
-7.328524823725933723e-01
-8.014815078542346649e-01
-8.019411444158072166e-01
-8.019998782739753418e-01
-8.015652989462728195e-01
-7.944841647014732056e-01
-7.900780552492255859e-01
-7.614591020584816627e-01
-7.544278401375527077e-01
-7.257177579642052345e-01
-7.952998570591921501e-01
-7.857438103721255951e-01
-7.904440759640897207e-01
-7.966626180761272602e-01
-8.016932822257990532e-01
-8.011464058846945457e-01
-7.851282736711914234e-01
-7.970183139160985641e-01
-8.018146167934651070e-01
-8.014920737088436775e-01
-7.576066303492302589e-01
-7.998488705099339180e-01
-7.981542266399378471e-01
-8.011878581211681061e-01
-7.665377977729553871e-01
-7.911015650217200212e-01
-7.697102363646740608e-01
-7.895219830290193253e-01
-8.017879809678311043e-01
-7.760755523533339195e-01
-8.023939487949723892e-01
-7.954316578299517326e-01
-7.965809219942207031e-01
-8.020185997203702621e-01
-7.983014799148554497e-01
-8.024243965239042931e-01
-8.023540472105855637e-01
-7.988109962508792572e-01
-8.019293818116898231e-01
-8.012887361884827309e-01
-7.983137407765502624e-01
-8.016041937709564857e-01
-7.995419308037275963e-01
-7.741993629799003296e-01
-7.448140989483112984e-01
-7.891114253044838600e-01
-7.988284650684113197e-01
-7.852915089071507149e-01
-7.548268969596142464e-01
-7.964370037854427986e-01
-8.023967762903089218e-01
-7.942154464737291031e-01
-7.944214079954440288e-01
-7.978578444064373665e-01
-7.580140169203991585e-01
-8.024040946231002502e-01
-7.940035677940363579e-01
-8.008283750579471283e-01
-8.011377837002987556e-01
-7.797046565876121216e-01
-8.013621830806846313e-01
-8.023455311969632797e-01
-7.885906753555650406e-01
-7.898947132245416336e-01
-7.622034597635979347e-01
-7.666499420494551353e-01
-8.019347778946871452e-01
