-8.020484883744517512e-01
-7.519357992849532435e-01
-8.024264618302633378e-01
-8.001260477935946414e-01
-7.959897165484020043e-01
-7.979988377745150796e-01
-7.952870213539166011e-01
-8.024867927577227222e-01
-8.020511196463345760e-01
-7.976485847923876493e-01
-8.024092443351223958e-01
-7.847362923308974780e-01
-8.020815374078624771e-01
-7.672047976338254305e-01
-7.746007991426965278e-01
-7.718400404044882812e-01
-8.023300592398534548e-01
-7.812161846857891279e-01
-7.981327616017322990e-01
-8.024241012861713651e-01
-7.939082527075149720e-01
-7.980379003570858831e-01
-7.778546022451150455e-01
-7.817225344042934010e-01
-8.018682360365233519e-01
-7.958589373526613331e-01
-7.988696641947001797e-01
-7.739283377898790173e-01
-7.694575043119004087e-01
-7.999622896653821869e-01
-7.952099898099127540e-01
-7.882966412366134712e-01
-7.956929769972227451e-01
-7.798066126951910260e-01
-7.564585487171476830e-01
-8.024009766967753476e-01
-8.015890032262412701e-01
-8.023996636838358620e-01
-8.023767026003097991e-01
-8.013388533185451523e-01
-7.731323319084909551e-01
-7.557135090967413982e-01
-7.752743823046125415e-01
-7.969306598901670924e-01
-7.805974388947484188e-01
-8.017453221154304810e-01
-7.926512003421718466e-01
-7.777275965763346122e-01
-7.583613316758326395e-01
-8.016781195485166434e-01
-7.604558177452424017e-01
-8.001164073703502799e-01
-8.012722369021628710e-01
-8.013053600825100764e-01
-7.911534023295633267e-01
-8.024111956755519692e-01
-8.010988865106710710e-01
-7.957334364136584570e-01
-7.839512640986679992e-01
-8.023843375891659413e-01
-7.973095897262100218e-01
-7.731151911712872415e-01
-7.894005221912300252e-01
-7.938418124959970568e-01
-7.833055850462923297e-01
-7.968779001806177709e-01
-7.810281357061288343e-01
-8.020941903196752154e-01
-8.023449883328310772e-01
-7.750633763174229474e-01
-7.557625001353178718e-01
-7.660744533334987727e-01
-7.988143861171814741e-01
-7.780660189039755315e-01
-7.953070810497731014e-01
-7.840041572981003570e-01
-7.977692637982738422e-01
-8.014500035841047865e-01
-7.983673810179261476e-01
-7.898636809564985040e-01
-7.591604491167256441e-01
-8.023871924938779099e-01
-8.021147147291491919e-01
-8.019016425716352092e-01
-8.018522850223508414e-01
-7.976590267799810174e-01
-8.019344782162027840e-01
-8.010973430749190882e-01
-7.938419592018792770e-01
-7.598936016537031213e-01
-7.794969149064191472e-01
-8.020612982811382574e-01
-7.972446678544501397e-01
-8.019870756868781037e-01
-7.967928049411057145e-01
-7.784249716991018531e-01
-8.015967270130155420e-01
-8.016373984122877605e-01
-7.964722595530678850e-01
-7.928190086341178056e-01
-8.014821334522425067e-01
-7.517732021798086972e-01
-7.981756771372011672e-01
-8.011549409415648082e-01
-8.017605385511903382e-01
-7.978181345219392817e-01
-7.759850311977051218e-01
-8.023884259118841955e-01
-7.586340082153995024e-01
-7.906381415292330628e-01
-8.018915837387311507e-01
-7.442162931964337869e-01
-7.905099854693691253e-01
-7.827536594284670857e-01
-8.013531193710636824e-01
-8.018585145833346806e-01
-7.783236701336202490e-01
-7.863822539102595099e-01
-7.922526951138789686e-01
-7.720061078908415642e-01
-7.834445268874725699e-01
-8.023745589930396660e-01
-8.017779046312137892e-01
-7.780134527502754471e-01
-8.014777380027756637e-01
-7.745556742170121023e-01
-8.024398008415326577e-01
-8.012414020579839979e-01
-8.010752075187337340e-01
-8.011675370704288701e-01
-8.021440929615084592e-01
-8.018560599513101517e-01
-8.024140237872821046e-01
-7.885386013668885807e-01
-7.892743454417763260e-01
-8.012403958447873453e-01
-8.020699189652060745e-01
-8.018241012400324497e-01
-7.578654929548798158e-01
-8.016759482722658481e-01
-7.965163574585790718e-01
-8.016801538148869977e-01
-7.958839400745321147e-01
-7.540716019001131309e-01
-7.512156256385281727e-01
-7.958321266612282674e-01
-7.993769145784747066e-01
-7.874871918590432562e-01
-7.853508590723078386e-01
-7.918972707549080114e-01
-8.016689191269156245e-01
-8.023386903599097897e-01
-8.024374487694339031e-01
-8.012107487966492192e-01
-7.983741924064461370e-01
-8.016706735925108740e-01
-7.875304094652557652e-01
-7.981728195755020128e-01
-7.869643644748025579e-01
-7.946732337858809503e-01
-7.891013867909664192e-01
-8.020168306519327439e-01
-7.810447698027533914e-01
-7.987771329951605104e-01
-7.748661576971467291e-01
-8.016165342890808621e-01
-8.017988958083267503e-01
-7.976641334808749484e-01
-7.954882917349409555e-01
-8.020267775489233752e-01
-7.843118124235137767e-01
-7.967081034422668351e-01
-7.914762309067582269e-01
-8.018495929265240241e-01
-7.824955012962379053e-01
-7.840170254417463402e-01
-8.015203855034649383e-01
-8.015140598445524844e-01
-7.547291218109574151e-01
-7.754759340084073083e-01
-7.443085148702069942e-01
-8.024237816684326452e-01
-7.988040624274973522e-01
-7.520549939820292407e-01
-8.011425289995541821e-01
-7.857961867899161401e-01
-7.862315124785725917e-01
-7.968923359849987564e-01
-7.953008910027636880e-01
-7.848010339637891963e-01
-7.980357156568319565e-01
-7.674429875441317606e-01
-8.018872908701795144e-01
-7.742265843088588229e-01
-7.985813737867090145e-01
-7.885664531794742693e-01
-7.870965795913893448e-01
-7.645895615535042156e-01
-7.730349857038338879e-01
-7.930094018468913930e-01
-7.781028141713559609e-01
-8.014926964067402571e-01
-8.019597543038660126e-01
-8.014657672224110296e-01
-8.024049947745419686e-01
-7.903957762742765958e-01
-7.883307436031653515e-01
-8.018938451259107758e-01
-7.944103208884695233e-01
-8.020281272548428486e-01
-8.014599834630699027e-01
-7.891611521798697071e-01
-7.772445024341111397e-01
-7.576348138915245389e-01
-8.021543484252610101e-01
-8.018974246250226701e-01
-8.024654317319026564e-01
-8.024140034722989645e-01
-7.634335605328234076e-01
-7.813121840345397251e-01
-7.879052488265899656e-01
-8.024096872417747495e-01
-8.010796485541558098e-01
-7.623836788917424112e-01
-7.991087710272682942e-01
-7.769773095211451874e-01
-8.009719878767969092e-01
-8.009482989678651244e-01
-7.415857742534142094e-01
-7.967151311396173385e-01
-8.013622538447169319e-01
-7.550014776797621119e-01
-7.993257255876634604e-01
-8.011641260661735986e-01
-7.890588825081787938e-01
-8.021574312537802509e-01
-8.009650196884042783e-01
-7.578264444233088204e-01
-7.986662407114023532e-01
-8.024386045405010881e-01
-8.024207485598738865e-01
-7.757497260940697803e-01
-7.879188484016572680e-01
-7.987545971132956613e-01
-7.853979997413668146e-01
-7.985462792889540529e-01
-8.014647300392537810e-01
-7.982015378933897676e-01
-7.707883572118596760e-01
-7.665156916853983482e-01
-8.024403454770893118e-01
-8.012137791242026630e-01
-7.972711035371763399e-01
-8.012838209528448941e-01
-8.019455931732576426e-01
-7.994695613829118086e-01
-8.013881438458830830e-01
-7.965747155906177657e-01
-8.024121617007821117e-01
-8.023882387490244295e-01
-8.024310173906014088e-01
-7.943093407667346506e-01
-7.922337305281440534e-01
-8.020883572293669994e-01
-8.021171005712421920e-01
-8.020680416177241590e-01
-7.724894561318530473e-01
-7.705274993707990072e-01
-8.024309866216245979e-01
-7.712858357075093041e-01
-7.991499795121035365e-01
-7.972671033704011867e-01
-8.014621620213121522e-01
-8.023486087709240655e-01
-7.911596766105079004e-01
-8.018351468361498702e-01
-7.949035717635175580e-01
-7.999691386618615896e-01
-7.864345859271573147e-01
-7.788668100055198273e-01
-7.821537117182917331e-01
-8.021021656292519619e-01
-7.818440817764767958e-01
-8.023995878929037762e-01
-7.986369382199813849e-01
-7.541762566898829734e-01
-7.975085796130643168e-01
-8.020758362074386083e-01
-7.923498339737065077e-01
-8.024495234997155446e-01
-8.018393509437601319e-01
-8.023477057046465299e-01
-7.788864381507223378e-01
-7.329447575924858960e-01
-8.014874597799571676e-01
-8.019446003450555471e-01
-8.020048802125429033e-01
-8.015707246159451405e-01
-7.944948049264760614e-01
-7.900670091788577487e-01
-7.614596847423505954e-01
-7.544590363103156339e-01
-7.257061642109339239e-01
-7.953094581528652451e-01
-7.857566294777550420e-01
-7.904410040238818436e-01
-7.966513058199815589e-01
-8.016905997764715019e-01
-8.011473688106506286e-01
-7.851210510642540052e-01
-7.970270134336134848e-01
-8.018134301056182300e-01
-8.014947226211045495e-01
-7.576402893131115590e-01
-7.998554689593503353e-01
-7.981603486145375514e-01
-8.011927005551643388e-01
-7.665475717907463959e-01
-7.910893191141302738e-01
-7.697212452586508213e-01
-7.895415793177110730e-01
-8.017878105102396180e-01
-7.760674762153596529e-01
-8.023951530504677132e-01
-7.954362066998561520e-01
-7.965952013601268478e-01
-8.020202815721588774e-01
-7.983094874745065850e-01
-8.024263990173270411e-01
-8.023550335967530867e-01
-7.988183457069968352e-01
-8.019347885609542370e-01
-8.012948824279312321e-01
-7.983281205495189603e-01
-8.016060284345329912e-01
-7.995478434389179379e-01
-7.742007065426889101e-01
-7.448774262783579569e-01
-7.891124611920652399e-01
-7.988400737835082976e-01
-7.852848079434612272e-01
-7.548510001618662368e-01
-7.964377627658255632e-01
-8.023973686406896677e-01
-7.942122619578664278e-01
-7.944436020526797204e-01
-7.978640764899683768e-01
-7.579763264656739219e-01
-8.024037678585365096e-01
-7.940048948537479223e-01
-8.008295177014524979e-01
-8.011447774437392422e-01
-7.796494160536983076e-01
-8.013677725182845046e-01
-8.023458397151526089e-01
-7.885854131312095561e-01
-7.898875962422451380e-01
-7.622047686777368991e-01
-7.666020571228955305e-01
-8.019379791093850240e-01
