-7.749241623574653071e-01
-7.777112667884620301e-01
-7.711822001668969806e-01
-7.748237147792949031e-01
-7.733095144028868662e-01
-7.786463225819637568e-01
-7.693571663376431724e-01
-7.774109448451701487e-01
-7.746036510463902847e-01
-7.509219549728561871e-01
-7.640185815860147667e-01
-7.786619888783526955e-01
-7.738372866941460870e-01
-7.497981194952993977e-01
-7.675226124530480920e-01
-7.780088510819745951e-01
-7.783162893065479482e-01
-7.771744171465210238e-01
-7.768735159576610760e-01
-7.760034761218480570e-01
-7.699747584066356509e-01
-7.785917164269087198e-01
-7.750078344661318619e-01
-7.786246992253552657e-01
-7.675539987868013059e-01
-7.785339352133983093e-01
-7.759422917020979416e-01
-7.786421137983466911e-01
-7.776409128810896076e-01
-7.785827739980940576e-01
-7.786592743625188051e-01
-7.786575405339385414e-01
-7.785866752369505761e-01
-7.554986703606495491e-01
-7.780352887726929012e-01
-7.784446516942564731e-01
-7.734369574093176158e-01
-7.706605183907392354e-01
-7.786387495180507878e-01
-7.538769435187762102e-01
-7.731526667541113174e-01
-7.692749679817877384e-01
-7.785764248212023730e-01
-7.222016398952890714e-01
-7.784669879302863471e-01
-7.678388905775324069e-01
-7.773701186770248794e-01
-7.785204909042282573e-01
-7.786598028960958207e-01
-7.548430142532875919e-01
-7.782878897164023924e-01
-7.652868912433095083e-01
-7.786067965717712314e-01
-7.717267989076108670e-01
-7.723605601955886302e-01
-7.726667046232099656e-01
-7.585982111821958362e-01
-7.782559431821121088e-01
-7.750086835374433436e-01
-7.710066873821392885e-01
-7.674984526064901891e-01
-7.786547034832044245e-01
-7.740658364402147606e-01
-7.769615121168513827e-01
-7.501751497238818844e-01
-7.785476119133980522e-01
-7.657922744295976303e-01
-7.784863007697317983e-01
-7.607095344650492974e-01
-7.785947178974975680e-01
-7.704683828393782408e-01
-7.786152113419989584e-01
-7.782854323783774397e-01
-7.739383618768158613e-01
-7.639147626775775191e-01
-7.785943936957527844e-01
-7.757418172864213313e-01
-7.773921526792840764e-01
-7.784253846107702657e-01
-7.530622463214229345e-01
-7.716721347576213086e-01
-7.593219288217561980e-01
-7.786407629614287007e-01
-7.780964188575111296e-01
-7.381024453236911809e-01
-7.786589973257671549e-01
-7.741010858718591070e-01
-7.757257644613479997e-01
-7.746995164812486845e-01
-7.681135161154964974e-01
-7.777327030922026596e-01
-7.651744316778054111e-01
-7.739848331114029811e-01
-7.786741832355412729e-01
-7.705245065672037263e-01
-7.703415694544202275e-01
-7.783138154015502019e-01
-7.786470686473421221e-01
-7.765583818542922678e-01
-7.773831172125617028e-01
-7.784185930682328003e-01
-7.705082639782601106e-01
-7.779667861938426299e-01
-7.785840875050309418e-01
-7.786221549024174848e-01
-7.772913722013948812e-01
-7.621724578627320223e-01
-7.554431162383528076e-01
-7.775492016488982916e-01
-7.694689389277058478e-01
-7.779288041314046387e-01
-7.644286151940397067e-01
-7.786499133720737875e-01
-7.736722235569815087e-01
-7.742037607552300083e-01
-7.631969946942169791e-01
-7.782123944331668097e-01
-7.754822453293314100e-01
-7.769269501236661934e-01
-7.775902847568206822e-01
-7.686899166046313736e-01
-7.767153693659314406e-01
-7.760539782242167339e-01
-7.742104734088289808e-01
-7.765547372472071386e-01
-7.702334787094227142e-01
-7.775692587607402340e-01
-7.780689083386483906e-01
-7.759684811470056731e-01
-7.778461959508872203e-01
-7.713441014795960893e-01
-7.612734353832395495e-01
-7.781235175366997270e-01
-7.727957321303672300e-01
-7.741388245584854833e-01
-7.643883546214359503e-01
-7.782295376343602022e-01
-7.615801905903754054e-01
-7.603238538384352596e-01
-7.786582764333344064e-01
-7.702952701856737860e-01
-7.786807172922640685e-01
-7.768879757580313683e-01
-7.731974473850697915e-01
-7.742088787150910312e-01
-7.742801033227920682e-01
-7.708651900490376407e-01
-7.671406557264435211e-01
-7.724288406626248493e-01
-7.778900330016050857e-01
-7.786128227199097251e-01
-7.729059109137044192e-01
-7.667014916948723391e-01
-7.778964298164551261e-01
-7.628254220492451942e-01
-7.768539024764572476e-01
-7.773796368793575162e-01
-7.670794546667052405e-01
-7.632607349639167760e-01
-7.786410932181581090e-01
-7.786621349022422311e-01
-7.779729820838533483e-01
-7.722042222644094345e-01
-7.648879597173582345e-01
-7.743628655581729081e-01
-7.782750615447463494e-01
-7.774296296531090222e-01
-7.637059108676406138e-01
-7.774094160693950650e-01
-7.781202258353585588e-01
-7.784390206827933589e-01
-7.768320563150286073e-01
-7.747855146210556043e-01
-7.785397685757020625e-01
-7.776236922149410979e-01
-7.727944163514292031e-01
-7.756765009730099969e-01
-7.734348171490563750e-01
-7.782331777394502215e-01
-7.680029578984943761e-01
-7.781009749308321899e-01
-7.770980917219254547e-01
-7.706090027331987669e-01
-7.786839508716826286e-01
-7.784121084834346727e-01
-7.757927870074166066e-01
-7.484876857929173566e-01
-7.650611043810155998e-01
-7.750172735095198773e-01
-7.769860373081032279e-01
-7.779790077690025285e-01
-7.710149547935107872e-01
-7.782203599367644165e-01
-7.631954963144124138e-01
-7.775962593120094857e-01
-7.786409310792858918e-01
-7.765250122441381686e-01
-7.612792607345498785e-01
-7.746575977979955896e-01
-7.763489539228137781e-01
-7.773039875012407451e-01
-7.730763733275317628e-01
-7.740572420361456762e-01
-7.739926341461470516e-01
-7.725268032768056736e-01
-7.680701954613576854e-01
-7.722146065270598658e-01
-7.775148589975211522e-01
-7.764707777997802429e-01
-7.783092060762487607e-01
-7.725767462666195406e-01
-7.702118086668402475e-01
-7.784823345339172418e-01
-7.781018548291293024e-01
-7.781143678830662047e-01
-7.786347480562841872e-01
-7.786003017039783147e-01
-7.739810083194936796e-01
-7.772358605530634845e-01
-7.720895073057171265e-01
-7.758526067992792541e-01
-7.694335174402092692e-01
-7.785095023340791176e-01
-7.708846366503762093e-01
-7.668173738066076384e-01
-7.784429060986716165e-01
-7.785731526028419891e-01
-7.775857433884822978e-01
-7.781232823438896107e-01
-7.769666403767314655e-01
-7.785325026725443687e-01
-7.614011315184688877e-01
-7.566545516974234609e-01
-7.786241797587794000e-01
-7.482037115284374540e-01
-7.556991004053270622e-01
-7.780986657027064712e-01
-7.700764313068096945e-01
-7.716396164527802304e-01
-7.714113010095249301e-01
-7.778723396138296220e-01
-7.718814699351530528e-01
-7.766013072877412382e-01
-7.773231372998236077e-01
-7.766133923159955765e-01
-7.701824492774765885e-01
-7.764565121742692533e-01
-7.776433412671363010e-01
-7.777153764001459857e-01
-7.782023957592103525e-01
-7.775610878693310912e-01
-7.783542338810086614e-01
-7.586858354166737817e-01
-7.619190731866386512e-01
-7.783071188739331125e-01
-7.655959801605572990e-01
-7.785111307477607934e-01
-7.755491563114695897e-01
-7.734673524698760794e-01
-7.785403829142087950e-01
-7.706620883994750315e-01
-7.779146079018182114e-01
-7.739792691228810639e-01
-7.651027495915110332e-01
-7.743293948141084515e-01
-7.785849536353515177e-01
-7.757214850628000313e-01
-7.523016938304766255e-01
-7.615696424008729926e-01
-7.545213176211745809e-01
