-7.613710619782455558e-01
-7.765414946054466361e-01
-7.758190902688898438e-01
-7.785328364272959822e-01
-7.785886049543865317e-01
-7.780224204336650962e-01
-7.670797745970435733e-01
-7.559240980347045058e-01
-7.786209786584027404e-01
-7.636516791110284919e-01
-7.616547419031508559e-01
-7.778179094468601340e-01
-7.781251965363867873e-01
-7.785733498906143302e-01
-7.781503552844174498e-01
-7.569383856182344550e-01
-7.726610443362392777e-01
-7.785978799959071273e-01
-7.786735611309655303e-01
-7.753945599117674226e-01
-7.785833364625819319e-01
-7.662959264864571685e-01
-7.572031541069396132e-01
-7.783655476098306769e-01
-7.627926653524287337e-01
-7.781690841813929671e-01
-7.781933572416551703e-01
-7.786477811907775992e-01
-7.781288352136858100e-01
-7.770527627592332953e-01
-7.752101175294615620e-01
-7.486614471574671859e-01
-7.784363309194691771e-01
-7.766380932455309027e-01
-7.709721821167864197e-01
-7.785911167313702697e-01
-7.650224788387663954e-01
-7.775891086359866256e-01
-7.636021932860262984e-01
-7.785642182727702254e-01
-7.603995006804712409e-01
-7.696741573320128316e-01
-7.710219871526010627e-01
-7.719830333528466815e-01
-7.776393246178873175e-01
-7.768496906658061141e-01
-7.724966675316341513e-01
-7.516353277762778395e-01
-7.668572047998555297e-01
-7.741435482905604237e-01
-7.716971205820687407e-01
-7.687650637974389189e-01
-7.747487992321498984e-01
-7.758398976450212592e-01
-7.402706181903727645e-01
-7.784663437207587355e-01
-7.761752818053014868e-01
-7.620099539210446471e-01
-7.696668704313583964e-01
-7.773997912456639403e-01
-7.654561203246362799e-01
-7.701426344731249207e-01
-7.784848500316389197e-01
-7.765490588073976630e-01
-7.783449355786092871e-01
-7.702092275296695822e-01
-7.750103357986904973e-01
-7.720581577898361081e-01
-7.544769158860095137e-01
-7.727448899106480473e-01
-7.775162978371031874e-01
-7.780713483964450949e-01
-7.756151408695973748e-01
-7.785365700994976157e-01
-7.646373806794531935e-01
-7.786433499579675788e-01
-7.727958455955036277e-01
-7.764135802437909240e-01
-7.786180487175830001e-01
-7.781650264089353675e-01
-7.786072481696851844e-01
-7.565388324012406462e-01
-7.757828222395278805e-01
-7.550872376461871260e-01
-7.786185935412891501e-01
-7.741143795003541106e-01
-7.770078394835241431e-01
-7.736820327856935853e-01
-7.783108556916363829e-01
-7.768539235269077414e-01
-7.785054564749248618e-01
-7.735210229450263375e-01
-7.740202414145119780e-01
-7.784446047892220610e-01
-7.678637572837420100e-01
-7.772745311533458823e-01
-7.775573142146118277e-01
-7.770184016128428572e-01
-7.782521870260484809e-01
-7.758795766433127516e-01
-7.782889304955847853e-01
-7.781351682071931952e-01
-7.783164538716323966e-01
-7.755995696218110913e-01
-7.781121664022453421e-01
-7.748190952272512311e-01
-7.582234571029790038e-01
-7.728111602639206046e-01
-7.715710507047720546e-01
-7.758303310995348090e-01
-7.597384143893964881e-01
-7.764642181148179167e-01
-7.693325945449419612e-01
-7.737419496563621157e-01
-7.762630207737334365e-01
-7.786423580994256133e-01
-7.779152261366494292e-01
-7.498430030693657988e-01
-7.619856836547501677e-01
-7.770714162190802687e-01
-7.745965307851679915e-01
-7.752947612473167771e-01
-7.786285018821604842e-01
-7.698500846320189828e-01
-7.670720595208354586e-01
-7.766352443297751540e-01
-7.383125087519534224e-01
-7.766113056143172377e-01
-7.709499004570193881e-01
-7.786663163726575965e-01
-7.779504822840340728e-01
-7.786385154624827498e-01
-7.782152675365455741e-01
-7.787139162694461936e-01
-7.756989040219582909e-01
-7.704589211655207270e-01
-7.775554776464946860e-01
-7.740675160468913907e-01
-7.786337666486747855e-01
-7.587742701446064109e-01
-7.772228148107774848e-01
-7.743708999635078305e-01
-7.552112618734486693e-01
-7.716150030766971701e-01
-7.769444192101605529e-01
-7.545735163887389296e-01
-7.757802527205445164e-01
-7.672707753529198760e-01
-7.697059566428311461e-01
-7.724664756835796231e-01
-7.744761056539960498e-01
-7.763583947246320838e-01
-7.644441088934786910e-01
-7.714087318902261847e-01
-7.772127062355526084e-01
-7.548346219857581252e-01
-7.742084265494145745e-01
-7.530567011137850875e-01
-7.758356862043388480e-01
-7.637240857159145468e-01
-7.717645145760275716e-01
-7.718853376147695178e-01
-7.718140919034727210e-01
-7.786634497617729300e-01
-7.743838071630694264e-01
-7.733312669017710084e-01
-7.611293241654880637e-01
-7.677971467648990744e-01
-7.782482428749449843e-01
-7.718136746709592932e-01
-7.778435068478234404e-01
-7.765282856573708647e-01
-7.717975180869348639e-01
-7.526093161006816024e-01
-7.612821122904666060e-01
-7.595182786037572020e-01
-7.740870158461280459e-01
-7.616607945685632819e-01
-7.740773703710533971e-01
-7.742889819939978713e-01
-7.684525925008006686e-01
-7.777603062142975920e-01
-7.775799248640783423e-01
-7.704165043116905087e-01
-7.782389277865536803e-01
-7.782625209813364142e-01
-7.677903821033783549e-01
-7.782309798797019118e-01
-7.772843137656696433e-01
-7.737861888756402129e-01
-7.783646302570946807e-01
-7.758085728430547112e-01
-7.722059661330081815e-01
-7.780062210088022345e-01
-7.748233699978687161e-01
-7.786414770682700270e-01
-7.611584093694933051e-01
-7.784132192184575194e-01
-7.763042317976601714e-01
-7.786302751203425521e-01
-7.638717729871519202e-01
-7.564294792984970206e-01
-7.779309282352574462e-01
-7.770818423753030890e-01
-7.784949930657990569e-01
-7.783273484831102484e-01
-7.779674407367952460e-01
-7.786097562213786238e-01
-7.675407778744943732e-01
-7.572951901977308387e-01
-7.702525284414537543e-01
-7.603517694671996230e-01
-7.712973811005600089e-01
-7.770877683808453673e-01
-7.779235745122082823e-01
-7.711499590234257573e-01
-7.661545289022274607e-01
-7.773594333132155532e-01
-7.744525671744145745e-01
-7.760271819581635588e-01
-7.784901678835399741e-01
-7.759422686224229926e-01
-7.786278946598418349e-01
-7.720438449916787738e-01
-7.786597682436354750e-01
-7.767715517704733008e-01
-7.767957102780588263e-01
-7.786510780726917380e-01
-7.751218172063477629e-01
-7.773807997157223815e-01
-7.771694993873484725e-01
-7.786859700729497069e-01
-7.756572273367442483e-01
-7.427748700877078170e-01
-7.733366126933493012e-01
-7.690598283236272925e-01
-7.681865667266197795e-01
-7.579770989989288443e-01
-7.784691190620310897e-01
-7.651244474848158950e-01
-7.723765522980489129e-01
-7.755982699611582154e-01
-7.786399869521506423e-01
-7.738396786892213219e-01
-7.769647537072547072e-01
-7.706995914497770661e-01
-7.704298382898219222e-01
-7.745725797296859616e-01
-7.780589469050415152e-01
-7.784397004445441359e-01
-7.785742644493826026e-01
-7.707571185467191333e-01
-7.666274889645524615e-01
-7.775102312018521422e-01
-7.722917299990900153e-01
-7.603091791545398825e-01
-7.737559721147068137e-01
-7.737411894643105859e-01
-7.638013677944787139e-01
-7.763124553759940261e-01
-7.674809520406075114e-01
-7.780182965373046988e-01
-7.739439211593367451e-01
-7.678009246749230021e-01
-7.756369231076337689e-01
-7.463716881622918242e-01
-7.784456376259573096e-01
-7.783491358434208029e-01
-7.782819399883397216e-01
-7.603174930711634749e-01
