-5.431031873533652687e-01
-6.234258478591369057e-01
-5.888838237235473061e-01
-5.790230697104857827e-01
-5.681899106213973427e-01
-5.307036703536437416e-01
-6.185498302886413002e-01
-6.209225645372794533e-01
-5.651273047635482216e-01
-6.239606207320617104e-01
-5.791391721079276467e-01
-5.633554523894713784e-01
-5.765983155081199074e-01
-6.171074351379798317e-01
-6.011044820854590798e-01
-5.550318425605224038e-01
-6.112599065611289406e-01
-6.240431284615920449e-01
-6.071720859119819069e-01
-5.623077666470931435e-01
-6.180103262970374489e-01
-5.808993270704673195e-01
-5.103402873585151100e-01
-6.138999303886817360e-01
-5.341183384964393044e-01
-5.922649493524955178e-01
-5.530141359279082680e-01
-6.122532179663108254e-01
-6.223364314148353005e-01
-6.103792851874755288e-01
-5.842420375058577919e-01
-6.236520474860595131e-01
-6.239565303633139992e-01
-6.064841812560485268e-01
-6.231332263061927224e-01
-5.919476514766143227e-01
-6.232289141127990151e-01
-6.090790769169257546e-01
-6.230008220384047890e-01
-6.239611720750258828e-01
-6.237794300625251198e-01
-6.185936695048736000e-01
-5.753135224888251686e-01
-6.240689745256827736e-01
-5.932197710583136940e-01
-5.790353408167289162e-01
-6.232093265364097023e-01
-5.399174830028937722e-01
-5.962867206046508217e-01
-5.994607573459075356e-01
-5.321407904932425881e-01
-6.200056215832160378e-01
-5.430160453627036476e-01
-6.237772842953132058e-01
-5.821287175724433327e-01
-6.215615859339164162e-01
-5.438745310614035988e-01
-5.659318035552428627e-01
-6.238226732323096657e-01
-6.071720859119819069e-01
-6.084856381723807717e-01
-5.860923817465232277e-01
-6.174980690786765480e-01
-5.971877118656562233e-01
-5.972632682034896279e-01
-5.936279958197997475e-01
-5.919188698837684059e-01
-6.180521464059279824e-01
-5.533704599449561501e-01
-5.953383511016295815e-01
-5.845228722402976418e-01
-6.180521464059279824e-01
-5.512481471607612038e-01
-6.216321056792663002e-01
-5.651355972597525978e-01
-5.368474936196730996e-01
-5.615016063759253884e-01
-5.889473697254584694e-01
-6.180521464059279824e-01
-6.241143858144210244e-01
-5.436528390357421303e-01
-6.061460143039153481e-01
-5.725098466584609413e-01
-6.190252965400145913e-01
-6.240010326812194252e-01
-5.722657060334609413e-01
-5.637725358912871743e-01
-6.239541089246199990e-01
-5.836436962792800331e-01
-5.800094669768737221e-01
-5.948696574280188942e-01
-6.045711850831435585e-01
-6.238974770615027809e-01
-5.389226889321730996e-01
-5.853249421427176857e-01
-6.072925916025565529e-01
-6.163687026212142372e-01
-5.906628435561583901e-01
-5.844332715580390358e-01
-6.235203286716864968e-01
-5.936279958197997475e-01
-6.238094261000083351e-01
-5.765662035057471657e-01
-5.914706876585410500e-01
-5.690090647051261330e-01
-5.800405284473822975e-01
-6.178679978558944130e-01
-5.565936332652495766e-01
-6.234020432541297341e-01
-5.916972821662352944e-01
-5.764070069501326943e-01
-5.651619723150657082e-01
-6.143735488960669899e-01
-5.431031873533652687e-01
-5.833223005840705300e-01
-5.961662149140761757e-01
4.713265979578568077e-01
-5.866538500497268105e-01
-5.167431896636413002e-01
-6.242130240509436989e-01
-5.792859485456870461e-01
-5.426656967112944985e-01
-6.188725372860358620e-01
-5.436755335042403603e-01
-5.974206617185996437e-01
-5.792390620419906044e-01
-6.040496444413588906e-01
-5.985673582265303994e-01
-6.189211374232695961e-01
-5.710459640333579445e-01
-6.143193384716437722e-01
-6.189100584099219704e-01
-5.786069175312446022e-01
-6.237517884085105324e-01
4.713265979578568077e-01
-6.230350500056670571e-01
-6.237098490903304482e-01
-5.590388840148375893e-01
-6.234710579821990395e-01
-5.613441607067511940e-01
-5.302904313514159584e-01
-5.588487824509070778e-01
-5.870571723291800881e-01
-6.241282289931701088e-01
-6.180521464059279824e-01
-6.238747229883597756e-01
-5.431031873533652687e-01
-6.180521464059279824e-01
-6.161008393475936318e-01
-5.524011841127799416e-01
-6.235255664298461342e-01
-5.844674399206565285e-01
-6.011045416901038552e-01
-5.817007413217948342e-01
-6.155612533996032143e-01
-5.363116851160453225e-01
-5.747174164364264870e-01
-5.827120831320212746e-01
-5.948696574280188942e-01
-5.844626864502356911e-01
-6.174494391391204262e-01
-6.172571769068168068e-01
-5.406930921683238411e-01
-6.159610441038535500e-01
-5.613598441789077187e-01
-6.037793224761413002e-01
-5.691782524893210793e-01
-6.214782064864562416e-01
-6.235084598967955971e-01
-6.237753098914550209e-01
-5.340730166146682167e-01
-5.621158396909163857e-01
-5.830423003146575356e-01
-6.232325499961303139e-01
-6.236206283876822853e-01
-6.096082022497580910e-01
-6.206652661869452858e-01
-5.866190558383391762e-01
-6.141653722236083413e-01
-5.830082660624907875e-01
-6.237727766940520668e-01
-5.766791543075965309e-01
-6.238356223413871193e-01
-5.644148429939673806e-01
-5.576887121508048439e-01
-6.238356223413871193e-01
-5.740316724488662148e-01
-4.158344781110213662e-01
-6.198030402967856789e-01
-6.138999303886817360e-01
-6.237503504464553261e-01
-6.061460143039153481e-01
-5.974206617185996437e-01
-5.747847622344420815e-01
-6.239768182942794228e-01
-5.903770541856215859e-01
-6.190252965400145913e-01
-5.844674399206565285e-01
-5.088840788314269448e-01
-5.167431896636413002e-01
-6.060350788841174507e-01
-5.878600543448851967e-01
-6.236262759277747536e-01
-5.493543287823127175e-01
-5.704552820036338234e-01
-6.185936695048736000e-01
-6.232289141127990151e-01
-6.152507579038070107e-01
-5.317492252299712563e-01
-6.229428714225219155e-01
-6.000927081415580178e-01
-6.061460143039153481e-01
-6.103052711198256874e-01
-5.952343260953353310e-01
-6.200056215832160378e-01
-5.962867206046508217e-01
-5.919212019154952431e-01
-6.152507579038070107e-01
-5.780495544979499245e-01
-5.508956415662692452e-01
-6.239007031629012490e-01
-5.907053118655608559e-01
-5.843225782821105385e-01
-5.464666774580405617e-01
-5.541369905779288674e-01
-5.727524897167609597e-01
-5.321407904932425881e-01
-5.860923817465232277e-01
-5.878600543448851967e-01
-5.740114590237067604e-01
-6.239051064560340309e-01
-6.152507579038070107e-01
-5.972632682034896279e-01
-5.761347254822181130e-01
-5.625894060442374611e-01
-5.925304582426474953e-01
-5.656525036404059792e-01
-6.184841981241629982e-01
-6.049377983519957924e-01
-6.219171350905822182e-01
-5.294968253085540200e-01
-6.217881431887076760e-01
-6.217881431887076760e-01
-5.871359398672507668e-01
-5.873365169475005532e-01
-6.185028245756553078e-01
-5.760808205315993691e-01
-5.697075119326041603e-01
-6.183951711366103554e-01
-5.450865393588469887e-01
-6.219949936578200722e-01
-5.914561292240546608e-01
-5.620223274538443947e-01
-5.990125900218413735e-01
-6.223271479914115334e-01
-6.111794849941657448e-01
-5.855643963525222206e-01
-6.033826610157416725e-01
-5.798385432073996926e-01
-6.237378260204718972e-01
-6.228865897366927529e-01
-5.674318587491439247e-01
-6.200056215832160378e-01
-5.054265176961348915e-01
-6.099648913452552224e-01
-5.278411423871444130e-01
-5.467258757064269448e-01
-5.780495544979499245e-01
-5.738669252107070351e-01
-6.233885204503463173e-01
-6.236522188494132424e-01
-6.237079715440200234e-01
-6.240157848308013344e-01
-6.241331761786864663e-01
-6.238642921755240822e-01
-5.897182142445968056e-01
-6.238658269951270485e-01
-6.056059440681861306e-01
-6.232325499961303139e-01
-6.231852090070174599e-01
-5.517229130575583840e-01
-5.699047884056495095e-01
-6.142901098439620400e-01
-5.972632682034896279e-01
-6.143735488960669899e-01
-6.238969480702803994e-01
-6.085579237053321267e-01
-6.063807150432990456e-01
-6.236650785515235329e-01
-5.919476514766143227e-01
-5.814866116354392434e-01
-6.225285073826239968e-01
-6.235623275945113564e-01
-6.136901592919753456e-01
-5.781256770799086953e-01
-5.597894629547522927e-01
-5.860437443563865090e-01
-6.242217933843062783e-01
-6.180521464059279824e-01
-6.180521464059279824e-01
-6.103792851874755288e-01
-6.068267887542174721e-01
-5.412820344874785805e-01
-6.053003063509391213e-01
-6.195663353512214089e-01
-5.718803918073104287e-01
-5.607120683500693703e-01
-5.932197710583136940e-01
-5.663120886394904518e-01
-5.594220971772597695e-01
-6.238410389134810830e-01
-5.958314379761145974e-01
-6.237517884085105324e-01
-5.705456277439521218e-01
-5.573284132490085030e-01
-5.901826610872672463e-01
-5.952343260953353310e-01
-5.642900383183883095e-01
-5.632836585948394204e-01
-6.221966063687728310e-01
