-5.820440467053799027e-01
-5.824300435909776086e-01
-5.764360701272038812e-01
-5.763879132995156640e-01
-5.823888288417605752e-01
-5.743077512437252397e-01
-5.827041076103000039e-01
-5.804005771482138032e-01
-5.803438540154842729e-01
-5.710357226038126344e-01
-5.821876436078695649e-01
-5.754995731243638390e-01
-5.719431278833894128e-01
-5.747483282888082856e-01
-5.808410768935231561e-01
-5.827106203490642899e-01
-5.744812929609565133e-01
-5.812007927873877877e-01
-5.711094172278193826e-01
-5.711392195502070779e-01
-5.755843169593958253e-01
-5.749468201378135079e-01
-5.672843515479711884e-01
-5.803125960359124536e-01
-5.826035108024029130e-01
-5.799876389631776208e-01
-5.733459148162750596e-01
-5.729349677989034051e-01
-5.825051677951363915e-01
-5.821161115148810739e-01
-5.809449473002700204e-01
-5.733022544139770860e-01
-5.822440277391819352e-01
-5.820666545608786935e-01
-5.819805901104359025e-01
-5.795280200967339868e-01
-5.805306205132750863e-01
-5.798528924191145295e-01
-5.684363677704481477e-01
-5.821983240151552552e-01
-5.824930177608279580e-01
-5.758809962847976083e-01
-5.824978261792806977e-01
-5.774530203619746560e-01
-5.800440352016834611e-01
-5.800452496463207597e-01
-5.715204024294165963e-01
-5.806445464098600739e-01
-5.760315985956935281e-01
-5.824392487833051080e-01
-5.825014257410315865e-01
-5.718448780083803529e-01
-5.685439550855903024e-01
-5.780013430470375413e-01
-5.793613580593613976e-01
-5.823125525915769929e-01
-5.738370505699662560e-01
-5.723752280303983087e-01
-5.826307054215816850e-01
-5.793213074633626336e-01
-5.818866271132377976e-01
-5.824155987778453225e-01
-5.736263453567175263e-01
-5.818762279653696412e-01
-5.803499467277674073e-01
-5.687379020804314012e-01
-5.822980630749611253e-01
-5.826400307545213098e-01
-5.825427820512799615e-01
-5.826848236450700158e-01
-5.818964916819481248e-01
-5.732731184528915280e-01
-5.826859663778690690e-01
-5.825993654856232995e-01
-5.827053472006468171e-01
-5.819709080809502000e-01
-5.824177147427348489e-01
-5.823248749205617303e-01
-5.781571290993837708e-01
-5.826022963577656144e-01
-5.746489906290320748e-01
-5.824375006908325547e-01
-5.702265532294062966e-01
-5.818708467835335130e-01
-5.750407198050765389e-01
-5.795369822138695115e-01
-5.748910315872876042e-01
-5.635437801087049836e-01
-5.732545893246082658e-01
-5.738771700838355416e-01
-5.826310472169665688e-01
-5.699973249414710397e-01
-5.719543950238971108e-01
-5.810581998506335610e-01
-5.826499539965538377e-01
-5.799105031022576684e-01
-5.826306122893242234e-01
-5.764931266734151238e-01
-5.826913466283826226e-01
-5.807815495485214585e-01
-5.726239880153684014e-01
-5.726480273136643762e-01
-5.822645037973074311e-01
-5.751645866388229722e-01
-5.820550679767279023e-01
-5.733830298835186356e-01
-5.826798848414568299e-01
-5.756501381823567742e-01
-5.707751543799189919e-01
-5.807575465718058938e-01
-5.820055206844357842e-01
-5.763020807483939523e-01
-5.788655377531198853e-01
-5.773296890387086266e-01
-5.811246469223646516e-01
-5.706016173193005914e-01
-5.796650269606856698e-01
-5.770507393011597985e-01
-5.826766466328648919e-01
-5.823531889894751901e-01
-5.736291281485704774e-01
-5.824134874695686692e-01
-5.825952602157143945e-01
-5.822819083535818452e-01
-5.769215909370927209e-01
-5.726701983788756722e-01
-5.678191383907346124e-01
-5.720995453724412316e-01
-5.821831611523179406e-01
-5.826413411253837937e-01
-5.753219578021911973e-01
-5.699895130077151650e-01
-5.776737130785135621e-01
-5.826217908018974656e-01
-5.664857433715609902e-01
-5.821627959215788239e-01
-5.820061744728831643e-01
-5.826707252839354867e-01
-5.811630164811162347e-01
-5.763994961583761567e-01
-5.808357758054284448e-01
-5.825236312651781434e-01
-5.712778338769225472e-01
-5.825151124575881356e-01
-5.801010461130885476e-01
-5.723379723334459657e-01
-5.826319338360576028e-01
-5.687007972577361459e-01
-5.709310400837807054e-01
-5.738505053872017259e-01
-5.822907959649114007e-01
-5.701579743603019113e-01
-5.801938337811974877e-01
-5.694580435359625215e-01
-5.821859746778158540e-01
-5.791479156890658730e-01
-5.699388034248499268e-01
-5.792039775827674264e-01
-5.825076125168947572e-01
-5.806742937842158669e-01
-5.772975323328523034e-01
-5.792032753655461663e-01
-5.716604286411551827e-01
-5.805728755498079652e-01
-5.822690626213101739e-01
-5.803154216686038369e-01
-5.821787708977012032e-01
-5.817418884092716569e-01
-5.819106272959856385e-01
-5.823723928609637612e-01
-5.823001408556250924e-01
-5.819874995926169747e-01
-5.677798105010537499e-01
-5.823786383101491326e-01
-5.822821197638062829e-01
-5.681931845450548524e-01
-5.777740602919606561e-01
-5.821407803872374886e-01
-5.821991240212468499e-01
-5.712405372017769212e-01
