-5.820436088371431227e-01
-5.824298412923168966e-01
-5.764362641638073326e-01
-5.763874915850570879e-01
-5.823887900643465176e-01
-5.743067873705584026e-01
-5.827036576039571480e-01
-5.804006168663802256e-01
-5.803439264770151595e-01
-5.710346898518615655e-01
-5.821876653442100702e-01
-5.754990710510351493e-01
-5.719429543939090754e-01
-5.747504533305034524e-01
-5.808406904222187528e-01
-5.827101662797159465e-01
-5.744842344427478764e-01
-5.812009148613261900e-01
-5.711093942837345283e-01
-5.711438128820360838e-01
-5.755835544260490266e-01
-5.749470818102555558e-01
-5.672860973206359514e-01
-5.803128629460059251e-01
-5.826032880397351565e-01
-5.799870162792378769e-01
-5.733473618896768320e-01
-5.729378712072320523e-01
-5.825049664388625148e-01
-5.821162020327252939e-01
-5.809452831990516986e-01
-5.733029432614200616e-01
-5.822440969237930863e-01
-5.820664039488057107e-01
-5.819807042067653979e-01
-5.795281868484970511e-01
-5.805311022003700749e-01
-5.798527153683173951e-01
-5.684414417458444335e-01
-5.821985320444694745e-01
-5.824925700278256180e-01
-5.758806365739573829e-01
-5.824977607196493157e-01
-5.774534188992208605e-01
-5.800435771907249682e-01
-5.800453756142812667e-01
-5.715233541475975843e-01
-5.806447882488895429e-01
-5.760324480327888574e-01
-5.824390883398794516e-01
-5.825009491900853265e-01
-5.718452323795509828e-01
-5.685448923975868762e-01
-5.780015029121319259e-01
-5.793611648009145965e-01
-5.823125118587453297e-01
-5.738363762361273768e-01
-5.723746952754621420e-01
-5.826304390698796576e-01
-5.793211917610777695e-01
-5.818863811276775433e-01
-5.824153556949742683e-01
-5.736257975555942856e-01
-5.818759933720444311e-01
-5.803500263901025802e-01
-5.687350171685825462e-01
-5.822980311083945093e-01
-5.826397442133876003e-01
-5.825425097016385667e-01
-5.826844878963808316e-01
-5.818960172349183502e-01
-5.732722710861066773e-01
-5.826855820685012954e-01
-5.825991228580831294e-01
-5.827049736838950666e-01
-5.819706816418375173e-01
-5.824175730321919930e-01
-5.823244814370999167e-01
-5.781564998884004547e-01
-5.826018870978565412e-01
-5.746475657642982071e-01
-5.824375188861339314e-01
-5.702270525438242199e-01
-5.818708204961985375e-01
-5.750414436023236764e-01
-5.795374331470486418e-01
-5.748914645960211400e-01
-5.635385748695614927e-01
-5.732543885845073905e-01
-5.738748331511791534e-01
-5.826308292555683055e-01
-5.699954108672479203e-01
-5.719518369047635886e-01
-5.810586430198291241e-01
-5.826498078192876573e-01
-5.799117091638530397e-01
-5.826302086220702670e-01
-5.764927746953255605e-01
-5.826909523511786260e-01
-5.807819787204770989e-01
-5.726274079790838467e-01
-5.726486714769665198e-01
-5.822645532353325493e-01
-5.751639228897484912e-01
-5.820545837803157152e-01
-5.733827286732143813e-01
-5.826795590813518277e-01
-5.756487603635705996e-01
-5.707772955100107737e-01
-5.807575708851117069e-01
-5.820054156638886367e-01
-5.763025957003704569e-01
-5.788656949366525195e-01
-5.773295906798701083e-01
-5.811249375984688381e-01
-5.706023202548197171e-01
-5.796649403184354066e-01
-5.770514685587018189e-01
-5.826761864260661117e-01
-5.823527190353844363e-01
-5.736275872261521469e-01
-5.824135060074635550e-01
-5.825950724003415848e-01
-5.822820250132776376e-01
-5.769216235361920297e-01
-5.726698943508941042e-01
-5.678226944027948697e-01
-5.720997582887201727e-01
-5.821832436057773341e-01
-5.826411537432482080e-01
-5.753235396382920808e-01
-5.699891657912775633e-01
-5.776735931630272436e-01
-5.826213877031564126e-01
-5.664863847942289699e-01
-5.821629891210678975e-01
-5.820058627445214849e-01
-5.826706128795441364e-01
-5.811635471243918882e-01
-5.764003907506756175e-01
-5.808364372756458227e-01
-5.825233209980870130e-01
-5.712792877970187533e-01
-5.825145896501041642e-01
-5.801015215490931132e-01
-5.723385059695803578e-01
-5.826317190288525794e-01
-5.687023529298774749e-01
-5.709320414074660066e-01
-5.738508784224551906e-01
-5.822909876320626621e-01
-5.701558552131262836e-01
-5.801929852314784419e-01
-5.694565938788777038e-01
-5.821856314538444988e-01
-5.791477087616987429e-01
-5.699405485094042323e-01
-5.792031655560615500e-01
-5.825073162489644574e-01
-5.806742645301556927e-01
-5.772980085762893232e-01
-5.792027723213796220e-01
-5.716638892444919628e-01
-5.805735060242480650e-01
-5.822687147919830553e-01
-5.803160941834064612e-01
-5.821787573813800298e-01
-5.817421149587741480e-01
-5.819104463853135289e-01
-5.823723192326045739e-01
-5.822998982598946993e-01
-5.819872104405328095e-01
-5.677783444484950648e-01
-5.823783827817216041e-01
-5.822820190362822945e-01
-5.681948875952607114e-01
-5.777740665071759985e-01
-5.821407655399492009e-01
-5.821989180171546208e-01
-5.712389598484763908e-01
