-7.976180693234317109e-01
-8.024064773793332384e-01
-7.975169370050542161e-01
-7.822385436023585603e-01
-7.739105239610187814e-01
-7.972356496478431032e-01
-7.871551258589141176e-01
-7.991909511486999795e-01
-7.537984415988437936e-01
-8.016281413014046953e-01
-8.015774997050874040e-01
-7.979486841808073327e-01
-7.879044950108043954e-01
-8.013649020443670556e-01
-7.878627698968164728e-01
-7.508485145966522500e-01
-7.773680683325044916e-01
-8.020499819989316270e-01
-8.018335957179777429e-01
-7.969080066408030794e-01
-8.012395013223402307e-01
-8.014394879440777109e-01
-7.574364930490963266e-01
-7.960541701043956087e-01
-7.872255478153936670e-01
-7.786610607157461450e-01
-7.773908866669051454e-01
-8.012455819274298952e-01
-8.008344747225754068e-01
-7.599834311853163049e-01
-7.973100814136676595e-01
-7.735472746293060586e-01
-7.502752706508152292e-01
-7.804581947724335000e-01
-7.872538628156297014e-01
-8.018679428945295617e-01
-8.024466192449443147e-01
-8.019415835018269822e-01
-8.024480842153541849e-01
-7.972224979761056707e-01
-7.756607323984615610e-01
-7.883391730586998269e-01
-8.024535734306089685e-01
-7.852326693112962053e-01
-7.998615872214548395e-01
-7.679687101493589685e-01
-8.023246299575083063e-01
-7.490466401080601022e-01
-8.016634971003048227e-01
-8.013758115570061014e-01
-8.024021895701997087e-01
-7.949779602798633382e-01
-7.988739065925590799e-01
-8.018926471571438119e-01
-7.859374970297329233e-01
-8.011618811736814783e-01
-7.500268012384884164e-01
-7.858565092186443612e-01
-8.020961234445683763e-01
-7.512263782422058389e-01
-8.014801327238790796e-01
-8.019276592980139062e-01
-7.912649955700151727e-01
-7.666755370895378396e-01
-8.011897668342106149e-01
-7.498599641124717996e-01
-7.957108324493281648e-01
-7.846640559013001726e-01
-7.860994307423941896e-01
-8.019522816042415903e-01
-7.983814474294893548e-01
-7.839413793857209489e-01
-7.980391230533830926e-01
-8.020736236224882409e-01
-7.795187538589350984e-01
-8.016432874004356668e-01
-7.985619722033850953e-01
-7.807534528995864198e-01
-7.513480723003856943e-01
-7.995249522949569032e-01
-7.990797381947748468e-01
-7.788724057476036355e-01
-8.016114166106097505e-01
-8.024375975231640146e-01
-7.933668648923747346e-01
-8.019050467859022424e-01
-7.950178474287502572e-01
-8.023926500330679223e-01
-7.852997543389909074e-01
-8.023934323440305993e-01
-7.959776796500198648e-01
-8.013317898015491769e-01
-7.910977188597433374e-01
-7.964035455237142846e-01
-7.851477298985235498e-01
-7.474603146414272592e-01
-8.012873787532560632e-01
-7.965024398739449785e-01
-8.019171437348239229e-01
-7.657130301098339364e-01
-8.024005914206616685e-01
-8.015679638932459161e-01
-7.849939443270675943e-01
-8.013551119814626977e-01
-7.856894606824033067e-01
-7.979274015973322198e-01
-8.020336270431988046e-01
-7.324319087068550393e-01
-7.426286466519348428e-01
-7.895524460921995447e-01
-8.014219613845460222e-01
-8.020552886749617860e-01
-7.989536529506556795e-01
-7.231220617990009591e-01
-7.477626144985668466e-01
-8.024057192827575014e-01
-7.946655867720954225e-01
-7.551797904173843667e-01
-8.008962847392074869e-01
-7.920684270660393045e-01
-7.880475526775233552e-01
-7.738246336678974435e-01
-7.979120478133671091e-01
-7.927731886605732248e-01
-7.939862717042677209e-01
-7.849671278248541162e-01
-7.746302453900687501e-01
-7.528727106849663064e-01
-7.947512908007018373e-01
-7.751776041562669084e-01
-7.956399988482706354e-01
-7.972439817252569005e-01
-8.012648929010145471e-01
-7.946344950336031721e-01
-8.013356529275886819e-01
-8.024040252069942758e-01
-7.992185294727794931e-01
-7.858725428680889413e-01
-7.799338918278925226e-01
-7.997767856444232271e-01
-8.013141924615018175e-01
-7.904385287414305017e-01
-7.969036769221536920e-01
-8.019533256168477342e-01
-8.020796753565780923e-01
-7.847563695262186334e-01
-7.981971629063598916e-01
-7.668871186773292825e-01
-7.999523893098346994e-01
-8.023905471066944406e-01
-7.713242393086664483e-01
-7.868332440133206651e-01
-7.897424042324535653e-01
-7.511397130887024209e-01
-7.727637343208305643e-01
-7.996729068557731912e-01
-7.848157571728341386e-01
-8.017498865823261545e-01
-7.915764242510311410e-01
-8.020182089979760454e-01
-7.894662670890800760e-01
-7.809665897960774705e-01
-7.973660925502888963e-01
-7.730952851573936746e-01
-8.023638144235126779e-01
-7.977675531159155176e-01
-7.746298514406196878e-01
-7.436442203919403360e-01
-7.927556378866545961e-01
-8.013564204896800325e-01
-7.788820374856703088e-01
-8.023772422323934839e-01
-8.018587693671695993e-01
-8.024176709453575418e-01
-7.732384909044019983e-01
-8.021028252418153093e-01
-8.012934230367653177e-01
-7.928715512256138132e-01
-8.015834499250166223e-01
-7.728204500029794977e-01
-8.018801925803534791e-01
-7.941121297056786821e-01
-7.911686297605745599e-01
-8.016788322578184411e-01
-7.907347992162220285e-01
-8.023829698662273691e-01
-7.712717220286838815e-01
-7.528504818777553842e-01
-8.024423416803591058e-01
-7.954113642784766958e-01
-8.023563731561415002e-01
-8.011264927784912393e-01
-7.913937043498270318e-01
-8.024335397507064149e-01
-7.912393059681169794e-01
-7.663139194349758432e-01
-7.930184170703403757e-01
-7.531334996323101327e-01
-8.020217852766625688e-01
-8.013451244781725213e-01
-7.962821010599844263e-01
-7.992726914684288309e-01
-7.794634156028740213e-01
-8.009634107450954721e-01
-8.012175090710632608e-01
-7.999941749597899721e-01
-7.881668355415575311e-01
-8.017606312508694932e-01
-7.665653281013481424e-01
-8.023451944912783906e-01
-8.014151655237190530e-01
-7.930630926142446802e-01
-8.023804674024693773e-01
-7.650095444272272394e-01
-8.023625310610048578e-01
-7.877732921491377160e-01
-8.022748991946689889e-01
-7.957173614862375066e-01
-8.016831591825001047e-01
-8.014375321666710184e-01
-7.721195161442272470e-01
-7.981452193210832879e-01
-8.012864921341650293e-01
-7.900238284940831468e-01
-7.788937069575302408e-01
-8.020150257374160097e-01
-8.013442043314688013e-01
-8.013174083183519647e-01
-7.462929912011139200e-01
-8.024088829855434701e-01
-7.986866558070294664e-01
-8.023865461449138925e-01
-7.676910400490276620e-01
-8.012322258303873346e-01
-8.023842811684124277e-01
-7.987043425540439889e-01
-8.024170152942650125e-01
-7.771074125642888353e-01
-7.977636592562310502e-01
-7.938002530585043237e-01
-8.018540596689097688e-01
-7.994237426768057153e-01
-8.023569487134926126e-01
-7.732588924567215249e-01
-7.811586918408982561e-01
-8.010018427024595544e-01
-8.024189505825750635e-01
-7.626102469961159036e-01
-7.744372148166410730e-01
-7.886899724702350900e-01
-8.013518467645160959e-01
-7.925298648054711625e-01
-7.982328344236128137e-01
-8.016222562740557001e-01
-7.910601828346960351e-01
-7.563740067283623025e-01
-7.972780918802134797e-01
-7.950563687930815027e-01
-8.016370121489279077e-01
-8.024290684710256860e-01
-8.016282372276298807e-01
-8.024215359340421960e-01
-7.807475455204956338e-01
-7.921578470717184350e-01
-7.992036571825854585e-01
-7.928177813167683885e-01
-8.024511529232375429e-01
-7.978299321706406877e-01
-8.003840703616850183e-01
-7.994378363813273713e-01
-7.991116266797296808e-01
-7.764926781977526948e-01
-8.019253496180288598e-01
-8.006998883659951494e-01
-7.983653504501097009e-01
-8.024115558813326166e-01
-7.980207732046954439e-01
-8.008002095024101541e-01
-7.976434972236864374e-01
-8.020780287782661722e-01
-7.908744873578660295e-01
-7.953676819900982187e-01
-7.971824576246552274e-01
-8.019861491496674821e-01
-8.019174333761446283e-01
-7.863024637202732370e-01
-8.016862930829636857e-01
-7.829864766548387811e-01
-7.980519771675579355e-01
-7.980376441131346033e-01
-8.012661175902001665e-01
-7.864998817543499277e-01
-8.023752696911804483e-01
-7.831138447958044813e-01
-7.993792133505456254e-01
-8.023465020681731508e-01
-7.737818282197229669e-01
-7.935808651248924539e-01
-7.848441848631017015e-01
-8.023204157228581712e-01
-7.696916028956882760e-01
-7.476868011157028482e-01
-7.547283671895973489e-01
-7.778377473453991220e-01
-7.974859435210935876e-01
-7.803067682410590455e-01
-7.944200873474590585e-01
-8.014389012108557031e-01
-7.886239118973724649e-01
-8.015498915786855028e-01
-7.736825957993976877e-01
-7.693698309461586282e-01
-8.005073867837898538e-01
-7.966443901981227205e-01
-8.017599728058092401e-01
-7.670729771356098459e-01
-8.019006239349953935e-01
-7.962500793959014223e-01
-8.011800875986926362e-01
-8.020815594221465394e-01
-8.017743524263613031e-01
-7.856650786573998735e-01
-7.526146188477985666e-01
-8.007326159725897119e-01
-7.786970954488031671e-01
-7.973878128553740785e-01
-7.500346914033405588e-01
-7.694970533351414010e-01
-8.017625935475342080e-01
-8.014572296391241357e-01
-7.971343403781764314e-01
-7.944124095241539285e-01
-7.985172985221259401e-01
-7.732170499960892007e-01
-8.015106018732301996e-01
-7.596865329991094873e-01
-7.867271198059432313e-01
-8.015991380537860200e-01
-7.799708969990722940e-01
-8.020206797967665002e-01
-7.989388421277515695e-01
-7.910117484728805826e-01
-7.961581364373676584e-01
-7.620592728356830881e-01
-8.013540148834698007e-01
-7.783881822700612352e-01
-7.887711186061613367e-01
-7.351081982354633615e-01
-8.013088382880203531e-01
-7.993305135617964075e-01
-8.018588718126528070e-01
-8.010104499856941507e-01
-7.640821874241344736e-01
-8.023864902655594156e-01
-8.008093457768671319e-01
-7.852665852854959772e-01
-8.008531123499386117e-01
-8.013652913372032449e-01
-7.684726394812576578e-01
-7.814544528822414682e-01
