-5.268603636183675221e-01
-5.706581257515486172e-01
-5.335605040424402645e-01
-5.762970678740080288e-01
-5.392805685521002701e-01
-5.629615493350561550e-01
-5.672607653074797085e-01
-4.996785305672224453e-01
-5.752228170865114620e-01
-5.760544918709333828e-01
-5.739010729127462795e-01
-5.398982924641009262e-01
7.841388804382720679e-02
-5.761105388634737423e-01
-5.752525821559961727e-01
-5.432685262755390099e-01
-5.768382221692140988e-01
-4.976428978376921108e-01
-5.109411187701757839e-01
-5.764291890197332791e-01
-4.814405672483976772e-01
-5.478349764131840161e-01
-5.686732724540766171e-01
-5.036733716958101681e-01
-5.449511714511450222e-01
-5.371031498768266133e-01
-5.276462303706344059e-01
-5.697182685368593624e-01
-5.700443469219740322e-01
-4.976108081870611599e-01
-5.405902916797336033e-01
-5.467999678336914471e-01
-5.372552544110353878e-01
-5.768843077354963711e-01
-5.038184605770643643e-01
-5.771724626653726986e-01
-5.438333743483658722e-01
-5.213970363371904782e-01
-5.722053840988214901e-01
-5.271538531639512470e-01
-5.767819926374491146e-01
-5.637038208776052883e-01
-5.305308586218293598e-01
-5.269455265485580853e-01
-5.701447658472593716e-01
-5.768762648337419918e-01
-5.262614766367610386e-01
-5.768539019160803250e-01
-4.966352589660223416e-01
-5.379701124736007145e-01
-5.679014183812673977e-01
-5.516297955297764233e-01
-5.763745725386675289e-01
-5.675891570978697231e-01
-5.421059837796624592e-01
-5.140484541886385372e-01
-5.449423345968957832e-01
-5.767734542720850399e-01
-5.767801709704931667e-01
-5.772494420641001156e-01
-5.393989810951884678e-01
-5.180709146194990566e-01
-5.467962891095217159e-01
-5.477795329176720074e-01
-5.248354420297678402e-01
-5.647960648172434261e-01
-5.296343917258914402e-01
-5.759362660580213955e-01
-5.063674979143675259e-01
-5.060779534512098721e-01
-5.766518235438402584e-01
-5.529222551965053967e-01
-5.051186315947111538e-01
-5.387792469234105042e-01
-5.478955002733405522e-01
-5.770597614579733303e-01
-4.862245142691667965e-01
-5.460441180736657074e-01
-5.739342205458219937e-01
-5.771434836321409634e-01
-5.763127029173906735e-01
-5.755076565080221584e-01
-5.660979159408148220e-01
-5.125871941679056576e-01
-5.770705685251291683e-01
-5.486321326577003887e-01
-5.768834211164053372e-01
-4.822850048773821285e-01
-5.605470918350752285e-01
-4.578469552331503323e-01
-5.028502837055262020e-01
-5.164534755282934597e-01
-5.772567026548918179e-01
-5.705475628607805660e-01
-5.391835675806637695e-01
-5.202625699573095730e-01
-5.263093047075804165e-01
-5.289336059474285534e-01
-5.339550318428214482e-01
-5.752205223076876095e-01
-5.506350442998941830e-01
-5.483938928925331524e-01
-5.212253451579149655e-01
-5.546626353868182591e-01
-5.674666881793077877e-01
-5.560989611082609585e-01
-5.099797666304644039e-01
-5.438333743483658722e-01
-4.966352589660223416e-01
-4.946755662792261532e-01
-5.712254986398752621e-01
-5.448792333015139988e-01
-5.478955002733405522e-01
-5.151714261853035381e-01
-5.682450615101393154e-01
-5.697035312884386471e-01
-5.764715716474588802e-01
-5.764761239522036007e-01
-5.770231679313715389e-01
-5.312688423552449635e-01
-5.764669895403917721e-01
-5.107183091574247769e-01
-5.478955002733405522e-01
-5.654432334237631252e-01
-5.540993295841749600e-01
-4.785566114121015957e-01
-5.500050585948761395e-01
-5.149047605925138882e-01
-5.722651265793379238e-01
-5.231945559614237240e-01
-5.751856945686872891e-01
-5.379611340583201340e-01
-5.026000187032755306e-01
-4.966782525413568905e-01
-5.313641101353701046e-01
-5.215463981264170101e-01
-5.148117587202127865e-01
-5.757813051574762753e-01
-5.304810533531840733e-01
-5.606371116124924114e-01
-5.182280436389978817e-01
-5.305017901816304615e-01
-5.422102537237938336e-01
-4.789863385491903713e-01
-4.946561537914808682e-01
-5.761257343226011685e-01
-5.206547610693510464e-01
-5.442189209394987515e-01
-5.396424716570313862e-01
-5.618940022074516705e-01
-5.770064637296732357e-01
-5.680752925806578091e-01
-4.790960669749315670e-01
-5.432239257031019619e-01
-5.710614517562921932e-01
5.194003425306741306e-01
-5.442580197238262585e-01
-5.191207554423149517e-01
-5.087588791035946301e-01
-5.768308386438425472e-01
-5.726876415544088772e-01
-5.254791926824387005e-01
-5.705802522831495693e-01
-5.495639711850222042e-01
-5.768056035273607662e-01
-5.207071665906246594e-01
-5.330835355677541187e-01
-5.763396479421194485e-01
-5.636997603111799648e-01
-5.392334287286635330e-01
-5.208795301847990444e-01
-5.222728707128103665e-01
-5.392805685521002701e-01
-5.347283634588952950e-01
-5.743448853724535397e-01
-5.661601469152506283e-01
-5.118004687362249783e-01
-5.764407485955294064e-01
-5.750080839031275204e-01
-5.761171587043341091e-01
-5.183836750917967251e-01
-5.686732724540766171e-01
-5.058465980225141934e-01
-5.294433122732575825e-01
-5.568623103433187893e-01
-5.647124134235914639e-01
-5.069284819298323086e-01
-5.540993295841749600e-01
-4.933630161219175747e-01
-5.529222551965053967e-01
-5.449423345968957832e-01
-4.791963443391855648e-01
-5.014675341778334072e-01
-5.762151636415060452e-01
-5.618640117579039028e-01
-5.276653886073168209e-01
-5.443252821684714249e-01
-4.955633737378652981e-01
-5.104157932334478787e-01
-5.679014183812673977e-01
-4.790960669749315670e-01
-5.767663538687761715e-01
-5.273349972673591068e-01
-4.782361619406279019e-01
-5.411598815814491203e-01
-5.115189783506925991e-01
-5.768331930273111752e-01
-5.769315183394487789e-01
-5.507906412937577656e-01
-5.537326716118391445e-01
-5.164982311659391812e-01
-5.177377395563658169e-01
-5.263093047075804165e-01
-5.494169758864577702e-01
-5.396424716570313862e-01
-5.111396022372778347e-01
-5.766842074924047878e-01
-5.121711407088573864e-01
-5.593115546041067532e-01
-4.996354662113722256e-01
-5.354266127803262165e-01
-5.194624856346186093e-01
-5.543290505417521885e-01
-5.767155334585245541e-01
-5.770781532161768368e-01
-5.171738554024036816e-01
-5.641406260662611416e-01
-5.265132894971307209e-01
-5.384733195648427895e-01
-5.193331361048754147e-01
-5.191207554423149517e-01
-5.767258413367803982e-01
-5.313929671653445652e-01
-4.709042467408712795e-01
-5.692147545748289517e-01
-5.720587454968031338e-01
-5.581492584430511883e-01
-5.765410855644281796e-01
-5.751511574023302487e-01
-5.401064798467691830e-01
-4.997745983534391812e-01
-5.212747760348852566e-01
-5.500050585948761395e-01
-5.745618537300165585e-01
-5.424345934995349339e-01
-5.392805685521002701e-01
-5.768834211164053372e-01
-5.711131252580221584e-01
-5.576860577099855831e-01
-5.770597614579733303e-01
-4.834643051260050228e-01
-5.449511714511450222e-01
-5.431862676747973850e-01
-5.768952302866514614e-01
-5.611241504781778744e-01
-5.537326716118391445e-01
-5.763279021018083981e-01
-5.432168392696317127e-01
-5.657967597477968624e-01
-5.124912288271721295e-01
-5.250962263204987934e-01
-5.250995371722515515e-01
-5.034358509116705349e-01
-5.688830211990412167e-01
-5.612607680492933682e-01
-5.752189763122137478e-01
-5.379260637097891262e-01
-5.744702339404161862e-01
-5.769022859864767483e-01
-5.701447658472593716e-01
-5.499097284161384991e-01
-4.872301750116880825e-01
-5.139033932470615795e-01
-5.763127029173906735e-01
-5.432365348794396809e-01
-5.575186804168756893e-01
-5.763521537416513851e-01
-5.263093047075804165e-01
-5.312688423552449635e-01
-5.701447658472593716e-01
-5.760455847018297604e-01
-5.240640312665041378e-01
-5.133924268417890957e-01
-5.359080208697255543e-01
-5.029316440456446102e-01
-5.305308586218293598e-01
-5.717613443964060238e-01
-5.097129222237404278e-01
-5.580648564034040859e-01
-5.755647093289431027e-01
-5.738802746170099667e-01
-5.749896139138277462e-01
-4.868704386287268093e-01
-5.611223884158667019e-01
-5.145372346275385311e-01
-4.709042467408712795e-01
-5.405902916797336033e-01
-5.771729097002085140e-01
-5.771703467004831722e-01
-5.661354296141203335e-01
-5.671907745533522061e-01
-5.399821319849129608e-01
-5.762493953340586117e-01
-5.215463981264170101e-01
-5.762951977782782009e-01
-5.177765645318563870e-01
-5.147549368672903469e-01
-5.501283824675615719e-01
-5.339350298278864315e-01
-5.764963187509115627e-01
-5.750849478178556851e-01
-5.591336198382910183e-01
-5.227703422539766720e-01
-5.523407588013347080e-01
-5.368732212343152455e-01
-5.113528527551229885e-01
-5.603553585939939907e-01
-5.603444397681291989e-01
-5.462647171922858647e-01
-5.769121878080900601e-01
