-5.268288926066150291e-01
-5.706354662141684964e-01
-5.334638433619774966e-01
-5.762913967743846788e-01
-5.393092333677828032e-01
-5.629497909203995398e-01
-5.672213541107531398e-01
-4.996471357588556650e-01
-5.752009755929218260e-01
-5.760480995241937796e-01
-5.739040912216218926e-01
-5.398521022288824689e-01
7.834419524048653882e-02
-5.761042792939576884e-01
-5.752438147144836034e-01
-5.432163666174060213e-01
-5.768303075946935587e-01
-4.976798726560464070e-01
-5.109417984562070192e-01
-5.764178530916407306e-01
-4.814851636001800661e-01
-5.478466788550342415e-01
-5.687047063549910408e-01
-5.034844454237150657e-01
-5.449896045393527455e-01
-5.369926558120697857e-01
-5.276499704768636834e-01
-5.696867111446961562e-01
-5.700093514150298413e-01
-4.976672200022315140e-01
-5.405786030102008866e-01
-5.467494356960689306e-01
-5.372320444744087542e-01
-5.768770631390567338e-01
-5.036535417096150713e-01
-5.771648019194720591e-01
-5.437751579316827399e-01
-5.213233894363550336e-01
-5.721903483498093079e-01
-5.271548944972874740e-01
-5.767746310324817216e-01
-5.637045437479820675e-01
-5.305261434221729688e-01
-5.268677016654111922e-01
-5.701119692954684792e-01
-5.768702120775854869e-01
-5.262139813964952229e-01
-5.768430334234373458e-01
-4.965427949331864821e-01
-5.378356307096698874e-01
-5.678921853588838609e-01
-5.516202786980908268e-01
-5.763666817897765693e-01
-5.675932418744670249e-01
-5.420545127094191784e-01
-5.140203627686608101e-01
-5.448298471229011675e-01
-5.767714585280560025e-01
-5.767740373879756133e-01
-5.772413585358998622e-01
-5.393134569163523517e-01
-5.180158542401741562e-01
-5.467547880977535746e-01
-5.477504276004703243e-01
-5.248404532778807585e-01
-5.647726375364249263e-01
-5.295736104077456430e-01
-5.759346075225081352e-01
-5.063194002021852436e-01
-5.059539923552349716e-01
-5.766452117076767969e-01
-5.529187327711725386e-01
-5.050888431784932298e-01
-5.387422856659962456e-01
-5.478883239875123046e-01
-5.770545004262707112e-01
-4.861907109622831680e-01
-5.459530755399778501e-01
-5.739275076168007805e-01
-5.771361183645897786e-01
-5.763071659326940432e-01
-5.755044005347512703e-01
-5.661025781241342258e-01
-5.125603101576290399e-01
-5.770622994089688040e-01
-5.485772372870830749e-01
-5.768754324263732913e-01
-4.821325624911717567e-01
-5.605427463085077555e-01
-4.577164705716653681e-01
-5.028932260664735754e-01
-5.164726361081054540e-01
-5.772491352726029090e-01
-5.705257983874142402e-01
-5.391618876943475858e-01
-5.202178056700572650e-01
-5.263823981479502923e-01
-5.289064540626546851e-01
-5.339338330757696927e-01
-5.752189054705025839e-01
-5.506159706773804396e-01
-5.483674888118729163e-01
-5.211154804636305427e-01
-5.546092433826479429e-01
-5.674702346374456141e-01
-5.561228669385398504e-01
-5.099637493892769102e-01
-5.437751579316827399e-01
-4.965427949331864821e-01
-4.945565205016544952e-01
-5.712184536549732572e-01
-5.448955498299938860e-01
-5.478883239875123046e-01
-5.149006678311891516e-01
-5.682508893561936114e-01
-5.697123751540190684e-01
-5.764627228895015110e-01
-5.764692933702073585e-01
-5.770174701980721466e-01
-5.312700904664642287e-01
-5.764634267669505041e-01
-5.106800541418474726e-01
-5.478883239875123046e-01
-5.654406454388438696e-01
-5.541065893311722945e-01
-4.785681658337144762e-01
-5.500157176724330688e-01
-5.148155091107460279e-01
-5.722494410772710483e-01
-5.231720486555671012e-01
-5.751794481862503305e-01
-5.379585481917441570e-01
-5.026510495183992289e-01
-4.966664734956172111e-01
-5.313551344330407211e-01
-5.215460966560870881e-01
-5.147510914665641701e-01
-5.757737263329768540e-01
-5.304756688137786114e-01
-5.606408897695391857e-01
-5.181691522718020471e-01
-5.306471194688038295e-01
-5.422773117351210592e-01
-4.788565209096400932e-01
-4.946361281826098799e-01
-5.761161225154197707e-01
-5.206473895743525260e-01
-5.441867770024513273e-01
-5.396747898815837940e-01
-5.618966388339599050e-01
-5.770011314751894993e-01
-5.680498143560035462e-01
-4.791662216914286399e-01
-5.432240529671772400e-01
-5.710403279693293532e-01
5.193730420589576235e-01
-5.442302170004741368e-01
-5.189545640856854103e-01
-5.086817478100091883e-01
-5.768258846402531947e-01
-5.726977153824951428e-01
-5.255278082797011363e-01
-5.705893934352276320e-01
-5.495178745380701057e-01
-5.768003409847788365e-01
-5.206883870513429047e-01
-5.330239208240316051e-01
-5.763384211405521151e-01
-5.636809044329890162e-01
-5.391146697693323109e-01
-5.209653255805209993e-01
-5.222101749776575375e-01
-5.393092333677828032e-01
-5.347538241368198220e-01
-5.743377879196079894e-01
-5.661609363381269189e-01
-5.118284356016312708e-01
-5.764336142789175943e-01
-5.749900209636914505e-01
-5.761280263288480752e-01
-5.181822267692700601e-01
-5.687047063549910408e-01
-5.057078007063665614e-01
-5.293798467776810179e-01
-5.569666055695470241e-01
-5.647072715720324876e-01
-5.069050687858521753e-01
-5.541065893311722945e-01
-4.933508717599262017e-01
-5.529187327711725386e-01
-5.448298471229011675e-01
-4.788245240174076600e-01
-5.014330538175924001e-01
-5.762118845613627416e-01
-5.618402184573387803e-01
-5.276746260460372095e-01
-5.442770322368024605e-01
-4.955947775811030964e-01
-5.103693575788716963e-01
-5.678921853588838609e-01
-4.791662216914286399e-01
-5.767580004948776873e-01
-5.273067039621244234e-01
-4.781945701664038206e-01
-5.411171532027925224e-01
-5.114643220076873220e-01
-5.768257727883542296e-01
-5.769254320331246300e-01
-5.507778029651148044e-01
-5.537606097766510915e-01
-5.164976060460296781e-01
-5.176961648624179846e-01
-5.263823981479502923e-01
-5.493780267206438417e-01
-5.396747898815837940e-01
-5.110995969782279325e-01
-5.766780057872330501e-01
-5.121693092733198283e-01
-5.593365311362656911e-01
-4.995856860963020507e-01
-5.354079719104205548e-01
-5.193586452665097664e-01
-5.542645910590433544e-01
-5.767085625536876314e-01
-5.770726832766431835e-01
-5.171896535200850575e-01
-5.641443034850863736e-01
-5.265134753585035687e-01
-5.383783607998954279e-01
-5.192991397624245886e-01
-5.189545640856854103e-01
-5.767148869425486879e-01
-5.313863163809320334e-01
-4.709042182904603635e-01
-5.692081140648406201e-01
-5.720526477096302687e-01
-5.581277694790197641e-01
-5.765318474958625039e-01
-5.751362452180448503e-01
-5.399771820471945816e-01
-4.997254396358675188e-01
-5.212461808844747191e-01
-5.500157176724330688e-01
-5.745657617611347190e-01
-5.423195113751585472e-01
-5.393092333677828032e-01
-5.768754324263732913e-01
-5.710846887836125152e-01
-5.577143220167691817e-01
-5.770545004262707112e-01
-4.835938022462082930e-01
-5.449896045393527455e-01
-5.431927774263878295e-01
-5.768887673666481808e-01
-5.611207378793821032e-01
-5.537606097766510915e-01
-5.763235768454668673e-01
-5.432644061167458682e-01
-5.657897907948202798e-01
-5.124557346628156873e-01
-5.250898299821916693e-01
-5.251028241207515990e-01
-5.034482835858159477e-01
-5.688693986074495612e-01
-5.612605729518419517e-01
-5.752002639744855372e-01
-5.378346748404320143e-01
-5.744611744093053307e-01
-5.768954451772488889e-01
-5.701119692954684792e-01
-5.498839582084457112e-01
-4.871151207263317851e-01
-5.138938104474950475e-01
-5.763071659326940432e-01
-5.431721853379716247e-01
-5.574637882704300829e-01
-5.763427097660869247e-01
-5.263823981479502923e-01
-5.312700904664642287e-01
-5.701119692954684792e-01
-5.760421667819670688e-01
-5.240691301216497955e-01
-5.134007670612606988e-01
-5.358838743783767011e-01
-5.029440075046526237e-01
-5.305261434221729688e-01
-5.717445417296104226e-01
-5.096820072900490883e-01
-5.579757158404039519e-01
-5.755595693943507118e-01
-5.738684001273423041e-01
-5.749823562858541459e-01
-4.869023909895172642e-01
-5.611214237398124416e-01
-5.145252349223380373e-01
-4.709042182904603635e-01
-5.405786030102008866e-01
-5.771666298490448765e-01
-5.771640500661024964e-01
-5.661293848305484211e-01
-5.671455219577723472e-01
-5.399445287554858197e-01
-5.762436950507596745e-01
-5.215460966560870881e-01
-5.762887474025343293e-01
-5.177773641311042008e-01
-5.147743431058303676e-01
-5.501253224221993587e-01
-5.339192699104431394e-01
-5.764872687647779603e-01
-5.750780128208899944e-01
-5.591285173806841424e-01
-5.226937882884554742e-01
-5.523598133599565418e-01
-5.368301049538978242e-01
-5.113479138933831880e-01
-5.603413889335753240e-01
-5.603187482447801182e-01
-5.462441183727193561e-01
-5.769067345001713809e-01
