-5.978081307026750224e-01
-5.876831092524534839e-01
-5.881827759209281581e-01
-5.948078000570840018e-01
-5.919154106292134898e-01
-5.810262976798421519e-01
-5.847171206611401217e-01
-5.971705088510370629e-01
-5.978411879974609988e-01
-5.978549622583395617e-01
-5.974183959539240973e-01
-5.831692290145165103e-01
-5.833995031777030604e-01
-5.956958999510115760e-01
-5.973034255790716784e-01
-5.978347739788896220e-01
-5.978185885238653796e-01
-5.969022108826047557e-01
-5.960930014613277095e-01
-5.887814920048421996e-01
-5.970744045104092734e-01
-5.976414146485931056e-01
-5.877933890211588519e-01
-5.963253487485653537e-01
-5.963280831116444247e-01
-5.975417412470287459e-01
-5.976301265533274787e-01
-5.901223953466123717e-01
-5.929037294469035047e-01
-5.884267414572841304e-01
-5.833217451933032649e-01
-5.923087773031747716e-01
-5.975989570494002479e-01
-5.975502833376831191e-01
-5.868143613103038447e-01
-5.961114418811357396e-01
-5.909462800833589213e-01
-5.868252787391847747e-01
-5.956467682614183801e-01
-5.978099905538565295e-01
-5.978447344738251346e-01
-5.942563665217912572e-01
-5.872170940625673907e-01
-5.837834679174429553e-01
-5.975584482426947730e-01
-5.956414301532513278e-01
-5.944818364574766534e-01
-5.902142465698725360e-01
-5.975369472640759128e-01
-5.933336041986203568e-01
-5.968490956935292857e-01
-5.961078779424733298e-01
-5.885209894391900676e-01
-5.978313290166861194e-01
-5.924102351187920945e-01
-5.975704907092458384e-01
-5.970827414772665875e-01
-5.963782618406421321e-01
-5.971076983611292022e-01
-5.857598112548894065e-01
-5.856988343063003200e-01
-5.892143055449432509e-01
-5.920967943153536694e-01
-5.960190111424035209e-01
-5.964591299767798560e-01
-5.893472001540667193e-01
-5.976737082588678973e-01
-5.941830656144029277e-01
-5.799724940794712680e-01
-5.952985746904468911e-01
-5.978446730065352099e-01
-5.900837859722978251e-01
-5.887038052666193622e-01
-5.942827262102818864e-01
-5.962205111633247512e-01
-5.974035110908753055e-01
-5.978330137792235988e-01
-5.960489128834760564e-01
-5.916437552428996938e-01
-5.965776063154644149e-01
-5.973232352758950370e-01
-5.954554976548260825e-01
-5.899538441213971751e-01
-5.977777900758391993e-01
-5.970636954649544137e-01
-5.955255824725336211e-01
-5.972578904244310039e-01
-5.976358816611773150e-01
-5.916368220119929688e-01
-5.848278968247777598e-01
-5.962535482018447297e-01
-5.978604295875138419e-01
-5.935059950339800494e-01
-5.765738977703458445e-01
-5.857118337067968028e-01
-5.978347115802771228e-01
-5.978427605356282371e-01
-5.952919862817234176e-01
-5.970369425255066531e-01
-5.900419288433349507e-01
-5.978276707816130298e-01
-5.974292295637733119e-01
-5.944117053064710277e-01
-5.777353399086004870e-01
-5.975051547053462642e-01
-5.905666834793246167e-01
-5.883864445264643805e-01
-5.971487394186860698e-01
-5.956077518991387265e-01
-5.975192838001257556e-01
-5.855062014076120036e-01
-5.875531366679078715e-01
-5.861470528531080859e-01
-5.951916309192037957e-01
-5.866698172527557986e-01
-5.848184867414838450e-01
-5.893976284775144237e-01
-5.972000431853539126e-01
-5.834239708843833583e-01
-5.929710114493227380e-01
-5.978522884312278407e-01
-5.873053061428672450e-01
-5.830390105608111995e-01
-5.880627759385115283e-01
-5.955134196325397866e-01
-5.972000022071606296e-01
-5.947053026526427644e-01
-5.834084233853227275e-01
-5.954000141124433654e-01
-5.971870558920508998e-01
-5.903915594450390714e-01
-5.961838100689655917e-01
-5.855856795448071139e-01
-5.872086111108965056e-01
-5.959285599298036473e-01
-5.847397862586385386e-01
-5.976405331517762320e-01
-5.978179677973693984e-01
-5.933951110697543996e-01
-5.974272886875278132e-01
-5.955725597801810878e-01
-5.836894555601483958e-01
-5.877586059856421130e-01
-5.896416273086524384e-01
-5.971666268657154220e-01
-5.937438019669807332e-01
-5.960404599669582026e-01
-5.856632982964820044e-01
-5.975429496380693095e-01
-5.844242215740687030e-01
-5.960506225588924067e-01
-5.975480323310202735e-01
-5.921465613997733968e-01
-5.902165001376724618e-01
-5.890021530564135688e-01
-5.966856637156761067e-01
-5.926570255893475192e-01
-5.932164063330001014e-01
-5.935530433549738305e-01
-5.899436251844472068e-01
-5.977136363859480994e-01
-5.837410787704593318e-01
-5.912294198411709445e-01
-5.902744477267569678e-01
-5.978588319036370891e-01
-5.976899337607628482e-01
-5.855538595120615142e-01
-5.972990143696970122e-01
-5.830750266674167293e-01
-5.891965992401546615e-01
-5.975484882134205478e-01
-5.896828616156435388e-01
-5.881697932842380183e-01
-5.972973556841916221e-01
-5.933784881259507316e-01
-5.935511602207279580e-01
-5.972626783537871020e-01
-5.978117004621035235e-01
-5.944040868549800294e-01
-5.872466747301823276e-01
