-5.312905815305994928e-01
-4.952597898307131707e-01
-4.794052299919413507e-01
-5.125724711331414163e-01
-5.493326839866923272e-01
-5.297723115297841012e-01
-5.710221660199450433e-01
-5.661344994666861474e-01
-5.690317173364447534e-01
-5.483148117425726831e-01
-5.071016010704325616e-01
-4.722187724771784723e-01
-5.766915735664652765e-01
-5.061049145522402704e-01
-5.382560324731158197e-01
-5.528062526943968713e-01
-5.219275784554766595e-01
-4.611948189201640069e-01
-5.720657576682852685e-01
-5.701089409055994928e-01
-5.705331732394980371e-01
-4.943148587706374109e-01
-5.441524405839728296e-01
-5.708583091261671960e-01
-5.491621364715384424e-01
-5.110009592833804071e-01
-5.369736236396120965e-01
-5.025763940873431146e-01
-5.639611055019186914e-01
-5.148946140768813073e-01
-4.937638063791083276e-01
-5.661466960671233117e-01
-5.559240096124695718e-01
-5.766969305339144647e-01
-5.701518935027407586e-01
-4.722759854855822503e-01
-5.478108246686743676e-01
-5.405560341539668023e-01
-5.765551720621870935e-01
-5.768856462898539483e-01
-5.440246631267355859e-01
-5.233271662953185022e-01
-5.763583500745581567e-01
-5.768299122216986596e-01
-5.158351567449854791e-01
-5.483148191931532800e-01
-4.972904157700823724e-01
-5.168751087847041070e-01
-5.523590539458083093e-01
-5.393550601663874566e-01
-5.082503241362856805e-01
-5.766013209584044397e-01
-5.764590111437128961e-01
-5.219168030532883584e-01
-5.484611523213671624e-01
-5.190374386372851312e-01
-5.702564922037409723e-01
-5.263701435985850274e-01
-4.699202907147692621e-01
-5.339499731424139917e-01
-5.758620184722231805e-01
-5.127352774950550973e-01
-5.579890739980029046e-01
-5.221931599887894571e-01
-5.710221660199450433e-01
-5.560634062501477182e-01
-5.767585468354510247e-01
-5.371612329843329370e-01
-5.001525786581324517e-01
-5.765723680022047937e-01
-5.610906892332123697e-01
-5.770597216549204767e-01
-5.398390275302218377e-01
-5.687006507876204431e-01
-5.752094258430289209e-01
-5.757783000233458459e-01
-3.662908953490542352e-01
-5.764277671339796960e-01
-5.634827931287573755e-01
-5.648209770086096704e-01
-5.666924063923644006e-01
-5.047004279556559503e-01
-5.690317173364447534e-01
-4.723737967076586663e-01
-4.731693548026369989e-01
-5.737662819090174615e-01
-5.106530506971167505e-01
-5.186217875095890939e-01
-5.537950248333500802e-01
-5.430397224488543451e-01
-5.087679476353215158e-01
-5.079454910817431390e-01
-5.681782533290671289e-01
-5.314078089657114923e-01
-5.735651646616743982e-01
-5.176051539244936883e-01
-5.226546619894789636e-01
-5.761140194597529351e-01
-5.441524294081019342e-01
5.193233060774518073e-01
-5.528270360889719903e-01
-5.373958629432009637e-01
-5.405743551316546380e-01
-5.365461205008315027e-01
-5.754945260348605096e-01
-5.677093435886191308e-01
-5.690317173364447534e-01
-5.690317173364447534e-01
-5.622526389422701776e-01
-5.611295607748316705e-01
-5.412051399114417016e-01
-5.693265405359553277e-01
-5.035340619149493158e-01
-5.108953566166447580e-01
-5.768613201442049920e-01
-5.331817754420327127e-01
-5.693165269556330621e-01
-5.223729592623995721e-01
-5.493687447967814386e-01
-5.282083508434580743e-01
-5.579596572431611001e-01
-5.590931047561453759e-01
-5.717313122811602533e-01
-4.427194726529406488e-01
-5.710221660199450433e-01
-4.911102485719012201e-01
-5.672227871480273187e-01
-5.767639112534808099e-01
-5.749737751546191156e-01
-4.636039641561793267e-01
-5.023735222282694757e-01
-5.762401801410006463e-01
-4.976027701857375085e-01
-5.764422324362086236e-01
-5.762848575475501001e-01
-5.214502979877280175e-01
-5.516580660703467309e-01
-5.763935540678786218e-01
-5.233512577476786554e-01
-5.406114776494788110e-01
-5.194063485476063669e-01
-5.693265405359553277e-01
-5.707409550311850488e-01
-5.020945650401400506e-01
-5.399867613675879419e-01
-5.772443246903704583e-01
-5.371612329843329370e-01
-5.769130830529021203e-01
-5.717647989156531274e-01
-4.947671499910639703e-01
-4.794052299919413507e-01
-5.371612329843329370e-01
-5.672794823410796106e-01
-5.634827931287573755e-01
-5.081597697797106683e-01
-5.717313122811602533e-01
-4.841073435607241571e-01
-4.933559653225230157e-01
-5.431403462651060998e-01
-5.432666112544821679e-01
-4.847462382974909723e-01
-5.303532966288613260e-01
-5.150600262793587625e-01
-5.192252398344563424e-01
-5.431403462651060998e-01
-4.972356242003725946e-01
-5.305918791207360208e-01
-5.772524644496725976e-01
-5.312905815305994928e-01
-5.768384654882239282e-01
-5.771738235714720666e-01
-5.619491991462992608e-01
-5.221931599887894571e-01
-5.193683263721751153e-01
-5.768578928771304071e-01
-5.367228277834938943e-01
-5.771012102129744470e-01
-5.681247991385744989e-01
-5.620182157370137155e-01
-5.282083508434580743e-01
5.193233060774518073e-01
-5.479216744067954004e-01
-5.386075359645174920e-01
-5.253525041851090371e-01
-5.610430930617140710e-01
-5.371612329843329370e-01
-5.767121669712351739e-01
-5.478057843509005487e-01
-5.324342177125500619e-01
-5.722866413059519708e-01
-5.586177241864489496e-01
-5.768991057637022912e-01
-5.266277809503363549e-01
-5.771413762929724633e-01
-5.702564922037409723e-01
-5.770941172602461755e-01
-5.697160941424654901e-01
-4.914448913994120538e-01
-4.966662843587683618e-01
-4.947805088820742547e-01
-5.053090137305544793e-01
-5.738631431820677697e-01
-5.757138674023436486e-01
-5.424280595841692865e-01
-5.251693055841015756e-01
-5.146291051867293298e-01
-5.499906373086260736e-01
-5.470247474375056207e-01
-5.618424025240229547e-01
-5.658248384359167993e-01
-5.763989296617793023e-01
-5.041889865758704126e-01
-5.082489904823588311e-01
-4.782691058578776300e-01
-5.449172911110209405e-01
-5.768721756401347101e-01
-5.271248520227955758e-01
-5.354252886834429681e-01
-5.641927775802897393e-01
-5.387938563587950647e-01
-4.936838504734324395e-01
-5.701089409055994928e-01
-5.363929943057583749e-01
-5.618424025240229547e-01
-4.862329346003817498e-01
-5.766235646667765558e-01
-5.623593349817084253e-01
-4.943147581877993524e-01
-5.754711014094637811e-01
-5.579746384980963647e-01
-5.138197467538403451e-01
-5.355030578437136590e-01
-4.616804030599879205e-01
-5.716670957269953668e-01
-4.966662843587683618e-01
-5.132805407854603708e-01
-5.347934347453402459e-01
-5.214502979877280175e-01
-5.661466960671233117e-01
-5.737845805349635064e-01
-5.696610771926926553e-01
-4.753889870705889642e-01
-5.763181132140444696e-01
-5.414133240344809472e-01
-4.844452795448588311e-01
-5.770037901463793695e-01
-5.674327333333777368e-01
-5.208288860383318841e-01
-5.750172604682730615e-01
-5.722866413059519708e-01
-3.662908953490542352e-01
-5.241091457071589410e-01
-5.770850871565627038e-01
-5.432614181998061120e-01
-5.697160941424654901e-01
-5.504517109009312570e-01
-4.753889870705889642e-01
-5.477978718343066156e-01
-5.745833200278567254e-01
-5.140203741255091607e-01
-5.280425381722735345e-01
-5.646915976765440881e-01
-5.766433981123255670e-01
-5.750359577002810418e-01
-5.679120068314360559e-01
-5.626547244253443658e-01
-5.763059501412199914e-01
-5.264680498155640542e-01
-5.188901667359160363e-01
-5.761028026106642663e-01
-5.275641103151129663e-01
-5.763257984879301965e-01
-5.713260752024935663e-01
-5.759991650345610559e-01
-5.044532586696433007e-01
-5.765913632574366510e-01
-4.922881108584689080e-01
-5.766915474894331872e-01
-5.769686159553812921e-01
-5.761013422968672693e-01
-5.763720963957594812e-01
-5.750775989952372491e-01
-5.130125080111311853e-01
-5.265724846037911355e-01
-5.762848575475501001e-01
-5.665931125047491967e-01
-5.264486149760769784e-01
-5.223148410084532678e-01
-5.726917070212649286e-01
-5.054815244736956537e-01
-5.270083826842593133e-01
-4.794052299919413507e-01
-5.648209770086096704e-01
-5.501496680888222635e-01
-5.449134354355620324e-01
-5.427429006310986459e-01
-5.772411134901331842e-01
-5.761140194597529351e-01
-5.108278077903078973e-01
-5.768315588000105798e-01
-5.769723151686476648e-01
-5.750621837439822137e-01
-5.040572118821429193e-01
-5.504294467034624994e-01
-5.766915474894331872e-01
-4.737399947705553949e-01
-4.833988864782141626e-01
-5.705331732394980371e-01
-5.009286460342692315e-01
-5.665931125047491967e-01
-5.516580660703467309e-01
-5.687006507876204431e-01
-5.636816342237280786e-01
-5.768102166118906915e-01
-5.176815596285151422e-01
-5.133838710251139581e-01
-5.239894186022566736e-01
-5.349003952803896844e-01
-5.746932272675322473e-01
-5.701089409055994928e-01
