-5.312804737140911504e-01
-4.951929755634612018e-01
-4.791662216914286399e-01
-5.125512956319200342e-01
-5.493780267206438417e-01
-5.298147432547031244e-01
-5.710489262453983805e-01
-5.661418410134864132e-01
-5.690189074231049027e-01
-5.483674888118729163e-01
-5.071818279641266969e-01
-4.721979907012681665e-01
-5.766945495499605778e-01
-5.060679765005353659e-01
-5.382888079269805282e-01
-5.529187327711725386e-01
-5.218249691526830603e-01
-4.611491320771595182e-01
-5.720526477096302687e-01
-5.701119692954684792e-01
-5.705257983874142402e-01
-4.942778300289647486e-01
-5.441867770024513273e-01
-5.708450882844392504e-01
-5.491693763605517420e-01
-5.110335701533481600e-01
-5.370026379870668221e-01
-5.025535192798684658e-01
-5.640066356538789849e-01
-5.149546746397225538e-01
-4.937580773062290040e-01
-5.661609363381269189e-01
-5.559628610852839214e-01
-5.767016150352649584e-01
-5.701092554816503677e-01
-4.722833995275508845e-01
-5.478883239875123046e-01
-5.406104828225356540e-01
-5.765507886396177284e-01
-5.768887673666481808e-01
-5.441022874604430903e-01
-5.232599475858445981e-01
-5.763587319261783692e-01
-5.768358768791989055e-01
-5.158456373887169155e-01
-5.483674888118729163e-01
-4.972865658016178414e-01
-5.168975083281857064e-01
-5.523598133599565418e-01
-5.393092333677828032e-01
-5.083005314768090921e-01
-5.766038023709464388e-01
-5.764627228895015110e-01
-5.220903865640549313e-01
-5.484773700874827629e-01
-5.190684172910821070e-01
-5.702693506077648467e-01
-5.263823981479502923e-01
-4.697737038282883693e-01
-5.339192699104431394e-01
-5.758587971055239008e-01
-5.126265163043652873e-01
-5.579757158404039519e-01
-5.222101749776575375e-01
-5.710489262453983805e-01
-5.560467836877458492e-01
-5.767592094579270245e-01
-5.372320444744087542e-01
-5.001431171457042524e-01
-5.765726962060148120e-01
-5.611207378793821032e-01
-5.770616365055305508e-01
-5.398724086325099591e-01
-5.687047063549910408e-01
-5.752049527927147743e-01
-5.757795418573470325e-01
-3.663639678819763379e-01
-5.764312044708486127e-01
-5.634773944178201877e-01
-5.648155299599039170e-01
-5.667047622595036138e-01
-5.046593003222188401e-01
-5.690189074231049027e-01
-4.724359482967870894e-01
-4.729396775863672353e-01
-5.737558703669231042e-01
-5.107102594975103660e-01
-5.186338070658614852e-01
-5.537606097766510915e-01
-5.430617767167827958e-01
-5.088763286854345314e-01
-5.079424438519754004e-01
-5.681731139297959698e-01
-5.314455223463047107e-01
-5.735525329205611866e-01
-5.175606471635173511e-01
-5.226937882884554742e-01
-5.761161225154197707e-01
-5.441867770024513273e-01
5.193730420589576235e-01
-5.528061670277610862e-01
-5.374678485296333630e-01
-5.405709087943868507e-01
-5.364382960372312548e-01
-5.755042453458625307e-01
-5.677104817690962202e-01
-5.690189074231049027e-01
-5.690189074231049027e-01
-5.622581180720263028e-01
-5.611214237398124416e-01
-5.413038003155620226e-01
-5.693229595944379051e-01
-5.036535417096150713e-01
-5.109417984562070192e-01
-5.768661504078580471e-01
-5.332106679787502745e-01
-5.693296115530703805e-01
-5.224293647292908016e-01
-5.493582547135610339e-01
-5.282532544153718534e-01
-5.579741042327213130e-01
-5.591285173806841424e-01
-5.717445417296104226e-01
-4.426882279180200941e-01
-5.710489262453983805e-01
-4.911407005216429367e-01
-5.672213541107531398e-01
-5.767649541752924991e-01
-5.749823562858541459e-01
-4.639919261063439881e-01
-5.024802924468291243e-01
-5.762436950507596745e-01
-4.976672200022315140e-01
-5.764407646461573442e-01
-5.762887474025343293e-01
-5.215460966560870881e-01
-5.516202786980908268e-01
-5.763923556001475657e-01
-5.234556696553086530e-01
-5.405786030102008866e-01
-5.194454106986591269e-01
-5.693229595944379051e-01
-5.707076771750148048e-01
-5.020714475868152116e-01
-5.399924565408856791e-01
-5.772476212318522482e-01
-5.372320444744087542e-01
-5.769153233352950494e-01
-5.717628945088131243e-01
-4.950331471261034677e-01
-4.791662216914286399e-01
-5.372320444744087542e-01
-5.672480046702972345e-01
-5.634773944178201877e-01
-5.082402277613665698e-01
-5.717445417296104226e-01
-4.840126665061251776e-01
-4.933508717599262017e-01
-5.431927774263878295e-01
-5.432644061167458682e-01
-4.847059333422132910e-01
-5.304206904760560004e-01
-5.150629212356068187e-01
-5.193586452665097664e-01
-5.431927774263878295e-01
-4.972566979246632046e-01
-5.306126347595561121e-01
-5.772517925054938548e-01
-5.312804737140911504e-01
-5.768430334234373458e-01
-5.771701100712056665e-01
-5.618966388339599050e-01
-5.222101749776575375e-01
-5.194642531455497814e-01
-5.768607366401709013e-01
-5.367372295746262179e-01
-5.771014857374596740e-01
-5.681295233608968376e-01
-5.620369920999881419e-01
-5.282532544153718534e-01
5.193730420589576235e-01
-5.478466788550342415e-01
-5.386513711371926361e-01
-5.253991831692548242e-01
-5.610644897276656495e-01
-5.372320444744087542e-01
-5.767148869425486879e-01
-5.478214176933322577e-01
-5.324244318695068312e-01
-5.722791458773525131e-01
-5.586895718449210735e-01
-5.768916758762951957e-01
-5.266437739736089529e-01
-5.771400788053646647e-01
-5.702693506077648467e-01
-5.770960035148899880e-01
-5.697123751540190684e-01
-4.914351578046697311e-01
-4.965427949331864821e-01
-4.946354404821596829e-01
-5.053206881039217224e-01
-5.738684001273423041e-01
-5.757189761380649973e-01
-5.424679216347050303e-01
-5.251709748318746929e-01
-5.146471740602142075e-01
-5.498839582084457112e-01
-5.470640062229158440e-01
-5.618538871443271576e-01
-5.657897907948202798e-01
-5.763961227811277288e-01
-5.042566355322786187e-01
-5.082968198988228048e-01
-4.782141251526503267e-01
-5.448955498299938860e-01
-5.768754324263732913e-01
-5.271364646971331558e-01
-5.354263819845600514e-01
-5.641937151453112476e-01
-5.387436982858910817e-01
-4.936467417498182630e-01
-5.701119692954684792e-01
-5.364266974745356409e-01
-5.618538871443271576e-01
-4.861138167871685289e-01
-5.766194463433795825e-01
-5.623916484955663320e-01
-4.942367442129956268e-01
-5.754692852879998988e-01
-5.579148920883604257e-01
-5.138423114949145498e-01
-5.355457991174856769e-01
-4.618281413966711102e-01
-5.716619643130677053e-01
-4.965427949331864821e-01
-5.133193892707884620e-01
-5.347782715081580429e-01
-5.215460966560870881e-01
-5.661609363381269189e-01
-5.737819583109394772e-01
-5.696867111446961562e-01
-4.752583180414096109e-01
-5.763235768454668673e-01
-5.413575898762834626e-01
-4.844475395211587654e-01
-5.770070253934492799e-01
-5.674122598931112815e-01
-5.208203906381205783e-01
-5.750178292383459899e-01
-5.722791458773525131e-01
-3.663639678819763379e-01
-5.241884337365971813e-01
-5.770856941111817129e-01
-5.433100354090331097e-01
-5.697123751540190684e-01
-5.504968595002157628e-01
-4.752583180414096109e-01
-5.478035500187158346e-01
-5.745952286313977808e-01
-5.140143074865031192e-01
-5.280339207448443428e-01
-5.647072715720324876e-01
-5.766464588416195802e-01
-5.750281487630167776e-01
-5.679701004601926950e-01
-5.626743730720739078e-01
-5.763089500512602603e-01
-5.265134753585035687e-01
-5.189545640856854103e-01
-5.761056252428855551e-01
-5.275287008454656590e-01
-5.763255004829660466e-01
-5.713529138327688717e-01
-5.760001774667301566e-01
-5.044469601790833035e-01
-5.765953765067397541e-01
-4.921898554313115515e-01
-5.766909772778014975e-01
-5.769669387587534892e-01
-5.761042792939576884e-01
-5.763723605782085091e-01
-5.750780128208899944e-01
-5.130955834058739118e-01
-5.265878111436794740e-01
-5.762887474025343293e-01
-5.665916647774870141e-01
-5.264861702814536137e-01
-5.222984199786327997e-01
-5.726977153824951428e-01
-5.055000619335583423e-01
-5.270162645338394292e-01
-4.791662216914286399e-01
-5.648155299599039170e-01
-5.501253224221993587e-01
-5.448298471229011675e-01
-5.427486205098455141e-01
-5.772411131810863960e-01
-5.761161225154197707e-01
-5.108805203835038444e-01
-5.768286071840765805e-01
-5.769752236190509587e-01
-5.750586875064273018e-01
-5.040124128628216127e-01
-5.504034315714115833e-01
-5.766909772778014975e-01
-4.738187962278817555e-01
-4.834509681721799734e-01
-5.705257983874142402e-01
-5.009351906962467016e-01
-5.665916647774870141e-01
-5.516202786980908268e-01
-5.687047063549910408e-01
-5.636960046358600041e-01
-5.768121631122904436e-01
-5.177773641311042008e-01
-5.134102736346328744e-01
-5.240550957018976774e-01
-5.348698531934779066e-01
-5.746993115146616926e-01
-5.701119692954684792e-01
