-7.697355641351325550e-01
-7.757017805296537727e-01
-7.675582034304019308e-01
-7.563342489981739192e-01
-7.641271110316812942e-01
-7.582126929364646495e-01
-7.786696198692153459e-01
-7.634523512327038297e-01
-7.750318180208123353e-01
-7.677732204703698882e-01
-7.762472574996581720e-01
-7.757429449275220490e-01
-7.602329496506065043e-01
-7.739699064614113944e-01
-7.786770296472421693e-01
-7.784324734900501808e-01
-7.784446516942564731e-01
-7.667057396304427508e-01
-7.764900434102840476e-01
-7.643316970030286095e-01
-7.747420024830511398e-01
-7.784235089532846041e-01
-7.762443079940305468e-01
-7.780153471507542662e-01
-7.757748417058414336e-01
-7.559230052351509910e-01
-7.767068487258025344e-01
-7.699711954394808933e-01
-7.784316158007431596e-01
-7.709706759591382630e-01
-7.636467919202351018e-01
-7.778500522667670669e-01
-7.599922027863528218e-01
-7.632176929895588824e-01
-7.442578931319493440e-01
-7.754822453293314100e-01
-7.775270980406780996e-01
-7.713817195833235774e-01
-7.464370967451636751e-01
-7.718641889020527724e-01
-7.637301040841858457e-01
-7.713357911982884341e-01
-7.704683828393782408e-01
-7.718291127442722388e-01
-7.718480731270365158e-01
-7.682702823173531703e-01
-7.780710534989219163e-01
-7.469452018692678275e-01
-7.785319698289892010e-01
-7.631733796031978656e-01
-7.703695956168578052e-01
-7.757658925590497079e-01
-7.785604880540397676e-01
-7.750086835374433436e-01
-7.536601970362056813e-01
-7.786083535685189849e-01
-7.587074012243123500e-01
-7.760707334677401370e-01
-7.746225081342295038e-01
-7.782944726411171743e-01
-7.786012466062252058e-01
-7.483118911743957824e-01
-7.754344028398287847e-01
-7.604581631003436426e-01
-7.560291937986921562e-01
-7.776941095742686549e-01
-7.785878541150194065e-01
-7.783742492739074148e-01
-7.760257354489362713e-01
-7.762057339760735086e-01
-7.770739782073494695e-01
-7.783855142938436167e-01
-7.756749325502610981e-01
-7.730926760673939580e-01
-7.731750527390918171e-01
-7.550833795168646612e-01
-7.780407001793336885e-01
-7.781153495952626287e-01
-7.776919701870079749e-01
-7.591318870297076860e-01
-7.777596259805596990e-01
-7.782099693911306293e-01
-7.706996200922657803e-01
-7.629025787821381854e-01
-7.783152464633963374e-01
-7.749422185239396299e-01
-7.774109448451701487e-01
-7.773979342356177602e-01
-7.687531989397119458e-01
-7.786650185888998044e-01
-7.779165527892459853e-01
-7.666633915775308283e-01
-7.786221549024174848e-01
-7.759998014368026942e-01
-7.755073721381114948e-01
-7.746497698122736253e-01
-7.785712498753766253e-01
-7.762116069523535833e-01
-7.746544398205191806e-01
-7.773372666684439380e-01
-7.675089576620475196e-01
-7.785917164269087198e-01
-7.779295147508187291e-01
-7.743628655581729081e-01
-7.750158944906239133e-01
-7.782324556670343618e-01
-7.771243204728319753e-01
-7.785476119133980522e-01
-7.681135161154964974e-01
-7.619893266641056817e-01
-7.781007085120530409e-01
-7.786517762905618145e-01
-7.554719988041013190e-01
-7.684804165792427089e-01
-7.781796128435491955e-01
-7.736648965338963624e-01
-7.746592848376302465e-01
-7.786640448466843889e-01
-7.781517264279864676e-01
-7.730693001932126274e-01
-7.603227991062933011e-01
-7.604027404259598999e-01
-7.430998394149125330e-01
-7.700786479070105273e-01
-7.774905345971004911e-01
-7.765303207398593921e-01
-7.574554578568614138e-01
-7.735314512412939658e-01
-7.759118693165890646e-01
-7.769330566977595831e-01
-7.748045447557262433e-01
-7.723777462237445546e-01
-7.746321712244369495e-01
-7.722553211892834168e-01
-7.648593213023953119e-01
-7.718362810455108303e-01
-7.777200893623705813e-01
-7.785891693329418661e-01
-7.772777996633236652e-01
-7.642276782437505966e-01
-7.778771976499204710e-01
-7.730152128667517886e-01
-7.293027878354687576e-01
-7.559778568329845738e-01
-7.701274913717065518e-01
-7.737424575174753905e-01
-7.786358881753580041e-01
-7.778900330016050857e-01
-7.779460479115182236e-01
-7.728751597014464902e-01
-7.783577336472000674e-01
-7.736612553518233959e-01
-7.652868912433095083e-01
-7.763905972633043939e-01
-7.752748522782311191e-01
-7.694345406133651366e-01
-7.516945335171139053e-01
-7.774608276320253974e-01
-7.755528471155050951e-01
-7.733916079398180932e-01
-7.784088558810685621e-01
-7.782726481936866891e-01
-7.658857501843695514e-01
-7.541597224141857181e-01
-7.653224015647202005e-01
-7.689033206048900837e-01
-7.786096758364406956e-01
-7.740488813488632935e-01
-7.782005763616857141e-01
-7.572618540046793800e-01
-7.760728465930214481e-01
-7.781431539968939326e-01
-7.775769675915539247e-01
-7.785199603426502524e-01
-7.755484760330301208e-01
-7.725072341635598194e-01
-7.635379599367995151e-01
-7.749758238608903671e-01
-7.786218701496325778e-01
-7.760885361504006319e-01
-7.786838269537829094e-01
-7.766986914213521720e-01
-7.763825180898146217e-01
-7.445019551595327689e-01
-7.590185442989189069e-01
-7.668312035284845507e-01
-7.638938236834058593e-01
-7.633943543363649331e-01
-7.566415537908585121e-01
-7.783853360179904257e-01
-7.782930776832257536e-01
-7.704209010755909137e-01
-7.780071831823278661e-01
-7.781981225746661401e-01
-7.786305430806614858e-01
-7.715568808803804357e-01
-7.755906309511174657e-01
-7.679911511409759362e-01
-7.678673223296298422e-01
-7.597646162474899212e-01
-7.760337974754518697e-01
-7.651744316778054111e-01
-7.747178967934486016e-01
-7.782323317001357266e-01
-7.783157236990123629e-01
-7.743068547702569582e-01
-7.737079832652198341e-01
-7.584722494385803815e-01
-7.777524232753526556e-01
-7.600094298614780142e-01
-7.779756007757434588e-01
-7.574218799078721309e-01
-7.597422051715319036e-01
-7.564214956529617950e-01
-7.782292305266114152e-01
-7.699944285858072446e-01
-7.733400951052900041e-01
-7.757712047497891117e-01
-7.717445877443057656e-01
-7.687350489423080413e-01
-7.780692185153992302e-01
-7.741934540575222679e-01
-7.702334787094227142e-01
-7.658399924121893632e-01
-7.548430142532875919e-01
-7.685653864528413370e-01
-7.778255928174625522e-01
-7.726872900126346977e-01
-7.690620156221655845e-01
-7.730786696036674455e-01
-7.785596531426964839e-01
-7.786010785873609397e-01
-7.784757458802430419e-01
-7.744823517110327460e-01
-7.786009807544587158e-01
-7.785542383510614117e-01
-7.712114927053274060e-01
-7.742497446202215583e-01
-7.786472351912346879e-01
-7.747361468677604890e-01
-7.740657582712827667e-01
-7.725767462666195406e-01
-7.784096950493836209e-01
-7.672754921669249217e-01
-7.782566273995700223e-01
-7.654058728065560313e-01
-7.748124562703692098e-01
-7.726056225823537682e-01
-7.783568189839507045e-01
-7.744850407898550282e-01
-7.473021511449883247e-01
-7.769265058400114388e-01
-7.786143033067152164e-01
-7.777287544803914709e-01
-7.698621675802332920e-01
-7.775693176827048747e-01
-7.779011034516774004e-01
-7.776640374584775639e-01
-7.611698765175739512e-01
-7.698442394716752402e-01
-7.715526160418076929e-01
-7.781281917889282251e-01
-7.782264663078416467e-01
-7.781914928659794395e-01
-7.641047855946417888e-01
-7.768767621900449782e-01
-7.733747716103882563e-01
-7.743479310441849783e-01
-7.761683507531713655e-01
-7.686064320208316758e-01
