-5.722611073275003513e-01
-5.819248987232241710e-01
-5.769655603785905917e-01
-5.825965853278431972e-01
-5.811788618435058673e-01
-5.751546967645082553e-01
-5.683503953610453685e-01
-5.788189397995266994e-01
-5.749479589854273875e-01
-5.799244383220467647e-01
-5.722738422323856433e-01
-5.826194548849854549e-01
-5.794463299085292896e-01
-5.782174218316469272e-01
-5.763806227465066989e-01
-5.736859330777916988e-01
-5.716544894372019847e-01
-5.818793905769381603e-01
-5.799959881101641734e-01
-5.826549894978199085e-01
-5.729921638836059650e-01
-5.729306854178104480e-01
-5.765180105213913997e-01
-5.793400408570561488e-01
-5.734034471084270557e-01
-5.823543818537983974e-01
-5.771204234902653774e-01
-5.754609761630091747e-01
-5.723778989036474307e-01
-5.808001134415063937e-01
-5.810054058079514583e-01
-5.762578679119143565e-01
-5.798320725430641254e-01
-5.826275154818687518e-01
-5.826342675705347141e-01
-5.716085146983060916e-01
-5.752329781521949847e-01
-5.713236044962797244e-01
-5.756533473600540241e-01
-5.710096444805059512e-01
-5.798429699485097011e-01
-5.726177470629010280e-01
-5.758468007539305766e-01
-5.799897221718821605e-01
-5.792736887802276691e-01
-5.738246694077644428e-01
-5.702370490749273380e-01
-5.823989167679939349e-01
-5.807907760013732990e-01
-5.820441946257743915e-01
-5.809238117058668216e-01
-5.805576557163987239e-01
-5.707583196331653674e-01
-5.807635683436784824e-01
-5.826608735938463290e-01
-5.659734319765958865e-01
-5.755187703166995128e-01
-5.821819446851406177e-01
-5.825033953283820232e-01
-5.806856436525378307e-01
-5.808078396935854038e-01
-5.728706737850699504e-01
-5.824105657507572253e-01
-5.688857037444505771e-01
-5.787287095432076534e-01
-5.823756765444669803e-01
-5.811608211939129909e-01
-5.826285231728944858e-01
-5.820643139873538097e-01
-5.810448650141153415e-01
-5.746491851155552943e-01
-5.763549340759310802e-01
-5.826688941438589175e-01
-5.754367245231661876e-01
-5.784184887875709613e-01
-5.698932718356046756e-01
-5.822540830691251834e-01
-5.826900770758185466e-01
-5.796310381834302028e-01
-5.676663948093447765e-01
-5.796908365433011134e-01
-5.793553005774412235e-01
-5.823734674473199924e-01
-5.826997563113365253e-01
-5.825850536917243083e-01
-5.727993260939512332e-01
-5.715500062202010234e-01
-5.706963661928567966e-01
-5.728866990526113590e-01
-5.823500800748262485e-01
-5.818698463831935008e-01
-5.700231103096995433e-01
-5.811470692847762187e-01
-5.801808593665156444e-01
-5.826562523712310870e-01
-5.703521810342464526e-01
-5.787156430874857982e-01
-5.806096700821909984e-01
-5.788117127363476833e-01
-5.708395495881233295e-01
-5.725652307142410358e-01
-5.736589237918052753e-01
-5.676516305525693973e-01
-5.689116541166696628e-01
-5.826564945151004871e-01
-5.820878177751693805e-01
-5.825912851710710605e-01
-5.825234485660586436e-01
-5.820747662206087192e-01
-5.822647485752496799e-01
-5.657945500557217677e-01
-5.775182770435605129e-01
-5.775537613649759372e-01
-5.796688573305401881e-01
-5.822894230355415424e-01
-5.667966252063307842e-01
-5.824926506598386844e-01
-5.776189641897473415e-01
-5.824032418300304492e-01
-5.753423554693255504e-01
-5.755239130799565395e-01
-5.815242111553344806e-01
-5.820436619092617114e-01
-5.815645821262989124e-01
-5.707522138823661884e-01
-5.760493624825868686e-01
-5.824357338120136340e-01
-5.808454828207287868e-01
-5.784326374401245197e-01
-5.824577092994842609e-01
-5.807075297330412944e-01
-5.741122310851607402e-01
-5.790883267168793758e-01
-5.790447641034517368e-01
-5.793911443893704494e-01
-5.792604211588296970e-01
-5.804988240693602641e-01
-5.802462652196083148e-01
-5.826528251041565021e-01
-5.824969766531977733e-01
-5.798076430206093868e-01
-5.680388111491594394e-01
-5.823523776476178249e-01
-5.811892647166643222e-01
-5.760718725492153247e-01
-5.826267769430670818e-01
-5.806733716149721225e-01
-5.806461658199224551e-01
-5.826597457622084697e-01
-5.826581224669609149e-01
-5.826180448626074870e-01
-5.787785222624335368e-01
-5.826303010676894267e-01
-5.806253963951859554e-01
-5.746658837293181499e-01
-5.743680300061497768e-01
-5.802969589699897845e-01
-5.697633150835428317e-01
-5.797457128633651813e-01
-5.747479006518516620e-01
-5.803612481673154910e-01
-5.743399636690411647e-01
-5.726308293511066516e-01
-5.826486658175382694e-01
-5.774614803363475879e-01
-5.818675739561114391e-01
-5.670919233803544124e-01
-5.814998347182664951e-01
-5.783625740428361972e-01
-5.823721216861996730e-01
-5.824343507979903301e-01
-5.821836629752907832e-01
-5.801049267743620952e-01
-5.822684030850324710e-01
-5.822920027990732272e-01
-5.801801217590365489e-01
-5.770219882820639690e-01
-5.826531175394449313e-01
-5.826455877964291652e-01
-5.820908631999883731e-01
