-5.722594385102084402e-01
-5.819249661806241702e-01
-5.769630469818596286e-01
-5.825961016155075667e-01
-5.811788125721139009e-01
-5.751518675424603932e-01
-5.683485188846211233e-01
-5.788186892314822751e-01
-5.749496780231779791e-01
-5.799253245078831442e-01
-5.722721802099630661e-01
-5.826192057549175463e-01
-5.794469212598941654e-01
-5.782184759985213862e-01
-5.763782672294828213e-01
-5.736842631435496997e-01
-5.716554277673010498e-01
-5.818794695752365076e-01
-5.799934087421025897e-01
-5.826547738572900315e-01
-5.729924931872689697e-01
-5.729283429418886575e-01
-5.765201641322754700e-01
-5.793376754368213533e-01
-5.733999748133369323e-01
-5.823541745732054853e-01
-5.771204776901661671e-01
-5.754594927698795104e-01
-5.723746952754621420e-01
-5.808012729819451714e-01
-5.810061160990983575e-01
-5.762543905301670266e-01
-5.798330208771782512e-01
-5.826271010555708063e-01
-5.826340099479977441e-01
-5.716063364538169767e-01
-5.752290932573019822e-01
-5.713220154806292195e-01
-5.756547273767663730e-01
-5.710071262450399088e-01
-5.798415174283362283e-01
-5.726193920385318492e-01
-5.758458058109937605e-01
-5.799897731670172751e-01
-5.792722706924586795e-01
-5.738229657889241109e-01
-5.702406516858872232e-01
-5.823990532530850528e-01
-5.807896293593228787e-01
-5.820436088371431227e-01
-5.809241862620293517e-01
-5.805565727558776867e-01
-5.707529506795985252e-01
-5.807625827470866975e-01
-5.826602924708593756e-01
-5.659768414312911222e-01
-5.755191248348965338e-01
-5.821817822989507896e-01
-5.825033423091674489e-01
-5.806838446894485584e-01
-5.808064550137803650e-01
-5.728694432352947619e-01
-5.824099363713305388e-01
-5.688842745364683928e-01
-5.787289745566768229e-01
-5.823748725245455615e-01
-5.811617113058684669e-01
-5.826281037317595501e-01
-5.820635259091109237e-01
-5.810434447150589765e-01
-5.746448036095255230e-01
-5.763565763229382410e-01
-5.826683913173289486e-01
-5.754346448708830275e-01
-5.784162492183581028e-01
-5.698888459770151682e-01
-5.822539641388516651e-01
-5.826899089080168626e-01
-5.796318199360895873e-01
-5.676641869283629571e-01
-5.796901732491318571e-01
-5.793544246153415900e-01
-5.823727962282279069e-01
-5.826994471023484445e-01
-5.825847460486537344e-01
-5.728011348782706680e-01
-5.715534590313622321e-01
-5.707022049504407724e-01
-5.728900441787148079e-01
-5.823501364504617417e-01
-5.818697303010820221e-01
-5.700256824228879804e-01
-5.811466714469845085e-01
-5.801805640664741137e-01
-5.826557036055484140e-01
-5.703513455137978472e-01
-5.787179977235189510e-01
-5.806111316189658256e-01
-5.788094445689254686e-01
-5.708340251683553523e-01
-5.725678449690165817e-01
-5.736613729469641765e-01
-5.676575122477288682e-01
-5.689115756454956596e-01
-5.826561044872272666e-01
-5.820880341323885210e-01
-5.825910006546146658e-01
-5.825227144265736623e-01
-5.820741161955935716e-01
-5.822645532353325493e-01
-5.657917139272796714e-01
-5.775187167866679960e-01
-5.775500719284303308e-01
-5.796669635438188584e-01
-5.822894700822852654e-01
-5.667898365320244158e-01
-5.824919137873544317e-01
-5.776205533217182442e-01
-5.824027890360879978e-01
-5.753440890167578203e-01
-5.755267066107953022e-01
-5.815242776850844120e-01
-5.820432772274135580e-01
-5.815647963714799529e-01
-5.707569126144161897e-01
-5.760494550440956596e-01
-5.824356437706497136e-01
-5.808448326048856192e-01
-5.784312165193054023e-01
-5.824570560194116675e-01
-5.807082319288257022e-01
-5.741082685083148673e-01
-5.790864847309709074e-01
-5.790460599025055721e-01
-5.793895262370917232e-01
-5.792588022942892767e-01
-5.804971920986691236e-01
-5.802458719059169212e-01
-5.826524264051791135e-01
-5.824967245124926807e-01
-5.798048981578017846e-01
-5.680410509320721335e-01
-5.823524997765534561e-01
-5.811877721948977005e-01
-5.760691782192250976e-01
-5.826262523652518954e-01
-5.806726562724520146e-01
-5.806447087839429200e-01
-5.826593544136061675e-01
-5.826578447388244264e-01
-5.826177839010582282e-01
-5.787768626331435406e-01
-5.826298374843686956e-01
-5.806256454742860784e-01
-5.746642733268612080e-01
-5.743682278411121889e-01
-5.802952747321558080e-01
-5.697616163673997480e-01
-5.797461638680810880e-01
-5.747504533305034524e-01
-5.803602746498527365e-01
-5.743423184189671016e-01
-5.726285431381612501e-01
-5.826482272715630684e-01
-5.774607507963268604e-01
-5.818668756523784902e-01
-5.670877221022926351e-01
-5.814984857648421990e-01
-5.783634918088196297e-01
-5.823723062256187522e-01
-5.824337215301902404e-01
-5.821832436057773341e-01
-5.801047137815231736e-01
-5.822680876814952944e-01
-5.822918170493942558e-01
-5.801790638336893347e-01
-5.770216849186665664e-01
-5.826528783118144483e-01
-5.826451279220574708e-01
-5.820907128022371202e-01
