-8.102101089641911003e-01
-8.107675703035510661e-01
-8.097855128958680870e-01
-8.068281039279422417e-01
-7.895954769763525727e-01
-8.103621435038314003e-01
-8.090189256398111484e-01
-8.094176292159350750e-01
-7.871623238474917406e-01
-8.033070443586114440e-01
-7.739649228054314989e-01
-8.051883255825985630e-01
-8.107570579429949076e-01
-8.030292998931185533e-01
-7.842409816435129688e-01
-8.107330354623419888e-01
-7.977951791834166917e-01
-8.100538013049787267e-01
-8.107830150831054628e-01
-8.056065553530047385e-01
-8.072915911969187341e-01
-8.001032005639626687e-01
-8.000364606486873864e-01
-7.828170186954968024e-01
-7.893511285179962700e-01
-8.101489903733586351e-01
-8.107146666861351214e-01
-7.926156244737866396e-01
-7.609692372270548955e-01
-8.073296105603475770e-01
-8.066725725681036518e-01
-8.104233825725447593e-01
-8.072189863953692646e-01
-8.071048161302564194e-01
-7.753556146362325929e-01
-7.790733831542865362e-01
-8.029624392189288473e-01
-8.039190373310800553e-01
-8.107647981837797779e-01
-8.102642431686142288e-01
-8.094265131557893955e-01
-7.758135052367497453e-01
-8.010005967867805943e-01
-7.855053880839439895e-01
-8.058371429914397144e-01
-7.856607440829145306e-01
-8.063662624356262576e-01
-8.053555379130171721e-01
-7.953405428338582439e-01
-8.074246083068938873e-01
-8.085346930134998944e-01
-7.983793377103143296e-01
-8.107453908503833295e-01
-7.922117104208635796e-01
-7.977274969598848742e-01
-7.845222193061780480e-01
-8.107668659521135579e-01
-8.099723933694708000e-01
-8.102597818682029107e-01
-8.060158628776032952e-01
-8.103898688314989940e-01
-8.013777175572783795e-01
-7.904134682120486088e-01
-8.014807798233202218e-01
-7.836756324174813937e-01
-8.058412278951569974e-01
-8.080450735015568542e-01
-8.058129645918870043e-01
-7.921339447214470475e-01
-7.767813575278397220e-01
-8.097608362327440856e-01
-8.029155160266895352e-01
-8.099342542181828808e-01
-8.032167826772270702e-01
-8.103847962865942112e-01
-8.059030113944355422e-01
-7.949980476494725723e-01
-8.071103614977704899e-01
-8.027457088013472131e-01
-8.036730104480719339e-01
-7.797574054357918616e-01
-7.929980646540184530e-01
-8.093746820815052034e-01
-7.917692606549422418e-01
-7.641407627286836979e-01
-7.974349103353670642e-01
-7.820239275507482324e-01
-8.061177838425702680e-01
-7.971892633630536240e-01
-8.046034268383118748e-01
-7.276631966139768259e-01
-7.938103174103406934e-01
-8.107334988529586450e-01
-8.107091359505601558e-01
-8.001843257876755100e-01
-8.074798476084213972e-01
-7.943639385208081105e-01
-8.053072781848568118e-01
-7.809380922705980721e-01
-7.990636399935786560e-01
-8.071193224735544458e-01
-8.052743636313419717e-01
-7.955602481010266569e-01
-8.063765376283493769e-01
-7.773835873411794051e-01
-7.768175171837490289e-01
-8.095378876871713869e-01
-8.058779552655866985e-01
-7.770513778715377740e-01
-8.107447074489405603e-01
-8.101082285031685482e-01
-8.104647346742510639e-01
-8.097637008484215304e-01
-7.853746908161165496e-01
-8.091120664798521211e-01
-7.949612663400817958e-01
-8.098693171594369966e-01
-8.103928317751274424e-01
-8.104057656597117854e-01
-8.080185276429017183e-01
-7.784327632338402525e-01
-8.107333766140700781e-01
-7.966631432064430474e-01
-8.001405909978732689e-01
-8.013548820046537680e-01
-7.802509964285443411e-01
-7.802162914154998630e-01
-7.883492679252657176e-01
-7.907149658124078551e-01
-8.073765494335704007e-01
-7.819351473641853456e-01
-8.032436167166351337e-01
-8.103160940468737694e-01
-7.720906255398229945e-01
-8.069263713088629109e-01
-7.983527118137172529e-01
-8.107344112242262923e-01
-7.831870067907146238e-01
-8.073367676205818189e-01
-8.062836998400551014e-01
-7.844815062289467456e-01
-8.096075848780803774e-01
-8.033019354227213249e-01
-7.668580609938859816e-01
-8.107220939121499992e-01
-7.950529074893395443e-01
-8.107567356602539688e-01
-7.541881966282696359e-01
-8.099541295181726941e-01
-8.043030636900263541e-01
-8.095658980616179390e-01
-8.097159988788352747e-01
-7.867400733773047827e-01
-7.766727328862634838e-01
-7.746986422359547486e-01
-8.060162545883000629e-01
-7.568277130870593172e-01
-7.933402605426402854e-01
-8.062818233695671077e-01
-8.090188585048601055e-01
-8.051638894372580291e-01
-8.106840600007397812e-01
-8.061528205303873929e-01
-7.822145687313256657e-01
-8.107456986661448761e-01
-8.021576903915628165e-01
-8.103085855899165857e-01
-8.107260348929655747e-01
-7.847949910256530881e-01
-8.066470439426424166e-01
-8.107435558228638373e-01
-8.098430789985647804e-01
-8.000326739587206859e-01
-7.893462457979264491e-01
-8.006246537603263214e-01
-7.848748049494297385e-01
-8.107900676834381981e-01
-8.094206570985130744e-01
-8.096792674163931780e-01
-8.107450147846881894e-01
-7.638729928541733161e-01
-8.064551175050908016e-01
-7.978524752293014721e-01
-7.587666994696014022e-01
-8.049933961204739363e-01
-8.031513635978752008e-01
-8.023539168396661703e-01
-8.107410050999307449e-01
-8.048771892629744684e-01
-7.770289701505608271e-01
-7.717014367870342895e-01
-8.082736361005943282e-01
-8.105293381042619760e-01
-7.865150275974136518e-01
-8.029391945496264782e-01
-8.101610900896279999e-01
-8.107563471575698344e-01
-8.107640164903963109e-01
-8.100717100035711438e-01
-7.991160933423863133e-01
-8.076232828500057304e-01
-8.099743815578781536e-01
-8.107309934419814068e-01
-7.970018681408466144e-01
-8.011492807871294364e-01
-7.631237638161614267e-01
-7.776885819737344718e-01
-8.000845596219696709e-01
-8.103196320830365895e-01
-7.518445260603966451e-01
-8.102282959515390015e-01
-7.947337303431913913e-01
-7.427161707746818831e-01
-7.941407067684481680e-01
-7.929114968956940679e-01
-8.050313588049207159e-01
-8.009679419930426647e-01
-8.107151649377124514e-01
-8.100784661661110109e-01
-7.829193036701627140e-01
-8.103497764287640459e-01
-7.520994334522782543e-01
-8.068272434596196474e-01
-7.794027501231935995e-01
-8.101943163648966939e-01
-8.034273276077890102e-01
-8.045353283620990670e-01
-7.806087000646829699e-01
-7.982292285891043893e-01
-8.028566481920754727e-01
-7.998707357300591791e-01
-7.962026455800579328e-01
-7.961008243539796636e-01
-8.104236279713549207e-01
-8.047870226905577962e-01
-8.107531445401681136e-01
-8.107413942455987677e-01
-7.905644272835676833e-01
-7.973757951529254484e-01
-7.875650769163557996e-01
-8.102847943410853571e-01
-8.019731442131037280e-01
-8.107293321643319617e-01
-8.095624514224082358e-01
-8.062654947397084326e-01
-7.949308194965747365e-01
-8.018192775089173496e-01
-7.851032884785393851e-01
-8.101045746360988620e-01
-8.034589111143779494e-01
-7.789916892630175393e-01
-7.873241983392138543e-01
-7.704860620831447404e-01
-8.022903375818335459e-01
-8.097786734013979748e-01
-8.063039863427323706e-01
-8.047005692561367551e-01
-8.062093178629311518e-01
-7.875028560934388411e-01
-8.098414415108617925e-01
-7.828733279001792722e-01
-8.067691749733723050e-01
-7.832483008293855686e-01
-8.107631988940560142e-01
-8.057510183687611738e-01
-7.875458924528082605e-01
-8.058318913026550900e-01
-8.075974025208104701e-01
-8.107458397850196841e-01
-8.095600546073132842e-01
-7.972330448238230671e-01
-8.091078390362609341e-01
-8.095504700070322857e-01
-8.099155628332098678e-01
-7.551879917496786554e-01
-8.107275862067118144e-01
-8.107295900681158463e-01
-8.016013162123237779e-01
-8.074828268180368473e-01
-8.059795495268194943e-01
-7.721328750648372985e-01
-7.972707274354851048e-01
-7.687289192422422923e-01
-7.708479548178981400e-01
-8.039982309733469945e-01
-8.101573969975899292e-01
-8.101671767837179683e-01
-8.107878783402032719e-01
-8.096159671993253815e-01
-8.015167776053613302e-01
-7.719436189431336803e-01
-7.974138822252814229e-01
-7.726319826531484747e-01
-8.032637889014057064e-01
-7.765669929533602911e-01
-7.772776035094772773e-01
-8.069167244396224792e-01
-7.879866591320684455e-01
-8.103476792374761928e-01
-8.096375303959771896e-01
-8.102949175499195578e-01
-8.107520020640839320e-01
-7.969473665137061236e-01
-7.825527414801646264e-01
-8.080994682947607588e-01
-8.019709700788533180e-01
-7.651857516617172061e-01
-8.067529728423867841e-01
-8.003229990471006916e-01
-8.061233586930933726e-01
-8.059570357669458840e-01
-8.078680003690493772e-01
-8.102439363769455838e-01
-7.445312701869503114e-01
-7.877832894917516926e-01
-8.068469996187415116e-01
-7.568339498900310547e-01
-8.093951687520102301e-01
-8.023589804475707021e-01
-8.089573331843736836e-01
-8.102300705311050733e-01
-8.098570276783308985e-01
-8.013368469771783298e-01
-8.047829433878169736e-01
-8.102460649322468234e-01
-7.882652576958734114e-01
-7.570573216302816100e-01
-7.616191020790691324e-01
-7.828208322294054611e-01
-8.046911039827436829e-01
-7.427615256202003691e-01
-8.099798082755087503e-01
-8.092796207400141384e-01
-7.715071851943554604e-01
-8.069917653362316257e-01
-7.834229672298178571e-01
-7.807233705154119630e-01
-8.043719853295634437e-01
-7.908645151030458953e-01
-8.074414844433116523e-01
-7.611182659561147590e-01
-8.107304369174200831e-01
-8.051493159209807127e-01
-8.099044086241999896e-01
-7.702870655342899386e-01
-8.098483806942838870e-01
-8.065655226342490769e-01
-8.003196075538073773e-01
-8.027768744062573347e-01
-8.071819205141829157e-01
-7.847260105791739049e-01
-7.976992079116543843e-01
-8.093634905525186607e-01
-8.102532628884457910e-01
-7.841615479124310895e-01
-8.107008667322231910e-01
-7.653891721950144555e-01
-8.095377032233203041e-01
-7.635333192635580524e-01
-8.002922062758569544e-01
