-1.497939561110088746e+00
-1.496559947345504682e+00
-1.497957148205587785e+00
-1.430878505658457200e+00
-1.497660467017540853e+00
-1.496720170218596380e+00
-1.496412667062232416e+00
-1.472542226862261217e+00
-1.496981995727965753e+00
-1.497895557981083314e+00
-1.492776111316034715e+00
-1.472914074163982789e+00
-1.493426523719081800e+00
-1.472720669198880117e+00
-1.488190182101080339e+00
-1.496827108401904027e+00
-1.446875159245083253e+00
-1.497924041550705354e+00
-1.478957561858097236e+00
-1.475233077619323652e+00
-1.492200391914794366e+00
-1.497378042515466134e+00
-1.481466239400306861e+00
-1.497924887191603105e+00
-1.491012824315676610e+00
-1.445614729624340455e+00
-1.484917116433480899e+00
-1.496373110998520772e+00
-1.497904612299153726e+00
-1.496799543116340558e+00
-1.475480801042268197e+00
-1.493923893746087472e+00
-1.497908261221001069e+00
-1.497394458938488881e+00
-1.485427586909482400e+00
-1.497916812624881189e+00
-1.497089279431948583e+00
-1.496450495522568147e+00
-1.494148679625341813e+00
-1.496436794836172979e+00
-1.494316109072515886e+00
-1.484719093039730708e+00
-1.494066658046195428e+00
-1.490902970161387842e+00
-1.491033145774254720e+00
-1.489984980400750558e+00
-1.496200787451217096e+00
-1.497463966336200158e+00
-1.497437419917533319e+00
-1.492130917113373201e+00
-1.496870684053847711e+00
-1.493974221486697118e+00
-1.483397121157596033e+00
-1.468998056452820222e+00
-1.496305088128993432e+00
-1.496990232344815652e+00
-1.454092249821970384e+00
-1.497973058920452516e+00
-1.455887247424671571e+00
-1.497474371072003763e+00
-1.496496805537590902e+00
-1.460610505741188447e+00
-1.497920696240017335e+00
-1.497931544285366456e+00
-1.444708619814464967e+00
-1.476437344763526838e+00
-1.496586530085751932e+00
-1.454045311164209764e+00
-1.497949267353961389e+00
-1.450482637237856309e+00
-1.497362074058601777e+00
-1.427499369334528367e+00
-1.497235502664098661e+00
-1.496242253657529275e+00
-1.468637661624798696e+00
-1.488576605532417219e+00
-1.497953180771419923e+00
-1.488953248214075487e+00
-1.450142726849863450e+00
-1.494016411330649774e+00
-1.487553963519731681e+00
-1.496834892395982664e+00
-1.497919884126732271e+00
-1.496373906347999494e+00
-1.465864476364204805e+00
-1.494719476986775319e+00
-1.497962792020389955e+00
-1.442441195797274034e+00
-1.423278466414759080e+00
-1.491880354087898652e+00
-1.479560570407757680e+00
-1.497455058235773961e+00
-1.497910259839246194e+00
-1.497936674010107438e+00
-1.496114739764580648e+00
-1.497300103854486863e+00
-1.497168347787210863e+00
-1.476987164083967130e+00
-1.479363788466999452e+00
-1.497887675266811769e+00
-1.497431476216862123e+00
-1.496823398012766759e+00
-1.487856036599824350e+00
-1.497921914409944932e+00
-1.483725679654726903e+00
-1.497269229579815786e+00
-1.484515481244871538e+00
-1.493177901569852750e+00
-1.497502557549724500e+00
-1.497244072694430272e+00
-1.491936531465599458e+00
-1.496915210586140077e+00
-1.497924762394378106e+00
-1.496906412381777685e+00
-1.497974675696442048e+00
-1.496145437087962549e+00
-1.496113055002043168e+00
-1.489776341792294900e+00
-1.486382576253364007e+00
-1.464715235483000200e+00
-1.479473103385517518e+00
-1.497915786307403962e+00
-1.497919194948027055e+00
-1.496770538937399309e+00
-1.497888910200545709e+00
-1.484340906690905015e+00
-1.497419716406712453e+00
-1.495900959324190538e+00
-1.488531441044161241e+00
-1.493679330300638597e+00
-1.497192175675282400e+00
-1.497854920651862543e+00
-1.477390522685000818e+00
-1.497958029236743371e+00
-1.493466256734082620e+00
-1.496893991332600038e+00
-1.447378270875761430e+00
-1.460495770525286119e+00
-1.490474677261063974e+00
-1.481392049778351705e+00
-1.463923926081607263e+00
-1.497300693381676595e+00
-1.497929905157635133e+00
-1.490094215225527208e+00
-1.496584354516217630e+00
-1.493057359557697694e+00
-1.496597646352002542e+00
-1.461717755150148790e+00
-1.466478295240650098e+00
-1.497517029371211450e+00
-1.480009415734658162e+00
-1.477970372967520873e+00
-1.497543788131425302e+00
-1.459104253526875894e+00
-1.495129957411537092e+00
-1.496479993302473943e+00
-1.442989767145464342e+00
-1.486302854575315635e+00
-1.485179196659574430e+00
-1.473931757349619787e+00
-1.497911684762785356e+00
-1.459937716450641076e+00
-1.496792987536737840e+00
-1.497277320910344045e+00
-1.490656797390530031e+00
-1.497965895187208574e+00
-1.497890558641502778e+00
-1.497225734021613519e+00
-1.459880773525783937e+00
-1.487546820741245668e+00
-1.468113276723871152e+00
-1.495284317609021585e+00
-1.491644935298809926e+00
-1.491041068535396974e+00
-1.456217209424922387e+00
-1.420440167736360948e+00
-1.487078022759506624e+00
-1.496453811030933778e+00
-1.430578690569946687e+00
-1.486107376020500581e+00
-1.496075941797444742e+00
-1.466255525674769800e+00
-1.493286639068374555e+00
-1.497944519471475999e+00
-1.492550297256657998e+00
-1.426612213801691453e+00
-1.497919872950861375e+00
-1.497418630484590452e+00
-1.496680808801302831e+00
-1.496629493858764093e+00
-1.451096403028914850e+00
-1.497876786243269365e+00
-1.492696730036387365e+00
-1.494826494332501809e+00
-1.491183917585859220e+00
-1.448773079168150346e+00
-1.497880608391115587e+00
-1.494378094177791994e+00
-1.497937970411131303e+00
-1.496947452973673265e+00
-1.426322877954790513e+00
-1.467970338266441743e+00
-1.489663314156333129e+00
-1.483884618233988206e+00
-1.497438386630365770e+00
-1.497942546930262964e+00
-1.491518490564176957e+00
-1.497489042196521680e+00
-1.496588344302127283e+00
-1.497482515487918775e+00
-1.497963294934580247e+00
-1.459862394806096475e+00
-1.496595961589465063e+00
-1.462939836632559221e+00
-1.497496941674599569e+00
-1.439977467607805650e+00
-1.493504351552674692e+00
-1.497926934238622110e+00
-1.493210314389417093e+00
-1.496085933957347791e+00
-1.492153362918744008e+00
-1.405097663950273912e+00
-1.439228065859625261e+00
-1.431158669840643327e+00
-1.497945853125402849e+00
-1.497352388303825776e+00
-1.496639459941635053e+00
-1.494943271007487695e+00
-1.496769380372116487e+00
-1.461599238764593522e+00
-1.497877982061455171e+00
-1.475106074091145913e+00
-1.496856489766487996e+00
-1.486611725378880422e+00
-1.492526381824264448e+00
-1.496929754119465272e+00
-1.496913162607798498e+00
-1.434262835037062089e+00
-1.458212288644263666e+00
-1.497294926632294576e+00
-1.481799586292455118e+00
-1.496626053553173463e+00
-1.419778310310194414e+00
-1.460776344489405076e+00
-1.497187645722279470e+00
-1.476648958016285818e+00
-1.485303870949993055e+00
-1.497334976296970765e+00
-1.492696951691160123e+00
-1.496751119930396001e+00
-1.496759526979277055e+00
-1.497365981888124864e+00
-1.480255265336582582e+00
-1.437223621260473649e+00
-1.465948224615404527e+00
-1.497470697935769479e+00
-1.489989243995497148e+00
-1.434647661250183504e+00
-1.493039277929911535e+00
-1.494650569360802095e+00
-1.493761646177718561e+00
-1.497959686990926187e+00
-1.455234719988057535e+00
-1.474578561809012811e+00
-1.492515844840655248e+00
-1.487465476699272315e+00
-1.488242128014663379e+00
-1.471768523182818811e+00
-1.462435180869052331e+00
-1.451320700895140092e+00
-1.497906663071463029e+00
-1.496509045910189073e+00
-1.464315565850684564e+00
-1.497940123628923814e+00
-1.495980330359289567e+00
-1.493350861210474889e+00
-1.494572222780535142e+00
-1.496604508336732309e+00
-1.497900393407890718e+00
-1.485335834872076433e+00
-1.454211928498098771e+00
-1.494417368982086103e+00
-1.491027387406775873e+00
-1.459104365285584848e+00
-1.497749072115967195e+00
-1.493714142207155149e+00
-1.448288646143028657e+00
-1.496363222215423505e+00
-1.493453274097392480e+00
-1.478315352078626077e+00
-1.497923339333484094e+00
-1.497382645111629884e+00
-1.497001213569292943e+00
-1.497902136843750398e+00
-1.497254833195457380e+00
-1.496515923727402608e+00
-1.496576967265555780e+00
-1.488052054856071393e+00
-1.497280157718906324e+00
-1.493701659690687578e+00
-1.497984406154701631e+00
-1.476627497550198953e+00
-1.490544978145608823e+00
-1.472772777628252427e+00
-1.497389790218422334e+00
-1.482401103794673602e+00
-1.493719026994059007e+00
-1.493374107021937292e+00
-1.469608526293287198e+00
-1.491388134274730604e+00
-1.495231990318844240e+00
-1.433760047506639879e+00
-1.475756450172612588e+00
-1.497919174458930414e+00
-1.491128133226284902e+00
-1.497945182573149125e+00
-1.486580210819939296e+00
-1.469176712993631284e+00
-1.441020258318731706e+00
-1.496700493235239904e+00
-1.488516168285260122e+00
-1.435644038569281022e+00
-1.474731459830055158e+00
-1.497487658251175802e+00
-1.484607075423101108e+00
-1.444557045202801149e+00
-1.477904138702998083e+00
-1.496914919082174222e+00
-1.496323950205097120e+00
-1.491524337407300393e+00
-1.497906718950817506e+00
-1.496591476339945714e+00
-1.477623135399172227e+00
-1.448255662422726076e+00
-1.493541711557755391e+00
-1.488181750372151058e+00
-1.476633771404722850e+00
-1.497880757402727525e+00
-1.484352579888055246e+00
-1.493449749041447561e+00
-1.473980908829817693e+00
-1.497359723400423448e+00
-1.498066764872620027e+00
-1.480256392236897867e+00
-1.458997393574664514e+00
-1.497938285198161523e+00
-1.463448286604235093e+00
-1.497306651983508985e+00
-1.498001989524910371e+00
-1.475340675179014127e+00
-1.490129292558977525e+00
-1.497896457638690393e+00
-1.497329714324424188e+00
-1.494598904240975301e+00
-1.490960325662145536e+00
-1.491660900030383985e+00
-1.492704520549724023e+00
-1.477467890910903137e+00
-1.489647670265386026e+00
-1.497926716309139650e+00
-1.491424126166949193e+00
-1.476632923435518663e+00
-1.497914862435409944e+00
-1.497902036260912340e+00
-1.496746309649298112e+00
-1.462446768384525697e+00
-1.481562597293505590e+00
-1.496975630138168256e+00
-1.493198575999686639e+00
-1.497884832870314042e+00
-1.493516139302501600e+00
-1.491835817311057966e+00
-1.497434472281584661e+00
-1.497898808296868722e+00
-1.497915793757984559e+00
-1.496438053984293859e+00
-1.497959031339833658e+00
-1.440304898273298662e+00
-1.450925537001440446e+00
-1.495070447761664312e+00
-1.460648356553265970e+00
-1.470928663935611169e+00
-1.430390284013101976e+00
-1.493208533700654428e+00
-1.497993054416129510e+00
-1.497320717748353402e+00
-1.496962935280153673e+00
-1.443694007199356477e+00
-1.486758119508722942e+00
-1.454392379697511117e+00
-1.491219809826562326e+00
-1.482583405066380422e+00
-1.497945188161084573e+00
-1.489226691972563188e+00
-1.492138592142710607e+00
-1.485609188292274396e+00
-1.487516216084459941e+00
-1.497884497594187181e+00
-1.484171968966821353e+00
-1.490259906824777048e+00
-1.414318018209288041e+00
-1.459165908943960588e+00
-1.497289488639781396e+00
-1.483291894745180528e+00
-1.491320032242784421e+00
-1.496189134743163507e+00
-1.497213053133437555e+00
-1.466687786009261529e+00
-1.468938683707365911e+00
-1.484831204719940345e+00
-1.496602897148678224e+00
-1.455191419076273363e+00
-1.487121841486642282e+00
-1.497221556108543794e+00
-1.475240672554919641e+00
-1.460437570314953248e+00
-1.469936583738872926e+00
-1.496314846526930253e+00
-1.467420816969225328e+00
-1.492462845135579030e+00
-1.450264547567913453e+00
-1.497477904509851854e+00
-1.490170887287805002e+00
-1.477045133326301496e+00
-1.480787322938541095e+00
-1.489866276353696506e+00
-1.467985006596991937e+00
-1.494716400828311365e+00
-1.457512230228731553e+00
-1.497236090328643243e+00
-1.497387512203404825e+00
-1.484051145229587476e+00
-1.497885749291727464e+00
-1.497385694261739175e+00
-1.487169045105675380e+00
-1.462977359619090478e+00
-1.434772093396732728e+00
-1.442730624776432435e+00
-1.496575554449210088e+00
-1.497918632429191987e+00
-1.460391922470281045e+00
-1.497414305422553937e+00
-1.485383875284442823e+00
-1.497912653338262956e+00
-1.494644418906519334e+00
-1.450797029387304704e+00
-1.497934338253090303e+00
-1.496495298657665174e+00
-1.488037039142200868e+00
-1.452721376519749086e+00
-1.496566505719075124e+00
-1.497206979047605913e+00
-1.470574407454678934e+00
-1.471411934670159738e+00
-1.489609588485309999e+00
-1.496618256520578782e+00
-1.485390174284676235e+00
-1.492664993357012193e+00
-1.491931729566404741e+00
-1.487334659405151527e+00
-1.493230080779740732e+00
-1.457832303445885103e+00
-1.497920850839564721e+00
-1.469301495317468564e+00
-1.491621571209380548e+00
-1.459051088046381395e+00
-1.479978903278807323e+00
-1.486022272694954793e+00
-1.486416351132193725e+00
-1.496746450279006879e+00
-1.497915674548695009e+00
-1.497497970786044519e+00
-1.487724852830270450e+00
-1.493981352623650949e+00
-1.446119521360943239e+00
-1.487912646111199777e+00
-1.488390476524928729e+00
-1.464808645274588983e+00
-1.448358379852125566e+00
-1.464215413283655565e+00
-1.455474043812701623e+00
-1.497909566935250680e+00
-1.489864942234108369e+00
-1.469063977327296655e+00
-1.478586556006321828e+00
-1.497319568496296327e+00
-1.420406230341741960e+00
-1.497310615692386548e+00
-1.474634338718006532e+00
-1.467387002509186189e+00
-1.496734528418729226e+00
-1.490172414656827371e+00
-1.497380662325868528e+00
-1.470285587560484331e+00
-1.487936655141512077e+00
-1.483738285105774324e+00
-1.496419093187997262e+00
-1.490607729729363840e+00
-1.493504786480317037e+00
-1.497315675567934434e+00
-1.475870335556665580e+00
-1.494752893772075097e+00
-1.497882672201940935e+00
-1.487433406140754144e+00
-1.490664724808285158e+00
-1.493460746098408620e+00
-1.479355261975998204e+00
-1.462812837760994356e+00
-1.497169667471299093e+00
-1.497879747849056642e+00
-1.497946572106430452e+00
-1.492675467942008893e+00
-1.491490524809906404e+00
-1.497538907069811742e+00
-1.436270628672192018e+00
-1.497881554614851396e+00
-1.493382292416045587e+00
-1.489876837086031358e+00
-1.428648457478830736e+00
-1.497358871240267675e+00
-1.469734693493792932e+00
-1.453147044953057687e+00
-1.497906100552627962e+00
-1.489787476219335716e+00
-1.497335865710029523e+00
-1.473132722627470415e+00
-1.485647051677206676e+00
-1.473863671150157373e+00
-1.496715645853528898e+00
-1.444037177216360490e+00
-1.496460740070888917e+00
-1.497905683320114534e+00
-1.497423649381945054e+00
-1.497368855949590127e+00
-1.497466071125218789e+00
-1.497957900714228074e+00
-1.475258260581741254e+00
-1.496731885325262468e+00
-1.491998557549068849e+00
-1.492136223789403360e+00
-1.489317273337492864e+00
-1.488675457973132055e+00
-1.492750542786071222e+00
-1.496267858509073179e+00
-1.497381653253087919e+00
-1.443049062591144960e+00
-1.497931019019434373e+00
-1.455140218686411302e+00
-1.491897835012624185e+00
-1.489856182213971536e+00
-1.496428209904680173e+00
-1.468583980191597860e+00
-1.466913916718313615e+00
-1.496858547058055322e+00
-1.497980017762730043e+00
-1.494410405483195703e+00
-1.497420607682416360e+00
-1.462373536627838533e+00
-1.496980319347331445e+00
-1.487323933828720968e+00
-1.496636501129815500e+00
-1.496306816663691919e+00
-1.493845945771882455e+00
-1.496775285888562124e+00
-1.490803822491416852e+00
-1.488637983415374677e+00
-1.497418767389008920e+00
-1.497354825575003545e+00
-1.491713975172588746e+00
-1.492593542289087694e+00
-1.496625361580500524e+00
-1.473849490832636278e+00
-1.493103748735139291e+00
-1.487283609889546554e+00
-1.497901194345304887e+00
-1.481506814796576421e+00
-1.496583351481804769e+00
-1.494294111233303468e+00
-1.497880451928923051e+00
-1.464087233495066087e+00
-1.490795657586405198e+00
-1.477187298320332687e+00
-1.488443281117925565e+00
-1.496569365810701768e+00
-1.494016402017424028e+00
-1.450753417413780610e+00
-1.492987406987795751e+00
-1.429332763504335801e+00
-1.497980760958144586e+00
-1.484572772950032871e+00
-1.461620703887293260e+00
-1.497938875656673829e+00
-1.489782367915013950e+00
-1.497322209727117936e+00
-1.489938342560181539e+00
-1.472259023774514120e+00
-1.497415336396644037e+00
-1.494829280849645059e+00
-1.469237375620851438e+00
-1.458795887034485261e+00
-1.497958418529579561e+00
-1.497953072738001268e+00
-1.497920867603371065e+00
-1.497886907857010286e+00
-1.462426150765368860e+00
-1.492335095618019025e+00
-1.431303494226286332e+00
-1.494841653470048826e+00
-1.490558183368394296e+00
-1.437972434412786882e+00
-1.484731190454313676e+00
-1.491666074458608549e+00
-1.430730324786255281e+00
-1.494429733220586698e+00
-1.486151672516117017e+00
-1.497904077719995897e+00
-1.497910906177112977e+00
-1.473490987520763795e+00
-1.414195679675886552e+00
-1.450349420856783311e+00
-1.497911859851429384e+00
-1.489883201744506280e+00
-1.497269951354811113e+00
-1.497155264567682664e+00
-1.494773628737876336e+00
-1.497283986386010568e+00
-1.493946097407588880e+00
-1.497529728885838907e+00
-1.497536162462184350e+00
-1.430401858490059297e+00
