-7.974667956425571802e-01
-8.024369084580564859e-01
-7.984504054604792955e-01
-8.011315257592821482e-01
-8.023343018560433748e-01
-8.024378109096312883e-01
-7.985330305366540316e-01
-7.965167427739823225e-01
-7.686126639439487818e-01
-7.499277142180824640e-01
-7.933275804227912786e-01
-7.653556798889065149e-01
-7.854599996774220827e-01
-8.018028249337101343e-01
-7.928070619075322512e-01
-8.013251486538672808e-01
-8.023818607746386888e-01
-8.004768413795853021e-01
-7.908125405504131678e-01
-7.976792908577943209e-01
-7.920161534405076864e-01
-7.482727018489265802e-01
-8.015873438982987764e-01
-8.016430733098411920e-01
-7.988164897381091478e-01
-7.875497026673281553e-01
-7.993829266472483042e-01
-8.023297970487499597e-01
-7.449052778376961115e-01
-8.018748515589857462e-01
-7.431602810813808802e-01
-8.006036558492803934e-01
-7.382481840743446710e-01
-7.857809529944086435e-01
-7.558849116160297754e-01
-7.576964271559143427e-01
-7.871878545104289415e-01
-8.012911563112163904e-01
-7.968295414305055502e-01
-8.014928193135881784e-01
-7.912387482194924715e-01
-7.965833560867929819e-01
-8.024193669973636034e-01
-8.023868452130580309e-01
-8.024573863788271311e-01
-7.853758411786282423e-01
-7.983260785533810022e-01
-8.024064383773827913e-01
-8.010791351391697290e-01
-8.018926444767737749e-01
-7.995533130435967806e-01
-7.936303883163953188e-01
-7.914785926534557703e-01
-7.863175908407891157e-01
-8.024310783787393930e-01
-7.969636588661694887e-01
-7.968360420620763662e-01
-7.757958078129911783e-01
-7.963387614420378569e-01
-8.015033264948749903e-01
-8.024317275105739000e-01
-7.916165238550627592e-01
-7.999190164102936151e-01
-7.942283719151044252e-01
-7.875694504312003019e-01
-7.969238904609108332e-01
-7.877772294289195898e-01
-7.685234506918812158e-01
-8.023807133852267626e-01
-7.874422145380401972e-01
-8.024573863788271311e-01
-7.907020679979348543e-01
-7.742794423668408754e-01
-7.890738209082508448e-01
-7.975483129105294111e-01
-7.950390276803398493e-01
-8.023975163071179750e-01
-7.581096847845936182e-01
-8.023715193687701586e-01
-7.967038627086902025e-01
-7.932129676758075121e-01
-7.896174129402959707e-01
-8.018451386435652140e-01
-7.994178819774413469e-01
-7.704914228363657358e-01
-7.867947735196674230e-01
-7.992232458038950327e-01
-7.834441510333443048e-01
-7.975885437174463632e-01
-8.016070981814289453e-01
-8.014938363178396585e-01
-7.927243171564066770e-01
-8.002501518769884470e-01
-7.954584851233983400e-01
-8.023524272559905413e-01
-7.826564980043793085e-01
-8.018036621927047136e-01
-7.860898228666508558e-01
-8.023832652090812090e-01
-7.966497137515569094e-01
-8.024733352779174211e-01
-8.012680632366562250e-01
-8.011639618619108560e-01
-7.783548633872294786e-01
-8.024219681813145044e-01
-7.990617805464887979e-01
-7.946924667178416613e-01
-8.019382830082202318e-01
-7.695313484712267282e-01
-7.631294296427393320e-01
-8.019686031459594133e-01
-7.892349336600625875e-01
-8.023610196380639437e-01
-8.017716805754924181e-01
-8.023295623554611566e-01
-7.669895139827156427e-01
-7.487357442571545008e-01
-7.835970993458056810e-01
-7.959613550758684042e-01
-8.024284771947884920e-01
-8.021340851976299646e-01
-8.010549812881970766e-01
-7.981688470883989694e-01
-7.997544703378105524e-01
-7.463701327635670069e-01
-7.999752031012201670e-01
-8.020696460573697451e-01
-7.821896828084016207e-01
-7.758794294043207529e-01
-8.019454886509800318e-01
-8.013075876354003313e-01
-7.708939125134373072e-01
-7.968834505720758798e-01
-7.858688810213232401e-01
-7.982280698909187677e-01
-8.013947445272231462e-01
-7.977704701318169001e-01
-8.019191089390540483e-01
-8.013854434086704615e-01
-7.980795462920093897e-01
-7.574793656660938623e-01
-8.024223844825053575e-01
-7.751896146057868364e-01
-8.017254795252108934e-01
-7.810678405060196283e-01
-7.533555885149860742e-01
-7.688000050677681330e-01
-7.641624917580509546e-01
-7.985668636231446627e-01
-8.017401646195674303e-01
-7.978342620028877619e-01
-7.573744503154182794e-01
-8.020150798677230242e-01
-7.732107692702436808e-01
-7.780798168225908640e-01
-7.742069705693745973e-01
-7.756074971823716524e-01
-8.022895136221075418e-01
-7.696739320947552088e-01
-8.013751932724142435e-01
-7.982530889405632379e-01
-8.011454937352562311e-01
-7.749215883507156732e-01
-7.861764600804770353e-01
-8.023703654601002100e-01
-8.013042311488414171e-01
-7.462864925457859400e-01
-7.866356575234556558e-01
-8.019916049509072664e-01
-7.989586682363176706e-01
-7.882307863167250517e-01
-7.761656322820806864e-01
-8.024337447552705171e-01
-7.979744819297218683e-01
-8.024515004201555612e-01
-7.979254645599747064e-01
-7.787395508332872751e-01
-7.821572122468376520e-01
-7.813941349579716089e-01
-8.021421495198035601e-01
-7.947818662344241503e-01
-8.010092961906218889e-01
-8.012818607805991533e-01
-7.849078054844165209e-01
-7.808465731634521845e-01
-8.023628608627939585e-01
-7.943209952047789457e-01
-8.020600599541092279e-01
-7.914895356937075022e-01
-7.701951858891868952e-01
-7.810098023458147409e-01
-7.687529900415563944e-01
-7.389045317961597803e-01
-7.909602888232791784e-01
-7.950181455655718210e-01
-7.980447334541702631e-01
-7.629133236898804071e-01
-8.011352938904190424e-01
-7.902203409305537107e-01
-7.991857693834925058e-01
-7.969413220255399111e-01
-8.011342508091354730e-01
-7.996542795865559938e-01
-7.662125488116169336e-01
-8.023536435632729891e-01
-7.969830578497374418e-01
-7.991517630710029962e-01
-7.964365070058727625e-01
-7.996789344890737894e-01
-7.762116591750407579e-01
-7.872959354265356424e-01
-8.020694523422742250e-01
-8.018603676303053263e-01
-8.025162757678652170e-01
-7.950053296356225374e-01
-7.989401758952761057e-01
-7.606157490356588724e-01
-7.979561199738407495e-01
-7.674515934034014109e-01
-7.733017483099127176e-01
-7.967115982739949587e-01
-7.959319751082682970e-01
-7.983222070454383257e-01
-7.824473387866044405e-01
-7.981205505623245600e-01
-8.019298759593391779e-01
-7.983297032608414057e-01
-8.023844051479125383e-01
-7.959072876094603899e-01
-8.024216738833809259e-01
-7.877333990602517488e-01
-7.818132263912582758e-01
-7.946255013650977972e-01
-8.011110366626406076e-01
-7.369133268787289026e-01
-7.905460011518323782e-01
-7.997070259718919161e-01
-7.985510171695375803e-01
-7.952007499827766779e-01
-7.807877396537685755e-01
-8.007227831824446085e-01
-8.017554066448235872e-01
-7.812394068880701425e-01
-7.972408167390847566e-01
-8.024426463364386919e-01
-7.682090045257234934e-01
-7.961253158121133211e-01
-8.023946552841687563e-01
-7.948439840531671408e-01
-7.971342999792421224e-01
-7.837907371415520075e-01
-8.019015339507484796e-01
-8.024482203020477655e-01
-7.994890285028839472e-01
-7.932668204723620775e-01
-7.907312272420847776e-01
-8.023600035651350382e-01
-7.997290834157491091e-01
-7.864238598688269022e-01
-7.827779797210121515e-01
-7.630239685370350244e-01
-7.949273253164017561e-01
-7.237268274022961023e-01
-8.023794113962674501e-01
-7.861592254905724886e-01
-8.020634052647972467e-01
-8.018959599851394060e-01
-7.797786572321081522e-01
-7.934125147132897737e-01
-8.023898645608449343e-01
-7.570760843648338678e-01
-7.972284692643905046e-01
-7.976324891044521692e-01
-7.843244906819188955e-01
-7.791752980394983652e-01
-7.976350027440810564e-01
-7.796643671883964899e-01
-8.023930245383406046e-01
-7.914469556255960825e-01
-7.987555514394069078e-01
-7.810584248347902658e-01
-7.892377937516892317e-01
-8.023437156646275881e-01
-7.639236913366937998e-01
-7.832264217852378252e-01
-7.539783639206314447e-01
-7.776795381053114298e-01
-7.964780859022164705e-01
-7.948829720101082685e-01
-7.960404793104851606e-01
-7.946449701978588465e-01
-8.014646887152219179e-01
-8.011643455668115976e-01
-7.961930108560943964e-01
-8.020556501417184236e-01
-7.888284723578715685e-01
-8.015184819071317079e-01
-7.548981790735149744e-01
-7.444265221549892786e-01
-8.004812130077505472e-01
-7.921027557297373178e-01
-7.666441423191452387e-01
-8.024770326285386446e-01
-7.972662260128879907e-01
-8.018598190813088777e-01
-7.818202234177613619e-01
-7.804965532689118746e-01
-7.974750294654393556e-01
-7.906896823390150431e-01
-8.023950967310691240e-01
-8.023653754337454203e-01
-7.970320640436137083e-01
-8.018778457610631349e-01
-7.979060110940361383e-01
-7.731582817925835016e-01
-7.680166286720657709e-01
-7.943780112384581926e-01
-7.976509441925907495e-01
-7.716197741522217157e-01
-7.852101737937653425e-01
-7.849504665775919321e-01
-8.020104418813014391e-01
-7.937863336249018076e-01
-7.890496931343102816e-01
-8.012429547800445917e-01
-8.004700827716613176e-01
-8.018608491240764025e-01
-7.745653556032801035e-01
-7.836048195442879560e-01
-8.023671821995401743e-01
-8.019195569052124384e-01
-7.777094093455696466e-01
-7.704337013258362177e-01
-7.929044316827082994e-01
-7.984918269633078935e-01
-7.648979888601923349e-01
-7.833153779922747972e-01
-8.024038828282380464e-01
-7.768202309801006678e-01
-8.018848018093729380e-01
-7.974257895095968607e-01
-7.981029718487286928e-01
-8.023950417830372217e-01
-7.850447844086909654e-01
-7.752122233926082018e-01
-7.565605749680424097e-01
-7.905888210355067613e-01
-7.937939076057398680e-01
-8.019899350895309809e-01
-8.013853754221225145e-01
-8.019692913933420542e-01
-8.018034656836414698e-01
-7.598871623470211389e-01
-8.024543269841695192e-01
-8.008920361592197779e-01
-7.816225502012992266e-01
-8.017117127149129274e-01
-8.023464677228355768e-01
-7.503005598976040247e-01
-8.022920710338974359e-01
