-7.884657138678183852e-01
-7.691275447326650916e-01
-7.883227539899697600e-01
-7.874804912320276795e-01
-7.875090339406332074e-01
-7.901479911710074244e-01
-7.864236638600876628e-01
-7.910629178116967974e-01
-7.814511261134347020e-01
-7.903307236450662909e-01
-7.866040771081050931e-01
-7.798869002330055533e-01
-7.909416083897402583e-01
-7.740288309472551642e-01
-7.873973089921226798e-01
-7.827598997577032147e-01
-7.900052291992059050e-01
-7.898663340787341891e-01
-7.889267506728818713e-01
-7.903132310788085757e-01
-7.888710892478874026e-01
-7.817399862873306571e-01
-7.903963837492218314e-01
-7.903829373138895331e-01
-7.904135727043202220e-01
-7.906504722963025866e-01
-7.623814072179546653e-01
-7.729055665153017340e-01
-7.886938906925669013e-01
-7.854055215324213801e-01
-7.847495817298939524e-01
-7.814709334819516240e-01
-7.870896272546550332e-01
-7.908250626827528773e-01
-7.873544420766582785e-01
-7.910330880152931510e-01
-7.751021606567254363e-01
-7.905455271433046160e-01
-7.732238040956607161e-01
-7.852395142148187457e-01
-7.812781834694495497e-01
-7.880733360256007014e-01
-7.889237955863526164e-01
-7.771558666321387587e-01
-7.867084422799697219e-01
-7.721386857050409613e-01
-7.787694491165628730e-01
-7.787039743455996810e-01
-7.906363152618458567e-01
-7.874880500788739024e-01
-7.897375405485680400e-01
-7.866678890026113091e-01
-7.875192009563496409e-01
-7.756773482727756797e-01
-7.910178608911981879e-01
-7.902156084495535193e-01
-7.851813144701471625e-01
-7.907318661640336810e-01
-7.830848114284625350e-01
-7.850169085617115794e-01
-7.770987383740892707e-01
-7.865503553952029048e-01
-7.885340654942145644e-01
-7.855896116419633923e-01
-7.805588946397354899e-01
-7.777118648122003375e-01
-7.909283840748420058e-01
-7.885019884164383708e-01
-7.800921292695155440e-01
-7.906333923059454261e-01
-7.897456244285157023e-01
-7.791609184536090194e-01
-7.822638687397291957e-01
-7.845194428413113652e-01
-7.909706675167134104e-01
-7.849649328458061515e-01
-7.888897608685245810e-01
-7.904527506510665713e-01
-7.811538954450687466e-01
-7.803751703071346579e-01
-7.884734284783652125e-01
-7.902483807596316634e-01
-7.875642127077033816e-01
-7.661187786328544913e-01
-7.862093365005156098e-01
-7.744098555016269980e-01
-7.810702866594245730e-01
-7.894131590331843196e-01
-7.906038908007493315e-01
-7.827681726961335240e-01
-7.873776492382338343e-01
-7.696458890753736792e-01
-7.820946213508894740e-01
-7.908387954997768698e-01
-7.910620041842510997e-01
-7.909886909368386565e-01
-7.889097591581692992e-01
-7.879222654922803937e-01
-7.900474409292390643e-01
-7.910031380782773791e-01
-7.687064360546818076e-01
-7.779757867286851702e-01
-7.856461538652828036e-01
-7.702104465755572615e-01
-7.898368353675058184e-01
-7.672426614629974662e-01
-7.605970006155720053e-01
-7.566722713130464850e-01
-7.821052898838123379e-01
-7.888875620159259139e-01
-7.908670010696103869e-01
-7.865191837957998811e-01
-7.911367633099606334e-01
-7.908987507875016032e-01
-7.908672376255443393e-01
-7.908473520259311496e-01
-7.896781766506781874e-01
-7.867351977805545626e-01
-7.816145383006831704e-01
-7.910511705744018851e-01
-7.717508624958744345e-01
-7.906780501547208129e-01
-7.905081517714014350e-01
-7.861860145534327327e-01
-7.767299765440573989e-01
-7.857823977432152329e-01
-7.908251623342683612e-01
-7.839581093470504580e-01
-7.825944570544114409e-01
-7.815182055531939564e-01
-7.797585621195783911e-01
-7.898529123234501181e-01
-7.889540952349951564e-01
-7.867402462474009095e-01
-7.801927419098964034e-01
-7.880824704374125300e-01
-7.714286099838962851e-01
-7.829148569329580365e-01
-7.910460594761123954e-01
-7.806348682100823222e-01
-7.874691498185446559e-01
-7.848437552059939204e-01
-7.909257949980845748e-01
-7.572294611203422843e-01
-7.910376491676023303e-01
-7.862010619322707949e-01
-7.901236426736166774e-01
-7.751425102072706519e-01
-7.911094778868308364e-01
-7.856391763965537844e-01
-7.826460241525372563e-01
-7.762944416793933211e-01
-7.661076437401523886e-01
-7.827709338347366153e-01
-7.842590522671988307e-01
-7.868824692162623702e-01
-7.781548297683646975e-01
-7.906174471321454345e-01
-7.864651868770768939e-01
-7.882012948579093514e-01
-7.897985850180437861e-01
-7.876545202637961207e-01
-7.865206732134273349e-01
-7.818428618087371884e-01
-7.726698450463762580e-01
-7.910377525444081126e-01
-7.784485367777695952e-01
-7.903428317698588668e-01
-7.896943020353963671e-01
-7.785757749992361365e-01
-7.911308228689184485e-01
-7.884128906483700572e-01
-7.911024207900216876e-01
-7.864886503851911126e-01
-7.842551036923131047e-01
-7.894776452052345572e-01
-7.911175557131817637e-01
-7.910650146844735442e-01
-7.905706388595452605e-01
-7.843091262224068938e-01
-7.906856660450747309e-01
-7.696259634288897811e-01
-7.902092051411917506e-01
-7.897949849906316100e-01
-7.908011696021011172e-01
-7.893503552953651248e-01
-7.878355237374952136e-01
-7.910002924221506415e-01
-7.847973106148591338e-01
-7.909470296184470950e-01
-7.819578626844039260e-01
-7.909319831709316073e-01
-7.801169657799353896e-01
-7.748107684495797454e-01
-7.739994663464775382e-01
-7.737324086668839751e-01
-7.904634650516262351e-01
-7.578979514258852301e-01
-7.903236050809672175e-01
-7.909250047708800135e-01
-7.866470434422543345e-01
-7.698921726736178694e-01
-7.899478830116739569e-01
-7.864844806211939154e-01
-7.707343332189073859e-01
-7.906780450324466525e-01
-7.895655778887620269e-01
-7.897612669224789439e-01
-7.735187269466867743e-01
-7.863633332493653594e-01
-7.882604522350182830e-01
-7.910216672065606414e-01
-7.819368285312255917e-01
-7.755790201666703521e-01
-7.892955339233329592e-01
-7.674388650524368582e-01
-7.898870317916324435e-01
-7.825285080074271260e-01
-7.859343507046749888e-01
-7.761722111794104872e-01
-7.902574946823468505e-01
-7.903985141496112643e-01
-7.905312960687032042e-01
-7.780347864794483481e-01
-7.888485209735980330e-01
-7.690241437124958335e-01
-7.877284232712289391e-01
-7.903431493508568106e-01
-7.905654779354980288e-01
-7.831338227446129618e-01
-7.847606470062336026e-01
-7.855568223352482615e-01
-7.689622424262514411e-01
-7.540789849775781928e-01
-7.753900594728937445e-01
-7.774036859813084899e-01
-7.809289912878474293e-01
-7.910701919066658316e-01
-7.911008682752898036e-01
-7.911147929447641669e-01
-7.908372485729804335e-01
-7.909578031579902468e-01
-7.909554343390217124e-01
-7.876339832040419875e-01
-7.745715629029026328e-01
-7.907109309638788996e-01
-7.343992095160236655e-01
-7.890299393515041171e-01
-7.857553532998016177e-01
-7.903701125363757907e-01
-7.908957812654724417e-01
-7.868874517920365630e-01
-7.856720725725343524e-01
-7.910040647442391215e-01
-7.696169705781092940e-01
-7.801498163211098014e-01
-7.878422227407744227e-01
-7.910129118430366812e-01
-7.868550999741008578e-01
-7.910601224469890891e-01
-7.828117709326496421e-01
-7.601352806854000388e-01
-7.909910518395653067e-01
-7.791925340610494910e-01
-7.907419915030649005e-01
-7.901317614781608878e-01
-7.883871148991337119e-01
-7.870195515173425971e-01
-7.910006840432932673e-01
-7.867282417322447596e-01
