-1.454343064756266291e+00
-1.470736427300743276e+00
-1.454707645879260713e+00
-1.464685010791889841e+00
-1.433218446628324205e+00
-1.441930071518890077e+00
-1.457953468964568788e+00
-1.457893163965217287e+00
-1.471150928245059664e+00
-1.489353257765195782e+00
-1.464097977684013063e+00
-1.496723271043173487e+00
-1.427212619290820772e+00
-1.492123822749725992e+00
-1.494868179851345236e+00
-1.410557811216584856e+00
-1.425117717192641908e+00
-1.497259489328734094e+00
-1.486988949191890175e+00
-1.497454919920436556e+00
-1.483478687771729643e+00
-1.497275680371693785e+00
-1.453989568234554941e+00
-1.494585017741791422e+00
-1.418122706071607286e+00
-1.477594378472439463e+00
-1.460648232207767183e+00
-1.452992758781782801e+00
-1.455197480575315172e+00
-1.465173027546278650e+00
-1.494065132991544420e+00
-1.453536112860910112e+00
-1.497866462052933390e+00
-1.497989774749747927e+00
-1.497954164699784929e+00
-1.493501355008355791e+00
-1.496853272498718912e+00
-1.497919761643878633e+00
-1.497911288471094782e+00
-1.491351614774338419e+00
-1.474591262706689054e+00
-1.497395595603756124e+00
-1.497939289615623171e+00
-1.497281852246395761e+00
-1.497017867931298429e+00
-1.491997390122286493e+00
-1.497963302836887056e+00
-1.491711799123458082e+00
-1.488419713520578558e+00
-1.483244950485549385e+00
-1.497268400223128015e+00
-1.494897482053510362e+00
-1.496379707076720411e+00
-1.488052085110119993e+00
-1.434541829929820711e+00
-1.497561503269843275e+00
-1.490412156165711099e+00
-1.488137945135257656e+00
-1.497385460020176584e+00
-1.497933280722371752e+00
-1.422519532100431139e+00
-1.486378661424986536e+00
-1.450097915784589464e+00
-1.445136894540063555e+00
-1.497942416996828729e+00
-1.496433384784630949e+00
-1.497945603982679064e+00
-1.497947101549379045e+00
-1.444097497568599398e+00
-1.486546213341079170e+00
-1.487470218048564607e+00
-1.496922145665756876e+00
-1.488173971486411507e+00
-1.497496250153652841e+00
-1.483501923804305012e+00
-1.484432717853359396e+00
-1.494595672072045023e+00
-1.493394967236689741e+00
-1.467201176167599375e+00
-1.496313497492245848e+00
-1.497948498533240969e+00
-1.468863602795771772e+00
-1.498002135262958223e+00
-1.496365998008422071e+00
-1.497431866892747099e+00
-1.497912527130119020e+00
-1.497316515141300375e+00
-1.497274820760957414e+00
-1.487398847074381525e+00
-1.497242503867618257e+00
-1.491391772472433264e+00
-1.497924891368619615e+00
-1.497369770960084612e+00
-1.497970326871744806e+00
-1.461588361368648226e+00
-1.487945826792291815e+00
-1.466442459331027681e+00
-1.497340106473437960e+00
-1.482318682897038276e+00
-1.436081410453788454e+00
-1.471453721703163797e+00
-1.467476650209299738e+00
-1.488633159616164381e+00
-1.489905631237796957e+00
-1.494168358923069651e+00
-1.469038873047701532e+00
-1.496795172871224100e+00
-1.497423243777028734e+00
-1.470601304502360041e+00
-1.496695023098162824e+00
-1.493391226113907511e+00
-1.483735887634701545e+00
-1.467509570599667246e+00
-1.498002919436566049e+00
-1.497984395430556948e+00
-1.491308284991554434e+00
-1.418519911424390489e+00
-1.497496581704489405e+00
-1.466618973829917127e+00
-1.490901922875217611e+00
-1.473807302371732408e+00
-1.466943322749010736e+00
-1.496120574020914251e+00
-1.496289183453790361e+00
-1.444355827824346239e+00
-1.484760542002640182e+00
-1.497158701599709207e+00
-1.497932148234121019e+00
-1.480287331690214092e+00
-1.490920331397227461e+00
-1.496648316339723284e+00
-1.496794798479549105e+00
-1.481712666175461823e+00
-1.497899877906910593e+00
-1.497946077094546968e+00
-1.442272511378995592e+00
-1.448647175983659441e+00
-1.442614768699876482e+00
-1.469616551020316297e+00
-1.496645778485707456e+00
-1.490252024562231714e+00
-1.449232426540128404e+00
-1.496788160012237245e+00
-1.461669723571411783e+00
-1.496782223762146646e+00
-1.488364439060113842e+00
-1.450265430913440401e+00
-1.497930069522134477e+00
-1.497964368269912416e+00
-1.469545337439648325e+00
-1.497989761711231882e+00
-1.497502546825579817e+00
-1.497944795594684297e+00
-1.496367943541280443e+00
-1.497894085080496485e+00
-1.496769050204328710e+00
-1.418648091212979967e+00
-1.484337982789746935e+00
-1.437614587203733141e+00
-1.473515418426267320e+00
-1.497192601741425211e+00
-1.497497547485999281e+00
-1.461869920672051126e+00
-1.496686159701220209e+00
-1.494238728725485021e+00
-1.497611910172871763e+00
-1.456262177855841333e+00
-1.472388745353690798e+00
-1.496664256856910402e+00
-1.497189726748637373e+00
-1.433262356625072176e+00
-1.497927709550730402e+00
-1.478759444386831934e+00
-1.497922481105796511e+00
-1.440347691134683306e+00
-1.485935783547482902e+00
-1.484243091729603226e+00
-1.468756028519145662e+00
-1.492664433152548487e+00
-1.489171011907182152e+00
-1.497240591862372572e+00
-1.497970284030906374e+00
-1.492981697500816995e+00
-1.460969877497426683e+00
-1.497436606393329317e+00
-1.486101497964135820e+00
-1.497602384605578596e+00
-1.491077465073339159e+00
-1.477172446505300218e+00
-1.443521470830909426e+00
-1.481851812985859329e+00
-1.480215574217162544e+00
-1.458987764150969202e+00
-1.486467828110925371e+00
-1.496205487356654817e+00
-1.495476609164051229e+00
-1.469848814488522226e+00
-1.476082912714354212e+00
-1.497342272729746515e+00
-1.497365052879921610e+00
-1.456705463186971361e+00
-1.497955449924937898e+00
-1.474559909266553337e+00
-1.458282017217151338e+00
-1.466899109141103441e+00
-1.497225339592568094e+00
-1.497024220482579882e+00
-1.496807793223432714e+00
-1.466690058888069803e+00
-1.497617025927774126e+00
-1.470632348277739698e+00
-1.474356707253626997e+00
-1.496727387488953287e+00
-1.497917327166668588e+00
-1.457881030694715196e+00
-1.475383801453880483e+00
-1.492601628483406717e+00
-1.493451980942062551e+00
-1.497382713549904043e+00
-1.493206383728555853e+00
-1.497170682133309061e+00
-1.496635907397739107e+00
-1.490922127918473894e+00
-1.489644494907132799e+00
-1.454655584947339708e+00
-1.496919108622841055e+00
-1.497961315394512827e+00
-1.474909326129726583e+00
-1.491723455556801969e+00
-1.497034549781254942e+00
-1.489325872224889213e+00
-1.469432453693024332e+00
-1.497953518361918146e+00
-1.443152428672782595e+00
-1.497913138077727968e+00
-1.496681266532413179e+00
-1.450464093194476778e+00
-1.496732147478632147e+00
-1.494565379873983080e+00
-1.497308719971350843e+00
-1.459215979159943277e+00
-1.491948377409152204e+00
-1.496859697693161184e+00
-1.497968877733818704e+00
-1.490596581318549330e+00
-1.484406068523548061e+00
-1.493493820608727152e+00
-1.494438142583839113e+00
-1.474539407597057039e+00
-1.497036378898791487e+00
-1.489838561576924736e+00
-1.496466891908220465e+00
-1.497997787849179918e+00
-1.497952253625861818e+00
-1.463083268211356813e+00
-1.494434393079153711e+00
-1.497947922975889856e+00
-1.483042147544346268e+00
-1.437190064297191316e+00
-1.493163618327252085e+00
-1.478359076728246624e+00
-1.466177300618163759e+00
-1.491195492514542753e+00
-1.489851577275566274e+00
-1.472383884781173879e+00
-1.473531073958746607e+00
-1.496786760234407598e+00
-1.489242059246770555e+00
-1.497991089777223284e+00
-1.497424510375730211e+00
-1.471432856352202112e+00
-1.497561667182616407e+00
-1.487894026630691702e+00
-1.497538619742862398e+00
-1.458080914870969469e+00
-1.497200275839440042e+00
-1.497238918275705988e+00
-1.484171656959823782e+00
-1.472869933650962526e+00
-1.487840650671295339e+00
-1.486163111471704656e+00
-1.475457437870226318e+00
-1.487278561641595775e+00
-1.498001125709287340e+00
-1.469032782198063547e+00
-1.497367202372423822e+00
-1.490344207801989729e+00
-1.486049601876310522e+00
-1.497927653671375925e+00
-1.469266254522971327e+00
-1.453768613816372568e+00
-1.496826568686536962e+00
-1.497989888371102030e+00
-1.496657540158502275e+00
-1.496431931921414549e+00
-1.496951109797827417e+00
-1.496308633194438631e+00
-1.446614624069205934e+00
-1.491965648786298448e+00
-1.475448397521994526e+00
-1.481914540820888693e+00
-1.495469085940293485e+00
-1.497956954942218477e+00
-1.496769537286035234e+00
-1.496778200448624307e+00
-1.496858173118106539e+00
-1.497117486850492174e+00
-1.497441890717617685e+00
-1.497527848997286970e+00
-1.497939839095942194e+00
-1.498013292507402117e+00
-1.497922764227859194e+00
-1.490708363310567552e+00
-1.489415692233614141e+00
-1.496973145821265394e+00
-1.493323022567800695e+00
-1.471671870977751428e+00
-1.496961904757789785e+00
-1.489773934309504444e+00
-1.496596920372120554e+00
-1.487328304511628563e+00
-1.496518034556082899e+00
-1.440788970396987612e+00
-1.497538901933602506e+00
-1.470887062207929308e+00
-1.492952953160874063e+00
-1.486946076222829038e+00
-1.496855771237186605e+00
-1.497567326829902346e+00
-1.495436563224665338e+00
-1.497963753597013170e+00
-1.488013833363674099e+00
-1.492971927927009279e+00
-1.497325908460787947e+00
-1.466999366016260797e+00
-1.490510872633330042e+00
-1.456722748533956224e+00
-1.454767313853971178e+00
-1.492985673316888029e+00
-1.493682699346117193e+00
-1.473434726775757486e+00
-1.497128878788224871e+00
-1.443541009978524858e+00
-1.406526369110814745e+00
-1.497940738753549272e+00
-1.496365170062653238e+00
-1.494107018293015177e+00
-1.496772953377238924e+00
-1.497937382266990358e+00
-1.471231014535895998e+00
-1.430496030555240328e+00
-1.482575472046754772e+00
-1.497197767787746603e+00
-1.496958640472165758e+00
-1.497620041550270731e+00
-1.493507090092770273e+00
-1.496546923251024896e+00
-1.452692487345210726e+00
-1.470093580962292368e+00
-1.497361281023494417e+00
-1.448380881057254488e+00
-1.497309623354248220e+00
-1.493034788475505525e+00
-1.463350174085370714e+00
-1.493565200896135980e+00
-1.487563187790236885e+00
-1.490271720172039682e+00
-1.459122042239777262e+00
-1.490674401701561624e+00
-1.493794951656035597e+00
-1.455539842204324419e+00
-1.492515023865870649e+00
-1.497956355170480425e+00
-1.497934973866812403e+00
-1.486442912903747970e+00
-1.492379029349557573e+00
-1.484008878304756696e+00
-1.446248554692737276e+00
-1.471879913539759333e+00
-1.496993235380522425e+00
-1.497935610891453440e+00
-1.485398057916335279e+00
-1.497906011597387010e+00
-1.480149107587657387e+00
-1.466979312778584177e+00
-1.489441182532481367e+00
-1.446147867546550447e+00
-1.491931174018553907e+00
-1.482958694056741411e+00
-1.481401741572789366e+00
-1.496199774623982126e+00
-1.493523008258215601e+00
-1.496430715614132101e+00
-1.492754015208355600e+00
-1.491780710474721605e+00
-1.484809686032257492e+00
-1.497905169681779558e+00
-1.490093389594129736e+00
-1.497364585355989153e+00
-1.440452982739679033e+00
-1.479473299414984400e+00
-1.496982305378786737e+00
-1.497207108021847421e+00
-1.496511834741703684e+00
-1.484916637719742472e+00
-1.497942675904504473e+00
-1.457183190689555818e+00
-1.491227479719690496e+00
-1.497912165776960070e+00
-1.481462142032704765e+00
-1.496529449776879961e+00
-1.497924278558365518e+00
-1.496644568697683031e+00
-1.466328905032149965e+00
-1.462703582898847277e+00
-1.497183400274388010e+00
-1.492205970057419950e+00
-1.493246501379779989e+00
-1.470099753768316919e+00
-1.497340522774628813e+00
-1.497985095785133058e+00
-1.473959625766746218e+00
-1.497619597309402639e+00
-1.497467498363129312e+00
-1.497424706884793455e+00
-1.494269996949605162e+00
-1.497373770990542585e+00
-1.491222561405173952e+00
-1.497284418971411402e+00
-1.497004076906613523e+00
-1.497970284030906374e+00
-1.497960045070521051e+00
-1.496797734008304293e+00
-1.493830756352416689e+00
-1.497896623865834886e+00
-1.465565362081996614e+00
-1.496627823517791445e+00
-1.497950338826648409e+00
-1.469397849471441919e+00
-1.491965322823397333e+00
-1.487916567430965120e+00
-1.485432352938822920e+00
-1.497528519549540693e+00
-1.497997296110860521e+00
-1.497979617745749170e+00
-1.469397831776313001e+00
-1.493815324337355310e+00
-1.493827951208821947e+00
-1.490659867481462175e+00
-1.497075917267374212e+00
-1.497403210097126181e+00
-1.436193016425840074e+00
-1.497984212891332323e+00
-1.464072748155466730e+00
-1.497961339608899767e+00
-1.494392389499715978e+00
-1.494063068249396498e+00
-1.442917835966817552e+00
-1.497931181521288568e+00
-1.487352871404163057e+00
-1.486731109743140156e+00
-1.435950105146638567e+00
-1.491782722131482775e+00
-1.497351960347167665e+00
-1.491879516349307710e+00
-1.455173549310437853e+00
-1.496369109557143862e+00
-1.488573397112212593e+00
-1.453376696513168032e+00
-1.492103875682822878e+00
-1.497934055582753832e+00
-1.493047718958131487e+00
-1.410037246600858385e+00
-1.497435172156564409e+00
-1.475735231370798761e+00
-1.489610638537577803e+00
-1.463479177163116152e+00
-1.484336533884651477e+00
-1.497949835912458116e+00
-1.404600818709603960e+00
-1.496202657067350561e+00
-1.497228819013706858e+00
-1.496809389510325605e+00
-1.467661926590971166e+00
-1.478425438351131493e+00
-1.497926929102412874e+00
-1.494986872256867105e+00
-1.430188627050391847e+00
-1.497577300363353903e+00
-1.491183101267687494e+00
-1.496805676327220613e+00
-1.497405484386853391e+00
-1.497177298248879129e+00
-1.497439075329474623e+00
-1.497417648391000444e+00
-1.429695722715131456e+00
-1.496699828722647840e+00
-1.460646391914359743e+00
-1.491962852024606878e+00
-1.460775324211589510e+00
-1.496646405265800173e+00
-1.467946752042643244e+00
-1.464958713458053285e+00
-1.444680296884051973e+00
-1.488968645756266529e+00
-1.497301505015365297e+00
-1.444099635885230715e+00
-1.438158881918660814e+00
-1.497374096022121126e+00
-1.438394558684102709e+00
-1.491979141787759477e+00
-1.463306783766619379e+00
-1.459321537123195345e+00
-1.497970529900066072e+00
-1.485091504708997423e+00
-1.475124083061836178e+00
-1.491440646418503935e+00
-1.469770404578320200e+00
-1.493056214482657129e+00
-1.473026646369270498e+00
-1.492087724686733896e+00
-1.493170580894819910e+00
-1.486615591750613863e+00
-1.445191112415067369e+00
-1.448851016418210680e+00
-1.497328038395516092e+00
-1.497990089536778147e+00
-1.480450911049864704e+00
-1.497968695194594080e+00
-1.480168778051755840e+00
-1.469296627746097261e+00
-1.456414715455047304e+00
-1.479382851229182894e+00
-1.497420790673367197e+00
-1.464117598788015062e+00
-1.478072417968086416e+00
-1.458621849374047930e+00
-1.497911392779223139e+00
-1.451982540146581346e+00
-1.497290003181568796e+00
-1.497945216552488024e+00
-1.497918796793691332e+00
-1.460419134304992372e+00
-1.497071181492082292e+00
-1.497957990572921450e+00
-1.498008866862527544e+00
-1.476469322175852472e+00
-1.492637831785849745e+00
-1.497331980683974439e+00
-1.489749173236213142e+00
-1.485200558158702666e+00
-1.490380815298430139e+00
-1.497947481528989488e+00
-1.423168514923326189e+00
-1.497981832430831606e+00
-1.491497661986521894e+00
-1.489793132127396280e+00
-1.496975639903120214e+00
-1.475292742786131317e+00
-1.497971535728446657e+00
-1.497933081419340784e+00
-1.497361972064844782e+00
-1.443796639398805315e+00
-1.496395725825003797e+00
-1.489937475019268209e+00
-1.450115856782666857e+00
-1.429606360451451952e+00
-1.497175167382828409e+00
-1.425623443977109606e+00
-1.450972122208348924e+00
-1.496184787781111414e+00
-1.497996957109443361e+00
-1.458464891717902834e+00
-1.497928480685822183e+00
-1.496615727500192339e+00
-1.497521783293358499e+00
-1.489940350012056047e+00
-1.494502055526844675e+00
-1.448335290954581911e+00
-1.497977116213313753e+00
-1.487545748309365923e+00
-1.497372863882354910e+00
-1.450017263249627764e+00
-1.484153447740844900e+00
-1.497959795476071054e+00
-1.477058136903814489e+00
-1.497928892330400164e+00
-1.496471255154482538e+00
-1.493396724642388040e+00
-1.497326534309558088e+00
-1.492765790850989038e+00
-1.454121216268412287e+00
-1.489777380668691809e+00
-1.498021812246314699e+00
-1.497303433784417326e+00
-1.496938459643296415e+00
-1.491280637749604399e+00
-1.473687092841736490e+00
-1.449352243051997835e+00
-1.497266332687012369e+00
-1.453470009447209055e+00
-1.492947091416589434e+00
-1.420565639690629656e+00
-1.487912262392363960e+00
-1.455009107546083147e+00
-1.497958910719625170e+00
-1.497949629158846552e+00
-1.473233131759933645e+00
-1.493412000195256883e+00
-1.481931569821334893e+00
-1.490323913351766283e+00
-1.497579892234079058e+00
-1.497950668514839823e+00
-1.492433534071914369e+00
-1.481183982289529855e+00
-1.497484794885985071e+00
-1.490793475949339086e+00
-1.496442267739347631e+00
-1.463229947791568453e+00
-1.495946575024298841e+00
-1.493727230535022432e+00
-1.494695875861815626e+00
-1.497961443917028124e+00
-1.490217083201877291e+00
-1.497327850268356020e+00
-1.473666078479162866e+00
-1.486689106163702423e+00
-1.496629380689136202e+00
-1.494977770441345388e+00
-1.461311870322696382e+00
