-1.454328042814401867e+00
-1.470668812437733841e+00
-1.454551140537847065e+00
-1.464652020994908543e+00
-1.433150544084530242e+00
-1.441876901087783436e+00
-1.458025167338024897e+00
-1.457745877681811963e+00
-1.471046059376134085e+00
-1.489319261882293910e+00
-1.464061147294431597e+00
-1.496727062234678662e+00
-1.427445901242498927e+00
-1.492119803672476985e+00
-1.494829429332834803e+00
-1.410386604368412566e+00
-1.424871799152081175e+00
-1.497265881527038767e+00
-1.487044397221048975e+00
-1.497456374052731132e+00
-1.483531861126853757e+00
-1.497269492953140713e+00
-1.454131645769444869e+00
-1.494543761306735385e+00
-1.418026355714141040e+00
-1.477487414682271627e+00
-1.460636979207116104e+00
-1.452999188202822811e+00
-1.455180853418082565e+00
-1.465337275485418367e+00
-1.494048909632985422e+00
-1.453409461731662189e+00
-1.497859944396969123e+00
-1.497986477612138989e+00
-1.497953220539898211e+00
-1.493471043993033431e+00
-1.496842922909442208e+00
-1.497922051284961587e+00
-1.497911600217392669e+00
-1.491302634563111518e+00
-1.474549057072001013e+00
-1.497387832171889643e+00
-1.497938256039922367e+00
-1.497276351639610370e+00
-1.497018686273970944e+00
-1.491980949304238413e+00
-1.497962344601536655e+00
-1.491755905620333333e+00
-1.488465906899064883e+00
-1.483206534066666471e+00
-1.497256129898900889e+00
-1.494851821002834535e+00
-1.496396768090500151e+00
-1.488035968572046563e+00
-1.434448393766070362e+00
-1.497574516864665695e+00
-1.490424475362844170e+00
-1.488119723457652865e+00
-1.497374015171019535e+00
-1.497932597638480079e+00
-1.422577737014277588e+00
-1.486358025863417698e+00
-1.450232729083204219e+00
-1.445203961652226976e+00
-1.497932379308654527e+00
-1.496431103504863191e+00
-1.497939336439064295e+00
-1.497938531787722294e+00
-1.444130547423110089e+00
-1.486530062608976355e+00
-1.487430602674256308e+00
-1.496930464838979180e+00
-1.488116354709354328e+00
-1.497502291115788475e+00
-1.483549946170301670e+00
-1.484356662192083398e+00
-1.494580677177038019e+00
-1.493351749855041710e+00
-1.467310573622378156e+00
-1.496328279272606254e+00
-1.497942979147125930e+00
-1.468754106482630606e+00
-1.498001066290391314e+00
-1.496354513350504289e+00
-1.497429670005221425e+00
-1.497911852468188254e+00
-1.497326296364426046e+00
-1.497263724691789921e+00
-1.487429172022393109e+00
-1.497238425014155272e+00
-1.491430034791607406e+00
-1.497920466916254023e+00
-1.497363652950353341e+00
-1.497972551928331342e+00
-1.461578972656033093e+00
-1.487932306818482875e+00
-1.466294821189815467e+00
-1.497339932687440811e+00
-1.482384152035498115e+00
-1.435910537308371593e+00
-1.471450116925946183e+00
-1.467542248856922749e+00
-1.488618673511120871e+00
-1.489853711724180574e+00
-1.494134840342824067e+00
-1.469004840685846025e+00
-1.496777272372259437e+00
-1.497429310767523614e+00
-1.470593068201698106e+00
-1.496678012856142548e+00
-1.493389457612705806e+00
-1.483679091360379454e+00
-1.467367362615654702e+00
-1.497995221757085993e+00
-1.497983575385475330e+00
-1.491307810028968728e+00
-1.418541260893759981e+00
-1.497497508549649359e+00
-1.466690815485124588e+00
-1.490867509211306841e+00
-1.473632444090670068e+00
-1.466806381399116566e+00
-1.496098069340877634e+00
-1.496285554847982757e+00
-1.444369541439758375e+00
-1.484702485439777231e+00
-1.497152771003077643e+00
-1.497932286641734834e+00
-1.480296160232862146e+00
-1.490869163191972380e+00
-1.496633735500777940e+00
-1.496780193100929468e+00
-1.481738305231265596e+00
-1.497893005819350254e+00
-1.497945227572311078e+00
-1.442576619891658085e+00
-1.448585780342625640e+00
-1.442650019186581867e+00
-1.469555533220671339e+00
-1.496630435217423116e+00
-1.490259878446300368e+00
-1.449306501719615614e+00
-1.496790191976879125e+00
-1.461661677895473188e+00
-1.496778959469902581e+00
-1.488363320683625091e+00
-1.450403388043851383e+00
-1.497929778176762428e+00
-1.497954878301557713e+00
-1.469527391779333003e+00
-1.497988037314858856e+00
-1.497494503535046650e+00
-1.497937372231654019e+00
-1.496380546002545220e+00
-1.497887952311404813e+00
-1.496779094348796413e+00
-1.418626619654048460e+00
-1.484381058440452872e+00
-1.437443065244027096e+00
-1.473529182000788085e+00
-1.497194287530663859e+00
-1.497493971025474435e+00
-1.461809462426522099e+00
-1.496680949633771629e+00
-1.494216136408413664e+00
-1.497607833821854806e+00
-1.456272400068632233e+00
-1.472235123920198063e+00
-1.496638738075753761e+00
-1.497185152088015947e+00
-1.433447616768471766e+00
-1.497921669543284873e+00
-1.478882271546732685e+00
-1.497921687659268031e+00
-1.440208565737418844e+00
-1.485887772129864226e+00
-1.484354612857714528e+00
-1.468680047738242234e+00
-1.492650898657079228e+00
-1.489148377667815160e+00
-1.497245433965513461e+00
-1.497970146051265772e+00
-1.492935610824939641e+00
-1.460843199248145652e+00
-1.497429825725112407e+00
-1.486094720851323547e+00
-1.497600788336521660e+00
-1.491055126845318712e+00
-1.477286429698024817e+00
-1.443522680159289084e+00
-1.481840455937052603e+00
-1.480174297585958421e+00
-1.458847204368487027e+00
-1.486488608560328828e+00
-1.496196186766905356e+00
-1.495463154498838376e+00
-1.469759684554371448e+00
-1.476122715043563849e+00
-1.497333868955316838e+00
-1.497358031349878882e+00
-1.456749721669483355e+00
-1.497952819293213889e+00
-1.474618176615379639e+00
-1.458077718749751561e+00
-1.466917879838394168e+00
-1.497221896603430080e+00
-1.497018460852167276e+00
-1.496792278726181369e+00
-1.466803672127311442e+00
-1.497616940273529762e+00
-1.470543525714574251e+00
-1.474311143696477089e+00
-1.496717905496030454e+00
-1.497918489775839301e+00
-1.457814621741486238e+00
-1.475339585079820770e+00
-1.492579890375218765e+00
-1.493417372926245434e+00
-1.497365027057242726e+00
-1.493198848314098326e+00
-1.497178219578602754e+00
-1.496608752833888722e+00
-1.490954585001224464e+00
-1.489656784573671677e+00
-1.454705797552389379e+00
-1.496918846803335423e+00
-1.497955660256932164e+00
-1.474798158066540354e+00
-1.491686761412984508e+00
-1.497040870684136493e+00
-1.489343463390809141e+00
-1.469453970138398180e+00
-1.497951890413948828e+00
-1.442903513950582362e+00
-1.497905498572301708e+00
-1.496661665526292317e+00
-1.450399933232639382e+00
-1.496732762492085200e+00
-1.494513004959503011e+00
-1.497304465549003094e+00
-1.459131107758006252e+00
-1.491919236163896656e+00
-1.496855601185236750e+00
-1.497966654158080502e+00
-1.490564434777198244e+00
-1.484334289016074893e+00
-1.493459940116983242e+00
-1.494446024034407960e+00
-1.474491912676988203e+00
-1.497023672335975109e+00
-1.489816471259146402e+00
-1.496450480670259431e+00
-1.497997287337432981e+00
-1.497946475518318499e+00
-1.462965288055340762e+00
-1.494435638369744135e+00
-1.497943792240476135e+00
-1.483014384202314906e+00
-1.436964412909229827e+00
-1.493162676295210156e+00
-1.478290736010790640e+00
-1.466326352657433052e+00
-1.491204277944291334e+00
-1.489856629341841154e+00
-1.472249405512700227e+00
-1.473464649855720898e+00
-1.496771856674626200e+00
-1.489241871247589222e+00
-1.497984729067520115e+00
-1.497416979549454963e+00
-1.471662815769779975e+00
-1.497549242107989897e+00
-1.487911673329076923e+00
-1.497529341301014227e+00
-1.458073593194069817e+00
-1.497185904607419404e+00
-1.497241136056972621e+00
-1.484167213186547318e+00
-1.472810742407972162e+00
-1.487788202771441304e+00
-1.486130377404641933e+00
-1.475393789357173135e+00
-1.487214234032372406e+00
-1.497997167940514185e+00
-1.469058547934634529e+00
-1.497363354177605022e+00
-1.490383475547829129e+00
-1.486061183450332113e+00
-1.497923317240967389e+00
-1.469264925995551918e+00
-1.453493502348015332e+00
-1.496826300386810527e+00
-1.497985613703826102e+00
-1.496656902367134112e+00
-1.496437061901072507e+00
-1.496935086517255042e+00
-1.496329635192515495e+00
-1.446599046438520331e+00
-1.491943608726286286e+00
-1.475525600613118993e+00
-1.481851364130274407e+00
-1.495461595850079872e+00
-1.497953753886460460e+00
-1.496770118696024721e+00
-1.496771997531509912e+00
-1.496843927790627804e+00
-1.497108095747028411e+00
-1.497441733357534277e+00
-1.497525185798367797e+00
-1.497929004118381702e+00
-1.498007897789897847e+00
-1.497920947089876442e+00
-1.490685403158869660e+00
-1.489437197130395463e+00
-1.496977731709947079e+00
-1.493318114753110271e+00
-1.471646423508966572e+00
-1.496963861524114980e+00
-1.489748184103094841e+00
-1.496582015537410770e+00
-1.487322402014326306e+00
-1.496531849275780424e+00
-1.440807179463670762e+00
-1.497535526460047617e+00
-1.470872538986790268e+00
-1.492951527286143110e+00
-1.486878333260690299e+00
-1.496850167093599637e+00
-1.497566005611508988e+00
-1.495397410786755144e+00
-1.497960711725849103e+00
-1.488064307729245028e+00
-1.492998011641715417e+00
-1.497315622806011604e+00
-1.466934797802780466e+00
-1.490574047441478811e+00
-1.456733995841143603e+00
-1.454778523118850364e+00
-1.493024009903800131e+00
-1.493670430103564817e+00
-1.473581044108029703e+00
-1.497134665493656369e+00
-1.443512783454272030e+00
-1.406619298196257084e+00
-1.497935716965987041e+00
-1.496341551145926152e+00
-1.494084348861469236e+00
-1.496766059208287203e+00
-1.497929410901042147e+00
-1.471223822720062691e+00
-1.430331409155328526e+00
-1.482574724688149326e+00
-1.497183458585375160e+00
-1.496959920176261782e+00
-1.497616350177982891e+00
-1.493464937666947767e+00
-1.496540353455944272e+00
-1.452639363859406618e+00
-1.470210385516665941e+00
-1.497351074015486727e+00
-1.448502626807554261e+00
-1.497313785304497769e+00
-1.493005905055382110e+00
-1.463292526612987698e+00
-1.493522081146952951e+00
-1.487548843725096770e+00
-1.490242920882944411e+00
-1.458871517872914358e+00
-1.490675970875437795e+00
-1.493794777732505796e+00
-1.455463923957257100e+00
-1.492483956789419253e+00
-1.497953797089413452e+00
-1.497927101272909622e+00
-1.486369171631471087e+00
-1.492354656476476249e+00
-1.483966450029102102e+00
-1.446132511720965352e+00
-1.471875183629886230e+00
-1.496982537613076314e+00
-1.497936163813619048e+00
-1.485448580973317556e+00
-1.497905615371194266e+00
-1.480174054486149915e+00
-1.467009546952624532e+00
-1.489438540201314831e+00
-1.446129830579126363e+00
-1.491959112788817876e+00
-1.482929233891848497e+00
-1.481333121381344986e+00
-1.496178088923466820e+00
-1.493502520992705973e+00
-1.496415545135366676e+00
-1.492712412104576503e+00
-1.491726797377781910e+00
-1.484715161587555121e+00
-1.497904756762900469e+00
-1.490080832726390581e+00
-1.497347350822466616e+00
-1.440448666644181808e+00
-1.479545064931328646e+00
-1.496981437934964632e+00
-1.497188064350661207e+00
-1.496504747928591339e+00
-1.484882256115085175e+00
-1.497937913401200083e+00
-1.457123127706988708e+00
-1.491243262018916216e+00
-1.497904666229966653e+00
-1.481408669264538736e+00
-1.496527156198561581e+00
-1.497916587000369670e+00
-1.496629204508429956e+00
-1.466344720558649950e+00
-1.462481832616410404e+00
-1.497180585508675277e+00
-1.492211134522998028e+00
-1.493249376221425617e+00
-1.470185537123657848e+00
-1.497333253287812305e+00
-1.497977231842557710e+00
-1.474014523299197021e+00
-1.497615484048685497e+00
-1.497450190892708477e+00
-1.497412792306804574e+00
-1.494256026397297044e+00
-1.497383896186071706e+00
-1.491211985223081848e+00
-1.497272473176728180e+00
-1.497012510761939863e+00
-1.497969972717403842e+00
-1.497958094944976226e+00
-1.496784920378106065e+00
-1.493834716925354078e+00
-1.497890376238458332e+00
-1.465581785789647595e+00
-1.496610513181465763e+00
-1.497942464486543779e+00
-1.469405599176339949e+00
-1.491946264004134548e+00
-1.487857999429271993e+00
-1.485411307545323023e+00
-1.497531169485557978e+00
-1.497997189702516385e+00
-1.497977592303268990e+00
-1.469545977685373206e+00
-1.493805233146091815e+00
-1.493816702414868969e+00
-1.490650403672027835e+00
-1.497067814859455837e+00
-1.497409209130693863e+00
-1.436146563255426445e+00
-1.497982343890452039e+00
-1.463794004712407171e+00
-1.497961676069098136e+00
-1.494377017965920373e+00
-1.494070806811369723e+00
-1.442634432996148242e+00
-1.497926079589732229e+00
-1.487344455950561750e+00
-1.486740655668509659e+00
-1.436019064106018206e+00
-1.491747166957361426e+00
-1.497343227567804469e+00
-1.491860869256875333e+00
-1.455054967195378968e+00
-1.496377872154705857e+00
-1.488536955179873056e+00
-1.453411981504629136e+00
-1.492084282416078267e+00
-1.497927519486573322e+00
-1.493005131267007402e+00
-1.410026654283106584e+00
-1.497429763039150208e+00
-1.475633231018482538e+00
-1.489593106940906964e+00
-1.463516558998687156e+00
-1.484281696353396907e+00
-1.497946170438570812e+00
-1.404566167681575717e+00
-1.496179216156574121e+00
-1.497220458429596723e+00
-1.496806719097572236e+00
-1.467924744153086047e+00
-1.478379794121117863e+00
-1.497920230906433892e+00
-1.494966631438413351e+00
-1.430072236137906350e+00
-1.497583796689196944e+00
-1.491207382712789409e+00
-1.496816160350973535e+00
-1.497403435589332643e+00
-1.497176951843626647e+00
-1.497438312401269345e+00
-1.497409275801632411e+00
-1.429808607669056597e+00
-1.496700233186261109e+00
-1.460647820987382550e+00
-1.491940031258159660e+00
-1.460739303745764328e+00
-1.496650555566238605e+00
-1.467998105948067122e+00
-1.464809934848807949e+00
-1.444671636331637865e+00
-1.488935453246170937e+00
-1.497310150531429906e+00
-1.443934653774738175e+00
-1.438363163677564005e+00
-1.497385104787085419e+00
-1.438362988587696512e+00
-1.491993335199265580e+00
-1.463324161138521928e+00
-1.459037857600058441e+00
-1.497967891430095788e+00
-1.485080545640522942e+00
-1.475135815006788365e+00
-1.491429630691925690e+00
-1.469666363065494030e+00
-1.493026994191404500e+00
-1.472907028893461590e+00
-1.492055083980573071e+00
-1.493165767817724143e+00
-1.486639224667128723e+00
-1.445298525171137660e+00
-1.449115394799397549e+00
-1.497314540090871615e+00
-1.497989069590031308e+00
-1.480418824788159338e+00
-1.497959090775162538e+00
-1.480071024257061607e+00
-1.469362835578759574e+00
-1.456205199155704122e+00
-1.479393298824485115e+00
-1.497409530021454049e+00
-1.464039729524671429e+00
-1.477858718298472374e+00
-1.458521473207623487e+00
-1.497903084253227934e+00
-1.451997387889050417e+00
-1.497275463223334047e+00
-1.497938356139851823e+00
-1.497921253275625642e+00
-1.460359807613173189e+00
-1.497067352509811933e+00
-1.497950877445769935e+00
-1.498009500693609608e+00
-1.476285298008720437e+00
-1.492638318680188592e+00
-1.497315087840436210e+00
-1.489734151666409323e+00
-1.485191830228948628e+00
-1.490371141721757997e+00
-1.497944560123847468e+00
-1.423179540335967053e+00
-1.497981321833273816e+00
-1.491496787899888377e+00
-1.489783052393044427e+00
-1.496959606578534441e+00
-1.475278732778789736e+00
-1.497969867746480555e+00
-1.497927123337887023e+00
-1.497350077562297432e+00
-1.443610986983230537e+00
-1.496381960002398204e+00
-1.489993082439032612e+00
-1.450115611756473299e+00
-1.429751449061040347e+00
-1.497176447210016637e+00
-1.425460594582240725e+00
-1.450868239705753515e+00
-1.496191804917442747e+00
-1.497995322313012911e+00
-1.458480751819408061e+00
-1.497924995724594144e+00
-1.496598641749035341e+00
-1.497508666441655034e+00
-1.489879267272624208e+00
-1.494486440413873352e+00
-1.448294380675154924e+00
-1.497978802673305632e+00
-1.487483630421569281e+00
-1.497380763537604409e+00
-1.450004955846517340e+00
-1.484175539689845058e+00
-1.497956765488044795e+00
-1.477081848780678719e+00
-1.497922786901390912e+00
-1.496475641137023693e+00
-1.493368355888689658e+00
-1.497329069403184221e+00
-1.492806339151990125e+00
-1.454004133055076142e+00
-1.489800112709323665e+00
-1.498021113254241810e+00
-1.497290992700849976e+00
-1.496932452902387967e+00
-1.491268221414810524e+00
-1.473852722559392925e+00
-1.449421378501159152e+00
-1.497260613287282771e+00
-1.453434707800340231e+00
-1.492933331397776620e+00
-1.420695955133698618e+00
-1.487881359927491598e+00
-1.454876536405970811e+00
-1.497956019268649186e+00
-1.497944155625182239e+00
-1.473200025400678514e+00
-1.493370223714181932e+00
-1.482015280056358630e+00
-1.490345743019215741e+00
-1.497571552315041243e+00
-1.497941375092421312e+00
-1.492439086994542752e+00
-1.481225386623059137e+00
-1.497486357081598385e+00
-1.490812759149351630e+00
-1.496444696672900809e+00
-1.463147124954008005e+00
-1.495935111750010815e+00
-1.493730198882478932e+00
-1.494699193067662302e+00
-1.497960249403234245e+00
-1.490173273566013146e+00
-1.497317881656186289e+00
-1.473672695727268334e+00
-1.486698899418094078e+00
-1.496622120253131127e+00
-1.494960372011466365e+00
-1.461358772245227255e+00
