-8.020453704610086554e-01
-8.019143892541147345e-01
-8.023536074995614165e-01
-7.823516083970285528e-01
-8.014544146224475973e-01
-7.893989645033694380e-01
-7.913751918911553496e-01
-8.023687461480117911e-01
-7.985262498348570936e-01
-7.885194132193542593e-01
-7.689361535101748579e-01
-7.463471628814555281e-01
-8.023818507879592055e-01
-8.023605514406777495e-01
-7.975065484732009047e-01
-7.856983859181023711e-01
-7.928533139727629298e-01
-8.018769705757118338e-01
-7.985000899150587195e-01
-7.972023841082669371e-01
-7.708122935235119932e-01
-7.849627621560908430e-01
-7.747959792703009718e-01
-8.024471215992785567e-01
-7.886149697094775313e-01
-8.020610958426810377e-01
-7.575189694851256483e-01
-7.801047023474789732e-01
-7.909040181055284613e-01
-7.973512336700774306e-01
-8.013657601639248007e-01
-7.823230568408585661e-01
-7.808194095357872122e-01
-7.729953993200875395e-01
-8.019730430185414427e-01
-8.011867953553415411e-01
-7.589467186569787138e-01
-8.014200404375411146e-01
-7.973350714981175535e-01
-8.023774577393747442e-01
-7.613584119915581816e-01
-7.968791555702305907e-01
-8.013278190135575407e-01
-8.013417860582090491e-01
-7.802198054357982748e-01
-7.839577347129202956e-01
-7.989027015953875654e-01
-7.256363667636729353e-01
-8.015346974223471754e-01
-8.024458848028994673e-01
-7.937753582462288016e-01
-7.990527264862872237e-01
-8.006370328455783003e-01
-7.871598461731887930e-01
-8.017506431877232664e-01
-7.665861155926800841e-01
-7.712102234452582472e-01
-7.974831434055782431e-01
-7.776256147861100310e-01
-7.985230889260388487e-01
-7.997122658505655401e-01
-7.987530836924530142e-01
-7.989617036744571799e-01
-7.791007384746886366e-01
-7.443277873187876814e-01
-7.824667571201540106e-01
-8.018194334670520895e-01
-7.842974085449792021e-01
-8.000058205887294882e-01
-7.566408477812625044e-01
-7.928774003028489226e-01
-7.706777304499961012e-01
-8.018518714323259466e-01
-7.934106653645254248e-01
-8.010827628984666937e-01
-8.023113301112867468e-01
-7.615037188022948378e-01
-8.024107357576109045e-01
-7.843419406652070158e-01
-8.006936572581149214e-01
-8.024528585463381880e-01
-8.023925293325997465e-01
-7.995523801162458533e-01
-8.013038076549388045e-01
-7.986430451362944716e-01
-7.572884447961665266e-01
-7.936771372422195547e-01
-8.016898287549234503e-01
-7.977060293867803686e-01
-7.744309101342774504e-01
-7.795278355568266981e-01
-7.989104520618535155e-01
-7.985453615054107779e-01
-7.953388881958640688e-01
-7.756697889506436461e-01
-7.972481497652448290e-01
-8.018196588471151465e-01
-7.973454799592114561e-01
-7.993300091564274901e-01
-7.708839178174353712e-01
-7.999212937518573874e-01
-7.981400154620028609e-01
-8.006014758810020560e-01
-8.009776193737603300e-01
-7.601013612091160887e-01
-7.917387457653499716e-01
-7.477883957415438765e-01
-7.546886503785468214e-01
-7.841774951755620116e-01
-8.024347964763260954e-01
-8.023232873618222349e-01
-7.898541204720355147e-01
-7.554015107541895979e-01
-7.893017185940958136e-01
-7.490802966147280806e-01
-7.847923263996459120e-01
-8.018384911208964461e-01
-7.983802221804476851e-01
-8.023360427558041685e-01
-7.727158069699622267e-01
-8.023820063188291662e-01
-8.017346412032462233e-01
-7.998138424098111265e-01
-7.715002428829289549e-01
-8.020377382725096815e-01
-7.936865734025455588e-01
-8.024237481966234320e-01
-8.023920524954415434e-01
-8.013456529095388525e-01
-7.807958293795205229e-01
-7.987197861164427870e-01
-8.024692786946512335e-01
-7.823578966870523566e-01
-8.023543432443953627e-01
-8.012785604312635535e-01
-7.967312573544300669e-01
-7.962342919870830649e-01
-7.890321808024860495e-01
-7.788262926131106489e-01
-7.886718390598512762e-01
-8.010182147934652441e-01
-7.960892869248605841e-01
-7.621432691901541823e-01
-7.378404215067244643e-01
-8.024115748792506331e-01
-7.907519461676097983e-01
-7.972467718734956854e-01
-7.363195531159258955e-01
-7.766715549021578902e-01
-7.680774256676055067e-01
-7.698541078805543059e-01
-8.024077089592434042e-01
-7.672723960220433348e-01
-8.018908072352028960e-01
-7.991733253091193312e-01
-8.011724408804989928e-01
-7.810740461662031286e-01
-8.014585413127757185e-01
-8.024283628999806517e-01
-8.024039212703324431e-01
-8.023682730361438864e-01
-7.607461959212638014e-01
-7.471342682927466505e-01
-8.013292383491612547e-01
-8.024032237097240561e-01
-7.307322993963576430e-01
-8.017867766409731978e-01
-7.941912692129231566e-01
-7.969930097549773329e-01
-7.998478012248493307e-01
-8.007905436768747442e-01
-7.710333280354357832e-01
-7.939057983547068709e-01
-7.835454419344283217e-01
-7.957118731081105345e-01
-7.511421553879595869e-01
-7.441303432076789015e-01
-8.024068381726361388e-01
-7.739166263579941862e-01
-8.023518808275080794e-01
-7.897562179803467863e-01
-8.024230357348538512e-01
-7.835186328827954405e-01
-8.020090274601794356e-01
-7.954997154973066920e-01
-7.752513596877075308e-01
-7.891201581894971007e-01
-7.864350723191715353e-01
-8.024454778149343603e-01
-7.994058299898720854e-01
-7.863383870660878294e-01
-7.856023628353692168e-01
-7.867078175857282751e-01
-7.985221026554323309e-01
-7.735561784445859068e-01
-7.593678757637358778e-01
-7.808768469929314726e-01
-8.014970682650424116e-01
-7.973374724477149122e-01
-7.870325315832711333e-01
-7.884421683936930769e-01
-7.945827967576302164e-01
-8.019333677455402487e-01
-7.901521353140092963e-01
-7.584007456987715834e-01
-7.995573254391170614e-01
-7.980344193145252341e-01
-8.024856522768355482e-01
-8.020723238676406019e-01
-7.711674142717934721e-01
-8.017019275664902800e-01
-7.972450456671036356e-01
-7.624836061238862150e-01
-8.017525691628075712e-01
-8.016320616095877760e-01
-7.584989965051032179e-01
-7.987405825495339506e-01
-7.990326862871266478e-01
-7.766840569763995283e-01
-7.679451610982037657e-01
-7.878708215519405478e-01
-7.542794719427443617e-01
-7.882550256415821188e-01
-8.023103242829061621e-01
-7.954290006398774260e-01
-7.826048676013566130e-01
-8.024459909736729735e-01
-8.008720697924114340e-01
-7.987954095095015639e-01
-8.014787398367739790e-01
-8.020877102478958243e-01
-7.639062199830628508e-01
-8.023670353084422224e-01
-7.989911036654926413e-01
-7.511695772498465651e-01
-8.020869493573523634e-01
-8.020434733569241637e-01
-7.694557756274558180e-01
-7.746478328570343130e-01
-8.020215919330335730e-01
-7.928100265651560896e-01
-7.592737656175709837e-01
-8.023479031487918967e-01
-7.964365501045800322e-01
-7.705165185123301619e-01
-7.909655897035814398e-01
-7.628235165118790739e-01
-8.018655832945920103e-01
-8.018330019056416624e-01
-7.852754285648084753e-01
-8.005221700384832495e-01
-7.867107782601929777e-01
-7.452011443763590925e-01
-7.968660215936220759e-01
-7.960176318972922438e-01
-7.989654084756590002e-01
-7.998329931959129446e-01
-7.877376079648352736e-01
-7.979391478091097945e-01
-7.656180597930766218e-01
-7.730964738964654082e-01
-7.919070320292926901e-01
-7.928124806001402014e-01
-7.914243713110304945e-01
-7.926785629331685179e-01
-7.992765512406445616e-01
-7.853820361286021345e-01
-7.369620800107337111e-01
-7.954276059843219393e-01
-7.938323356300212019e-01
-8.018208034425593489e-01
-7.978752991273618811e-01
-8.023553891196466559e-01
-7.890298897489524954e-01
-7.988322051331020468e-01
-8.023426542147613638e-01
-7.817264348357535475e-01
-7.984297145247079008e-01
-7.920344639658547514e-01
-7.622370161205149763e-01
-8.019394762903071516e-01
-8.023641677662349814e-01
-7.496265098541594618e-01
-8.018818013459063643e-01
-8.019135156735397452e-01
-7.996328035458541983e-01
-7.757907826542473906e-01
-8.023871686398602598e-01
-7.358004450887061232e-01
-7.798174936413384550e-01
-7.968218773692465895e-01
-8.020174717619634741e-01
-7.812721468597270125e-01
-8.020961266100026243e-01
-8.014718573629475706e-01
-7.599465139299250716e-01
-7.835767492740965956e-01
-8.024167670026041144e-01
-8.024304807275153273e-01
-8.016207395210481756e-01
-8.019453287213660353e-01
-7.818260826259471052e-01
-7.904003625824667090e-01
-7.994878897532440298e-01
-7.555287219673014754e-01
-7.861539293169594877e-01
-7.954305503606415861e-01
-8.024738887413955801e-01
-7.459846250801898115e-01
-8.024042882114268416e-01
-7.829822693109131926e-01
-7.876909650019920939e-01
-8.011122495025015944e-01
-7.927708420991517180e-01
-7.678845878779507750e-01
-8.015924468725539320e-01
-7.376450225799895399e-01
-8.013771399944640272e-01
-8.023435529410458678e-01
-7.949866936631120318e-01
-8.020319482400632971e-01
-7.953021489172793501e-01
-8.019525902434803122e-01
-8.024259042083836668e-01
-7.594146244316912764e-01
-8.003553943797565573e-01
-7.895312532871581190e-01
-7.947160862475253218e-01
-8.015812654137230986e-01
-7.943176301285244101e-01
-8.024757606997705572e-01
-8.023826824590183371e-01
-7.890706798150755041e-01
-7.732894010930873030e-01
-7.648710664450741881e-01
-7.956521427347875708e-01
-7.825463805436707609e-01
-7.926585376351691359e-01
-8.024096991955853575e-01
-7.971460335045672529e-01
-7.904564906000710600e-01
-8.020949093713976019e-01
-8.001671293839431875e-01
-7.906506126835561865e-01
-7.843152340590573424e-01
-8.023978183135009878e-01
-8.023125398993111723e-01
-7.950721373870588415e-01
-8.016831250950313681e-01
-7.541168518453456038e-01
-7.966923937290526503e-01
-8.014783216729379767e-01
-8.020837530582762831e-01
-8.012917889371133917e-01
-7.993215071126438254e-01
-8.023382872432089918e-01
-7.967023383915043944e-01
-8.007955160081006163e-01
-7.970123440116263502e-01
-7.884896891280628317e-01
