-8.020424159513453999e-01
-8.019136307709835432e-01
-8.023486457958977081e-01
-7.823199502795086246e-01
-8.014531605985549811e-01
-7.893866558453951354e-01
-7.913635534154287443e-01
-8.023633570270555238e-01
-7.985214991148860131e-01
-7.885136199200003526e-01
-7.689629379049128799e-01
-7.463271090746904646e-01
-8.023767026003097991e-01
-8.023570668191237765e-01
-7.975129515125489732e-01
-7.857175229552283424e-01
-7.928450364581669518e-01
-8.018750674690114932e-01
-7.985001203221012700e-01
-7.972010528645580019e-01
-7.708036436025561544e-01
-7.849125909150200808e-01
-7.748148501134375365e-01
-8.024427538451595066e-01
-7.886287738003261438e-01
-8.020570642465579825e-01
-7.575474690208097162e-01
-7.800984563943157424e-01
-7.909043696239809185e-01
-7.973469013181773146e-01
-8.013611073246388328e-01
-7.822941718322542481e-01
-7.808104064473534445e-01
-7.729789600689119800e-01
-8.019715812553478429e-01
-8.011820241117637575e-01
-7.589852444827216438e-01
-8.014137215612955334e-01
-7.973398337448737161e-01
-8.023735182188733717e-01
-7.613497719558158794e-01
-7.968779001806177709e-01
-8.013266233833877816e-01
-8.013412674006106240e-01
-7.802346655486972482e-01
-7.839605031422288706e-01
-7.988943404498308754e-01
-7.255551864634394166e-01
-8.015332294631262178e-01
-8.024417565319582613e-01
-7.937655017104032762e-01
-7.990492197501989358e-01
-8.006356898354345386e-01
-7.871595923036855957e-01
-8.017457529980894781e-01
-7.665506689392482809e-01
-7.711849726246737813e-01
-7.974861237671376779e-01
-7.776447102090386920e-01
-7.985244824114832163e-01
-7.997091196741183960e-01
-7.987519182194557921e-01
-7.989689047948345113e-01
-7.790715940557150221e-01
-7.443475726747796895e-01
-7.824669415222201829e-01
-8.018134301056182300e-01
-7.843118124235137767e-01
-8.000026738168717344e-01
-7.566591253387296989e-01
-7.928880198985871486e-01
-7.706617274297746789e-01
-8.018461023333324222e-01
-7.934061727425881783e-01
-8.010804380065176256e-01
-8.023066877926623430e-01
-7.615741819232092480e-01
-8.024071142838457016e-01
-7.843263459868151655e-01
-8.006925797126528410e-01
-8.024480473388913015e-01
-8.023883684759330892e-01
-7.995562526171503537e-01
-8.013036950108496370e-01
-7.986498023586422468e-01
-7.572820620204152586e-01
-7.936736599443120488e-01
-8.016842189906140392e-01
-7.977062762769566717e-01
-7.744334137404070839e-01
-7.795189085617211244e-01
-7.988986772713411177e-01
-7.985376167179141227e-01
-7.953289476281759640e-01
-7.756931676915923557e-01
-7.972530639636947747e-01
-8.018161993533922116e-01
-7.973586747757106519e-01
-7.993300122782214245e-01
-7.709505430553419414e-01
-7.999191067601304495e-01
-7.981377563057199254e-01
-8.006002643659460016e-01
-8.009766578890356037e-01
-7.600987641246003124e-01
-7.917351860733601310e-01
-7.477059351070494131e-01
-7.546116352135026073e-01
-7.841910160367158156e-01
-8.024295785567596706e-01
-8.023185960990761867e-01
-7.898535354656588403e-01
-7.553964319549177908e-01
-7.892761017973711768e-01
-7.490445155777896158e-01
-7.847483673801838311e-01
-8.018365154170393749e-01
-7.983741924064461370e-01
-8.023314453507418564e-01
-7.727317174318905080e-01
-8.023774096137508138e-01
-8.017319523782006074e-01
-7.998084450451872218e-01
-7.715283120563584118e-01
-8.020330050029081947e-01
-7.936919710015731821e-01
-8.024198819275696337e-01
-8.023871924938779099e-01
-8.013455515061592704e-01
-7.807864624096317874e-01
-7.987170634075105857e-01
-8.024654696628744643e-01
-7.823337318264135254e-01
-8.023499539548395454e-01
-8.012699598619951180e-01
-7.967197268019177159e-01
-7.962293275755789601e-01
-7.890368373609236707e-01
-7.787336886416434956e-01
-7.886685678093018348e-01
-8.010165963558945057e-01
-7.960906348291937329e-01
-7.621229499245704142e-01
-7.378551272897483360e-01
-8.024068616390400699e-01
-7.907597534133585793e-01
-7.972342172858665199e-01
-7.362842129949824788e-01
-7.766101625086189175e-01
-7.680796020208051633e-01
-7.699033576690900160e-01
-8.024029507361849500e-01
-7.672609390896496517e-01
-8.018875834609408004e-01
-7.991702865167642500e-01
-8.011670577368091850e-01
-7.810733870987119909e-01
-8.014529949976939571e-01
-8.024242359850564110e-01
-8.023989715213939444e-01
-8.023625425117115739e-01
-7.607271704488630659e-01
-7.471259819797834156e-01
-8.013238960795855403e-01
-8.023991694522359941e-01
-7.307284635221086289e-01
-8.017817472211242746e-01
-7.941961508838255579e-01
-7.969989436702056285e-01
-7.998432451641867003e-01
-8.007862614802576662e-01
-7.710541813599340877e-01
-7.939036751572042805e-01
-7.835503861832879835e-01
-7.957157315279039800e-01
-7.511767571248181286e-01
-7.441448355049397057e-01
-8.024018968480391978e-01
-7.738833506750836255e-01
-8.023463253607598933e-01
-7.897994315252017117e-01
-8.024190764272151055e-01
-7.835644419869770561e-01
-8.020043919949435551e-01
-7.954950539605086801e-01
-7.752409159165550845e-01
-7.891124611920652399e-01
-7.864345859271573147e-01
-8.024417480809687975e-01
-7.994055381054334664e-01
-7.863399866712869057e-01
-7.855405330046698609e-01
-7.866948177687197452e-01
-7.985191205608098697e-01
-7.735578017610803547e-01
-7.593889318668537447e-01
-7.808931085098033131e-01
-8.014943016254550967e-01
-7.973292944853513919e-01
-7.870396939021776506e-01
-7.883825269004948177e-01
-7.945925053288558360e-01
-8.019270783971634842e-01
-7.901459689173233603e-01
-7.583603019726664618e-01
-7.995543131957103533e-01
-7.980273759615513773e-01
-8.024810433173408253e-01
-8.020662494671609855e-01
-7.711624962497631852e-01
-8.016974589839533927e-01
-7.972505605687104646e-01
-7.624935240613511800e-01
-8.017502407164727174e-01
-8.016303478229598323e-01
-7.585177814399250984e-01
-7.987332647694621590e-01
-7.990298567047818823e-01
-7.767085222174592296e-01
-7.679327604749746072e-01
-7.878796222932218374e-01
-7.543085525024164628e-01
-7.882355998917327522e-01
-8.023057128864510279e-01
-7.954227872276590228e-01
-7.826153436517856443e-01
-8.024411497024470652e-01
-8.008689299247406801e-01
-7.987919712432192121e-01
-8.014727988807498482e-01
-8.020851418559571400e-01
-7.638620666719709851e-01
-8.023619339542045203e-01
-7.989936672869045742e-01
-7.511577935930729977e-01
-8.020830717166151924e-01
-8.020413481312015369e-01
-7.694369899284176917e-01
-7.746047533565214582e-01
-8.020171817806533987e-01
-7.928014257012728772e-01
-7.592632059110279164e-01
-8.023426684167017653e-01
-7.964278974177733117e-01
-7.704902981497335768e-01
-7.909785681402550228e-01
-7.628322715017370470e-01
-8.018632320355462140e-01
-8.018282327357046935e-01
-7.852848079434612272e-01
-8.005192195511778852e-01
-7.866819992350424506e-01
-7.452450401905135191e-01
-7.968638780359080798e-01
-7.960042359637289344e-01
-7.989726182048401126e-01
-7.998294334802895644e-01
-7.877032231381795313e-01
-7.979391608045406370e-01
-7.656243745837119086e-01
-7.730882004090009474e-01
-7.919101974935131016e-01
-7.928170842896720139e-01
-7.914263133569261477e-01
-7.926701159619452541e-01
-7.992783190578141017e-01
-7.853897011090427149e-01
-7.368344564471513980e-01
-7.954237865078541692e-01
-7.938419592018792770e-01
-8.018174533083833877e-01
-7.978760577333221526e-01
-8.023497604149917306e-01
-7.890416322490575451e-01
-7.988288984365085055e-01
-8.023380875183875327e-01
-7.817228157160646118e-01
-7.984277838663069726e-01
-7.920322162853116188e-01
-7.622047686777368991e-01
-8.019353543575081789e-01
-8.023597765139431903e-01
-7.496064411305706221e-01
-8.018793030586133241e-01
-8.019104466845501378e-01
-7.996277269326309556e-01
-7.757497260940697803e-01
-8.023813455295800701e-01
-7.357633523091564598e-01
-7.796490909119490054e-01
-7.968243119337433678e-01
-8.020140420791740388e-01
-7.813121840345397251e-01
-8.020922612752202641e-01
-8.014652598048256360e-01
-7.599434205976060008e-01
-7.835621458508181814e-01
-8.024127488273001818e-01
-8.024270502507924174e-01
-8.016177916820728111e-01
-8.019411678068251170e-01
-7.818613265505962584e-01
-7.903957762742765958e-01
-7.994799759915249826e-01
-7.555328631931178540e-01
-7.861587027871737021e-01
-7.954364799756371562e-01
-8.024694171087001227e-01
-7.459778519787682027e-01
-8.023993089641203724e-01
-7.829854401499450889e-01
-7.877092830553032998e-01
-8.011135985378352586e-01
-7.927735641546859169e-01
-7.678960708975010041e-01
-8.015908107177793784e-01
-7.376217540265511685e-01
-8.013720936757932067e-01
-8.023376788467224685e-01
-7.949776242319142039e-01
-8.020255864308847293e-01
-7.952985341376601625e-01
-8.019477149485514378e-01
-8.024212853374310672e-01
-7.594123836709776310e-01
-8.003504339900131548e-01
-7.895415793177110730e-01
-7.947203768959363313e-01
-8.015740991612303468e-01
-7.943144151186476432e-01
-8.024709319614867775e-01
-8.023779342933187175e-01
-7.890744678186344396e-01
-7.732966935602182401e-01
-7.648822523329588119e-01
-7.956338010418400053e-01
-7.825531519978324857e-01
-7.926587330571096546e-01
-8.024045740948849703e-01
-7.971447674618585832e-01
-7.904295672720862420e-01
-8.020902056528800284e-01
-8.001649212803041422e-01
-7.906381415292330628e-01
-7.843306929533184757e-01
-8.023933911128822150e-01
-8.023075788859491686e-01
-7.950653985892716102e-01
-8.016806548334718396e-01
-7.541168340827055783e-01
-7.967010521539359402e-01
-8.014735356291583512e-01
-8.020817265887046910e-01
-8.012884960600830109e-01
-7.993220461666270538e-01
-8.023335800200166457e-01
-7.967023988248598254e-01
-8.007890721169990123e-01
-7.970148914503738524e-01
-7.884861322151116569e-01
