-5.658486470274460833e-01
-6.157401396219764900e-01
-5.622535326237269038e-01
-5.728636749329177880e-01
-5.317982576474143963e-01
-5.773890252880198304e-01
-5.736013237202699511e-01
-6.235247030401418478e-01
-6.235670718920439670e-01
-5.673008661857308343e-01
-5.963148917629577106e-01
-6.236250746213941598e-01
-6.233646087949860082e-01
-5.930070775099820501e-01
-5.791489900776513045e-01
-6.228523180762913780e-01
-6.232104795430540856e-01
-5.771659198055962836e-01
-5.489936831549278029e-01
-5.860894987041280757e-01
-5.801671210553086544e-01
-5.086806437298897476e-01
-6.035945402724752773e-01
-5.534009927390555195e-01
-6.170504195904896738e-01
-5.684305417086098489e-01
-5.901041132002281531e-01
-5.734737301099651630e-01
-6.233555927432598009e-01
-6.105077141119173989e-01
-5.959686213226494944e-01
-5.366729757653523336e-01
-6.237566414194863906e-01
-5.702216258071798327e-01
-6.220006227596852622e-01
-6.068002392926004074e-01
-5.987016541071455977e-01
-6.238347141816317221e-01
-6.224652571777828935e-01
-6.236899017932028277e-01
-6.185853841182148427e-01
-6.036327437397093210e-01
-6.209762479860990725e-01
-6.056053786072163048e-01
-6.134870060362713762e-01
-5.694585370543399083e-01
-5.626889751642822901e-01
-6.033930183866250685e-01
-5.784593230796886143e-01
-6.237057164044966795e-01
-5.825165809395167482e-01
-5.945037340045303820e-01
-6.152523780095358052e-01
-6.234814896469186296e-01
-6.225317661892512122e-01
-5.919634348789304390e-01
-5.812650387287101594e-01
-6.150113217125257048e-01
-5.669074967323103342e-01
-6.107086591612216342e-01
-6.218778247155423156e-01
-5.558318136027630141e-01
-6.231324400448549072e-01
-6.235247030401418478e-01
-5.723534221036052916e-01
-6.218637517968537143e-01
-6.165448150173963304e-01
-5.974107897830132075e-01
-6.234820688544584488e-01
-5.564065162772893203e-01
-6.234524923292359411e-01
-5.940570735159791393e-01
-5.922903071478284875e-01
-5.503572579095520334e-01
-5.746105643930647933e-01
-6.145465884865484174e-01
-5.431178050237126520e-01
-5.938553264623299688e-01
-5.258288645954336538e-01
-5.425580484612121390e-01
-6.150113217125257048e-01
-5.846239788054976572e-01
-5.592491654975829674e-01
-5.447102170321614922e-01
-5.873464795764949953e-01
-5.543704120338562857e-01
-5.809701963489971588e-01
-5.000966233721512166e-01
-5.989837250061217366e-01
-5.508129595658464162e-01
-5.834520848286183226e-01
-5.768007288514710451e-01
-6.235670533780437452e-01
-5.494811281976424988e-01
-5.537854582206476195e-01
-6.096567188367989498e-01
-5.465951331372472799e-01
-5.958118534107735842e-01
-5.640111717982261297e-01
-6.238087935895081371e-01
-5.568485035325863031e-01
-6.239374745519791210e-01
-5.684305417086098489e-01
-5.648593776245868225e-01
-5.873464795764949953e-01
-5.937177621180643738e-01
-5.984519585000860342e-01
-5.644375670470743733e-01
-6.239706869472044781e-01
-6.237060254392357006e-01
-5.516259267885716966e-01
-5.451935989661587101e-01
-5.625648679001591379e-01
-5.821502399283339235e-01
-5.303427819977674096e-01
-6.105815831984480191e-01
-6.239170681403947150e-01
-6.238829475808228553e-01
-6.238685649804036615e-01
-6.239706869472044781e-01
-5.631149387824695429e-01
-5.693730437931380228e-01
-6.164611063567355664e-01
-5.919471341100268624e-01
-5.499816636368596301e-01
-5.780256989396534983e-01
-6.203304636497779523e-01
-5.667680015085864165e-01
-5.837402016937486282e-01
-5.997326025464854160e-01
-5.479852277615090417e-01
-6.234814896469186296e-01
-5.683597218366392978e-01
-5.919471341100268624e-01
-6.231723030267410923e-01
-6.093318008822335985e-01
-5.887670450452696658e-01
-6.232179743660145599e-01
-6.010925924989657387e-01
-6.238087935895081371e-01
-5.507092824712797041e-01
-5.972882195946218609e-01
-5.757540342098473873e-01
-5.800508856338435493e-01
-5.341824541216440014e-01
-6.209814843668782780e-01
-5.939681636345530702e-01
-6.238222668536976823e-01
-6.239727244576118714e-01
-6.162703739632637845e-01
-6.239032244815458927e-01
-5.586623395538493630e-01
-6.238704407349211500e-01
-6.228523180762913780e-01
-5.258288645954336538e-01
-6.238685649804036615e-01
-6.237169087384706323e-01
-4.157993499085688160e-01
-5.452069243654439346e-01
-5.638642949304493168e-01
-6.231324400448549072e-01
-5.953887356512864715e-01
-5.542746982049067128e-01
-6.234966988706611701e-01
-5.317982576474143963e-01
-5.790829615768015026e-01
-6.235235288680790466e-01
-5.955670339007919090e-01
-6.232572375664136022e-01
-5.628924866914847280e-01
-6.013344697573016484e-01
-5.799420832234002399e-01
-6.105946573739552408e-01
-5.466543799655587677e-01
-6.237910099248495932e-01
-6.199976207506691095e-01
-6.055999451445509552e-01
-5.874515239369935138e-01
-6.233502671255473082e-01
-5.824221232575382823e-01
-5.699030284296157101e-01
-5.682633660471689829e-01
-6.235537822107470873e-01
-5.406181807313215071e-01
-4.908640054893242954e-01
-6.231324400448549072e-01
-5.962607508595428873e-01
-5.604429486628282886e-01
-6.061485130640884567e-01
-5.490525974385357388e-01
-6.071797031272131440e-01
-5.953551912563149751e-01
-6.234742527907245480e-01
-5.911967155789578099e-01
-5.782737697480142547e-01
-5.662074504787172335e-01
-5.572904387258904579e-01
-5.855050056444868201e-01
-6.233880838681009617e-01
-6.208021157452314753e-01
-5.640846215191336332e-01
-6.228903502746696574e-01
-6.231324400448549072e-01
-5.592491654975829674e-01
-6.011001492639225230e-01
-5.691975773603142885e-01
-5.961125548997973089e-01
-5.278232051654457857e-01
-5.959686213226494944e-01
-6.047377389414227977e-01
-4.220290326110976431e-01
-6.163576708640123858e-01
-6.196473636655300821e-01
-6.054663169260801059e-01
-6.231723030267410923e-01
-6.237124866520286082e-01
-5.669261303953104791e-01
-6.150113217125257048e-01
-6.240746072716090165e-01
-6.106980542017024227e-01
-5.342742022008183378e-01
-5.807052072852403324e-01
-6.033930183866250685e-01
-5.466543799655587677e-01
-6.236978964887714971e-01
-5.466543799655587677e-01
-6.150113217125257048e-01
-5.591414833102369419e-01
-6.197967386753524544e-01
-5.684305417086098489e-01
-5.859242201471209777e-01
-6.233919868169768286e-01
-5.645665448492777072e-01
-5.466543799655587677e-01
-5.417790821971005810e-01
-5.591530435889208173e-01
-5.318771457739164266e-01
-5.655902415264425498e-01
-6.190244277678568219e-01
-5.755258595224935769e-01
-5.670348367028229530e-01
-5.922494592107462319e-01
-6.236239858222228927e-01
-5.814340881686790308e-01
-6.239649650808181125e-01
-5.658494227018269207e-01
-6.234275375023266008e-01
-6.239706869472044781e-01
-5.625314162880676871e-01
-5.576513675374673573e-01
-5.874779540727159688e-01
-6.228035728505012525e-01
-5.481139450919154665e-01
-5.731964000691558425e-01
-6.234796982003889543e-01
-6.158237044617409506e-01
-6.236831762555986591e-01
-6.233494723441760366e-01
-6.048591005307898394e-01
-6.220900176267244452e-01
-6.180590362627688128e-01
-6.235458006551493071e-01
-5.612919287926213530e-01
-5.676230945774527470e-01
-5.637909550364524902e-01
-5.684305417086098489e-01
-5.429315710485791424e-01
-6.045710581145620210e-01
-5.855050056444868201e-01
-6.125045420818850950e-01
-6.205898367570390484e-01
-6.158124699817595360e-01
-6.200113324206265597e-01
-5.729239190204576948e-01
-6.233825806125168345e-01
-5.762234030301256471e-01
-6.236978964887714971e-01
-5.878759730424027996e-01
-6.157401396219764900e-01
-5.741114352497467266e-01
-5.711246276904816677e-01
-5.992240120687640781e-01
-6.225743053259935600e-01
-4.988990431379075052e-01
-6.158379524092473245e-01
-6.238268512089842899e-01
-6.221701592112787171e-01
-5.778655345185682579e-01
-6.185052206437322564e-01
-6.177577541862755428e-01
-5.412954830872552803e-01
-5.638730396353884844e-01
-5.638585905710259416e-01
-6.238704407349211500e-01
-6.197967386753524544e-01
-6.238630925697959961e-01
-6.234524923292359411e-01
-5.682039130310039265e-01
-5.067553274113666406e-01
-5.305963989536184311e-01
-6.215250658984144971e-01
-6.220511429800548164e-01
-6.174991842073235260e-01
-6.226293327257430565e-01
-5.757635862691731221e-01
-6.217611940723926089e-01
-5.901228659641353236e-01
-6.220006227596852622e-01
-6.131134522708826529e-01
-5.383103184526766283e-01
-5.874695410934809292e-01
-5.535223513053783018e-01
-5.861205591771059265e-01
-6.179589129123773672e-01
-5.839081337306198938e-01
-5.588317323105113088e-01
-6.160981196528777515e-01
-6.220006227596852622e-01
-5.970777486540093104e-01
-5.650510780223335638e-01
