-5.338470439242750665e-01
-5.861424009131819268e-01
-5.855105618762403985e-01
-5.682841899620920678e-01
-5.857193755733400842e-01
-5.703962805497080346e-01
-5.813466894256502648e-01
-5.220836202430159112e-01
-5.399939684944778939e-01
-5.167577440666586419e-01
-5.748218211161524316e-01
-5.107668998467356225e-01
-5.857734295355707665e-01
-5.669911640512377282e-01
-5.738689365612894555e-01
-5.368739764022261163e-01
-5.796156662332445642e-01
-5.728746044265657922e-01
-5.858992847430140039e-01
-5.861524182187944909e-01
-5.234168830143839379e-01
-5.863843324410349389e-01
-5.860220218824774285e-01
-5.435368294643789788e-01
-5.044006245958239099e-01
-5.534050321953922769e-01
-5.457278403269678613e-01
-5.675948454814583322e-01
-5.325733261930376550e-01
-4.823664116489321252e-01
-5.130920658635527154e-01
-5.762270192431837579e-01
-4.537801730262667199e-01
-5.252394365894228478e-01
-5.785309771823317071e-01
-5.847270699965387841e-01
-5.858578669654757043e-01
-4.662810104715258142e-01
-5.472211322563320657e-01
-5.245689849185377618e-01
-4.928956541048914453e-01
-5.570223691689402123e-01
-5.617695438491732141e-01
-5.815246539937883874e-01
-5.603011685239702722e-01
-5.857825341450602075e-01
-5.584302793073088189e-01
-5.523385523634583016e-01
-5.109879846500784417e-01
-5.138264435159594079e-01
-5.464389852064281961e-01
-5.500282251092225572e-01
-5.861080313848883172e-01
-5.531345072018534204e-01
-5.825818094241053124e-01
-5.408110867070585748e-01
-5.591974059867292901e-01
-5.728746044265657922e-01
-5.353639653700024148e-01
-5.214745390045076867e-01
-4.687296661364466210e-01
-5.864869418370157739e-01
-5.856803494321733972e-01
-4.945194671677977105e-01
-5.655911161380440255e-01
-5.862338232623964807e-01
-5.779511655496984979e-01
-5.776471408831507226e-01
-5.859009834753901025e-01
-4.928956541048914453e-01
-5.270504007863432427e-01
-5.061841669308573266e-01
-5.743141907083422204e-01
-5.866855221616655847e-01
-5.266892115401655694e-01
-5.523973840104967614e-01
-5.595463278519541284e-01
-5.861784989761740228e-01
-5.814510608839422723e-01
-5.712647090482145806e-01
-4.762645127999216577e-01
-5.622985350715548059e-01
-5.864486235010057946e-01
-5.853873702513605615e-01
-5.780304136502176782e-01
-4.818805592882067224e-01
-5.033112007009417077e-01
-5.679934161531359216e-01
-5.153467680143744012e-01
-5.080705980586439630e-01
-5.703724759447008630e-01
-5.808491955327421685e-01
-5.373519721257120629e-01
-5.313508945333391686e-01
-5.523385523634583016e-01
-5.511253091322809716e-01
-5.731444011258512994e-01
-5.424844535815149804e-01
-5.791970721262127419e-01
-5.668620976435572167e-01
-5.346623088049322625e-01
-5.313668462263971826e-01
-4.916805202888876458e-01
-5.268144166844517251e-01
-5.858578669654757043e-01
-5.853421601282984277e-01
-5.865671547877222558e-01
-5.267302381622225305e-01
-5.558639379965693017e-01
-5.104000220822721978e-01
-5.235810155796438714e-01
-5.849939125406176110e-01
-5.748211691903502008e-01
-5.758358674871355554e-01
-5.851673397051722070e-01
-5.845676797258287927e-01
-5.786420429872900506e-01
-5.852450790631205102e-01
-5.391791450607210656e-01
-5.193335513400465508e-01
-5.053318950163752099e-01
-5.044580983745485803e-01
-5.138077649104029199e-01
-5.297935536878735086e-01
-5.530306535589128991e-01
-5.355454522001177331e-01
-5.291373717414766809e-01
-5.858578669654757043e-01
-5.846908303725153466e-01
-5.858787025141150018e-01
-5.776471408831507226e-01
-3.795307713376909753e-01
-5.856529797243505975e-01
-5.679934161531359216e-01
-4.748103904354006310e-01
-5.302990532296329995e-01
-5.302097561585337182e-01
-5.774347099291712304e-01
-4.996268327164083978e-01
-5.041022660958200952e-01
-5.454203474151522180e-01
-4.967232744025618096e-01
-5.867527263986498376e-01
-5.567548728364140054e-01
-5.302737082170874139e-01
-5.462286273764997979e-01
-5.708254861461550256e-01
-5.657119030880362054e-01
-5.850701170789629479e-01
-5.777117076146036645e-01
-5.424158355968624612e-01
-5.428805599736601373e-01
-5.400462287294298669e-01
-5.504528178649574777e-01
-5.242743293570906182e-01
-5.171830753611952325e-01
-5.675622547792822381e-01
-5.295672739672094842e-01
-5.753988499569326898e-01
-5.377801700311333200e-01
-5.694996031748682519e-01
-5.039101230728060266e-01
-5.852629008519083520e-01
-5.660108166562944909e-01
-5.325771855937868615e-01
-5.147454987096220513e-01
-5.339380564915567895e-01
4.953391415250867347e-01
-5.391791450607210656e-01
-5.107336292790800591e-01
-5.154559301959902307e-01
-5.354817832636267205e-01
-5.860768246280581018e-01
-5.852709623801142236e-01
-5.505434783923059960e-01
-5.623727205025583764e-01
-5.846897239612967034e-01
-5.757361787187487145e-01
-5.177504557001024743e-01
-5.333289380001455804e-01
-5.606347533690363427e-01
-4.967232744025618096e-01
-5.256841952728659173e-01
-5.844972270357042810e-01
-5.192240352558523675e-01
-4.535318898784548303e-01
-5.854342604803473016e-01
-5.837863038110167047e-01
-5.858164976167112847e-01
-5.856871406363874932e-01
-4.855964618551165124e-01
-5.020487519728571435e-01
-5.541935252773195764e-01
-5.566279801356226464e-01
-5.857233653592497369e-01
-5.527083153652578851e-01
-5.767071458327204247e-01
-5.850757161902815362e-01
-5.866531382131010552e-01
-4.861235755311876794e-01
-5.856803494321733972e-01
-5.065333085882097741e-01
-5.816879930722147485e-01
-5.523759207504421731e-01
-5.557279723512560388e-01
-5.828877600657373925e-01
-5.858939426767260095e-01
-5.752436208354860803e-01
-5.256805854665667077e-01
-5.299184365945488473e-01
-5.478589950876862069e-01
-5.780400360750586053e-01
5.905948702221808233e-02
-5.313346969711214562e-01
-5.177504557001024743e-01
-5.687485734748274346e-01
-4.508955615388781091e-01
-5.804329576718241235e-01
-5.700081649052530786e-01
-5.301581385361582299e-01
-5.299512210118204614e-01
-4.731037678944498559e-01
-5.722158389913469811e-01
-5.570223691689402123e-01
5.905948702221808233e-02
-5.523385523634583016e-01
-5.169896992670923730e-01
-5.765374625849157830e-01
-5.348671662437349816e-01
-5.523385523634583016e-01
-5.852629008519083520e-01
-5.192285391318232080e-01
-5.785970787333876153e-01
-5.855019043015867730e-01
-5.602257611977488061e-01
-5.226189146565825006e-01
-5.220681323486000558e-01
-5.153532686459452172e-01
-5.181934001671701928e-01
-5.511101919042498132e-01
-5.514551239835649987e-01
-5.405447247254282495e-01
-5.860238621758848687e-01
-5.570563326405912896e-01
-5.856574016439348718e-01
-5.606347533690363427e-01
-5.539624455201059838e-01
-5.610943945872217675e-01
-5.849630224334627648e-01
-5.771587329732805749e-01
-4.967232744025618096e-01
-5.298940750586420556e-01
-5.447613025831610223e-01
-5.856574016439348718e-01
-5.787865320968061944e-01
-5.842046427356630822e-01
-3.867788451539904138e-01
-5.448832052575975915e-01
5.905948702221808233e-02
-5.853123503553301354e-01
-5.591974059867292901e-01
-5.669911640512377282e-01
-5.249956535922915002e-01
-5.142244684326082726e-01
-5.863799887525469323e-01
-5.511912840234667321e-01
-5.419953974711329003e-01
-5.171751889216333886e-01
-5.862490447985559960e-01
-5.862412403153807183e-01
-5.485119807350069543e-01
-4.535318898784548303e-01
-5.778564574944407006e-01
-5.205132501947313806e-01
-5.859322498368650933e-01
-5.854149709271818658e-01
-5.522776122021109124e-01
-5.120352792369753381e-01
-5.788975420224100610e-01
-5.841325807201296350e-01
-5.654085936772257348e-01
-5.573298248278528710e-01
-4.827290910112291833e-01
-4.855964618551165124e-01
-5.423055390643507501e-01
-4.802143859493166467e-01
-5.319878781961828729e-01
-5.019198159503370782e-01
-5.196268732475668450e-01
-5.694996031748682519e-01
-4.999514619635969659e-01
-5.780400360750586053e-01
-5.305011632668406030e-01
-4.844035642969042321e-01
-5.861464540290266534e-01
-5.748218211161524316e-01
-5.833530115711123010e-01
-5.341052456575066110e-01
-5.833627345787912866e-01
-5.177504557001024743e-01
-5.860450031983286401e-01
-5.853873702513605615e-01
-5.462286273764997979e-01
-5.846083263682753106e-01
-5.711431714522272607e-01
-5.633960502969652673e-01
-5.495035189020067712e-01
-5.347962590681940576e-01
-5.855595755206972619e-01
-5.854636604713827630e-01
-5.620942401515871545e-01
-5.824609088527590295e-01
-5.511912840234667321e-01
-5.365545998143583795e-01
-5.788975420224100610e-01
-5.860007355737120172e-01
-5.467573801803022882e-01
-5.846938255059153100e-01
-5.032195660101801415e-01
-5.780304136502176782e-01
