-5.338639186630086408e-01
-5.861090376143973657e-01
-5.854789702564429099e-01
-5.683615552291552131e-01
-5.856943579281070900e-01
-5.703553960735560091e-01
-5.813321169317562376e-01
-5.219757097573949345e-01
-5.399542725646581109e-01
-5.168008430949706522e-01
-5.748522293576131537e-01
-5.107904628129837921e-01
-5.857364700932419233e-01
-5.669081946108046610e-01
-5.737952657002369783e-01
-5.367173261996482925e-01
-5.795919081022096186e-01
-5.728407611873841399e-01
-5.858553663385643873e-01
-5.861172804127587899e-01
-5.233604103519782225e-01
-5.863473035026219859e-01
-5.859921827674553496e-01
-5.436011298947615034e-01
-5.044082729502268325e-01
-5.534129735334284428e-01
-5.457229002702121967e-01
-5.676708990769765428e-01
-5.325807978776282425e-01
-4.823677138909479578e-01
-5.126962813412329067e-01
-5.761743655235661565e-01
-4.538042480781566135e-01
-5.251745486580002842e-01
-5.785274945728166029e-01
-5.846926267733077998e-01
-5.858221915732539919e-01
-4.661124094238341953e-01
-5.472448476863557287e-01
-5.244782480514124101e-01
-4.928563933349235371e-01
-5.569898626978190270e-01
-5.617514393487929025e-01
-5.814745301301171843e-01
-5.603206014363260046e-01
-5.857480594489027359e-01
-5.582813436004848695e-01
-5.523725053957521114e-01
-5.111668881450566193e-01
-5.138655358632705505e-01
-5.464897997610058678e-01
-5.500366343646296841e-01
-5.860731136943228003e-01
-5.531078817209595933e-01
-5.825673561916696608e-01
-5.408533646141012730e-01
-5.590405704744684234e-01
-5.728407611834051005e-01
-5.354242899872607708e-01
-5.212299867164891243e-01
-4.687057545597838604e-01
-5.864477120128537280e-01
-5.856559450650635767e-01
-4.944456222489123642e-01
-5.655997752067817297e-01
-5.861994575346302083e-01
-5.779034608180374510e-01
-5.776600240879650183e-01
-5.858700268777257136e-01
-4.928563933748844050e-01
-5.271708774784074070e-01
-5.062531618604816375e-01
-5.743185058091605510e-01
-5.866482178024912120e-01
-5.264582103009703973e-01
-5.525334963152193080e-01
-5.595334258167991015e-01
-5.861514271292636025e-01
-5.813611095824274821e-01
-5.712112264558254493e-01
-4.766847778344585063e-01
-5.622339495925056108e-01
-5.864164596849652522e-01
-5.853512374582611200e-01
-5.779812355654411204e-01
-4.813462132530252346e-01
-5.031992494772360436e-01
-5.678922916838271551e-01
-5.153934101036772297e-01
-5.076993603836678082e-01
-5.704026969065066899e-01
-5.808183668111842612e-01
-5.373816959740183030e-01
-5.313942571485498201e-01
-5.523725054277549562e-01
-5.511054131895011254e-01
-5.731279673492586380e-01
-5.424837678609578662e-01
-5.792013521335397375e-01
-5.668564301124170424e-01
-5.347679916314381776e-01
-5.312946120517538784e-01
-4.917997709922737326e-01
-5.267721095543630438e-01
-5.858221915062357121e-01
-5.853145752007499203e-01
-5.865302309064154285e-01
-5.266012930968156924e-01
-5.559107469502824195e-01
-5.103865267100899938e-01
-5.234594461003199140e-01
-5.849700261360316622e-01
-5.748103618852938856e-01
-5.757809142532049895e-01
-5.851185267215169850e-01
-5.845233843225181580e-01
-5.786035214976826824e-01
-5.852171992321212324e-01
-5.392115573093840819e-01
-5.195110770998717653e-01
-5.053307989177849846e-01
-5.041665694597521341e-01
-5.138076530298388844e-01
-5.297689992225148581e-01
-5.530220068850302262e-01
-5.355787610279361122e-01
-5.289719602029580026e-01
-5.858221915692181092e-01
-5.846386682997177786e-01
-5.858439744447309083e-01
-5.776600240829627975e-01
-3.794468168522292517e-01
-5.856206880494049249e-01
-5.678922916897957140e-01
-4.747519453719351024e-01
-5.303234826613053565e-01
-5.302667649359195101e-01
-5.774168069037114437e-01
-4.995852195017193575e-01
-5.041387053701916754e-01
-5.454222931211222258e-01
-4.961882758434971730e-01
-5.867154564973903197e-01
-5.567813890575780134e-01
-5.304270152999785992e-01
-5.465942701709534113e-01
-5.708567213981110555e-01
-5.657397892581050858e-01
-5.850353303474888911e-01
-5.776645270943593369e-01
-5.423481113961284850e-01
-5.428719008575997318e-01
-5.400800024794828458e-01
-5.503168962160374100e-01
-5.242945710651990554e-01
-5.172976588731308389e-01
-5.674337404098371840e-01
-5.295314062947422684e-01
-5.753681497764173702e-01
-5.377254421973728382e-01
-5.694467541848051706e-01
-5.038592241870825106e-01
-5.852311851098495055e-01
-5.660511811565055451e-01
-5.324846200190572754e-01
-5.147735812614813167e-01
-5.338848700311583650e-01
4.953065597420379662e-01
-5.392115573033586795e-01
-5.107583882127908481e-01
-5.154287546082220173e-01
-5.354360281748454797e-01
-5.860443060994696696e-01
-5.852389329236211690e-01
-5.504205625446397798e-01
-5.622364426264920834e-01
-5.846603999392288031e-01
-5.756830342439843706e-01
-5.180131298913854820e-01
-5.334086713124239765e-01
-5.605683841388817701e-01
-4.961882758284906214e-01
-5.256573379095087484e-01
-5.844710609046158689e-01
-5.190259043143244932e-01
-4.535447275319755001e-01
-5.854027784627732212e-01
-5.837522631160693143e-01
-5.857768280067400246e-01
-5.856614514216242906e-01
-4.850674838092149388e-01
-5.023795633338732358e-01
-5.541094668388806266e-01
-5.565667836063207252e-01
-5.856935415077710871e-01
-5.526554138700645602e-01
-5.766586780598083051e-01
-5.850340148905400772e-01
-5.866174384102732509e-01
-4.860829998699506271e-01
-5.856559450930305388e-01
-5.065615170083684893e-01
-5.816082769895183358e-01
-5.523893339802155023e-01
-5.556068513438456868e-01
-5.829080912044655172e-01
-5.858617824443783650e-01
-5.752419918659518183e-01
-5.257549045659400955e-01
-5.299595064801905231e-01
-5.478970470655197822e-01
-5.780044702367330700e-01
5.881859726520025783e-02
-5.314217431554416615e-01
-5.180131298883727808e-01
-5.688324405391671501e-01
-4.509973320020846943e-01
-5.803909852921254053e-01
-5.700472784965217032e-01
-5.301176397089525372e-01
-5.297700549416850535e-01
-4.732310387479489733e-01
-5.721184205007189272e-01
-5.569898626998086577e-01
5.881859728918815977e-02
-5.523725054147378133e-01
-5.171012441492027767e-01
-5.764711661467395443e-01
-5.347827575835655267e-01
-5.523725054067797346e-01
-5.852311851008682453e-01
-5.192302801148314106e-01
-5.786222911765291910e-01
-5.854745086730651638e-01
-5.602114652901399872e-01
-5.226264589406934835e-01
-5.219621585362708149e-01
-5.153789382572865341e-01
-5.181730548956865468e-01
-5.510887551269147977e-01
-5.514294714097055516e-01
-5.404408964850097030e-01
-5.859860504283641580e-01
-5.570309532207605718e-01
-5.856351545857718666e-01
-5.605683841529220945e-01
-5.540096964561640469e-01
-5.611093021995923191e-01
-5.849115521091233783e-01
-5.771228569552362409e-01
-4.961882758624829304e-01
-5.297605210043678792e-01
-5.447819344434396971e-01
-5.856351545927636071e-01
-5.787827380694454682e-01
-5.841629440715476740e-01
-3.875757148842791100e-01
-5.448886325296043998e-01
5.881859718920066232e-02
-5.852729765402305828e-01
-5.590405704834496836e-01
-5.669081945117835364e-01
-5.249719917510162759e-01
-5.142506954882819503e-01
-5.863500998064062886e-01
-5.511791999640991424e-01
-5.420581764464702523e-01
-5.174400754885174480e-01
-5.862067697317698833e-01
-5.862101924109861528e-01
-5.485187603891688024e-01
-4.535447274829765285e-01
-5.778056857397508850e-01
-5.205301170047705872e-01
-5.858991297313265179e-01
-5.853451524101278558e-01
-5.522741939798904154e-01
-5.119027542598242331e-01
-5.787747301098734587e-01
-5.841150862390808163e-01
-5.653248013200362632e-01
-5.573214254060057105e-01
-4.828406185013652818e-01
-4.850674837692540708e-01
-5.423494918930373832e-01
-4.801990906511866553e-01
-5.319687762022121680e-01
-5.019566075492934987e-01
-5.196416437917921183e-01
-5.694467541758239104e-01
-4.999368153297517603e-01
-5.780044702477606933e-01
-5.305773611159425585e-01
-4.842627573628754956e-01
-5.861210257637236021e-01
-5.748522293846137776e-01
-5.833330316554654615e-01
-5.340830427726535046e-01
-5.833428190635793209e-01
-5.180131298823473784e-01
-5.860078091558457158e-01
-5.853512374752573022e-01
-5.465942701689637806e-01
-5.845740684236966356e-01
-5.711143612527573854e-01
-5.633322819885635546e-01
-5.495610855462982336e-01
-5.348559360197021606e-01
-5.855240961751384532e-01
-5.854156511473946889e-01
-5.620717491060284177e-01
-5.824459849543337508e-01
-5.511791999100978945e-01
-5.368018265416699686e-01
-5.787747301788813692e-01
-5.859666275410009284e-01
-5.468533308034280171e-01
-5.846615781932710254e-01
-5.032218045770779913e-01
-5.779812355564598603e-01
