-5.745936787266674450e-01
-5.377685999006319717e-01
-5.824819941823279335e-01
-5.780044702367330700e-01
-5.856110797241211863e-01
-5.334240923120080469e-01
-5.855861865141777090e-01
-5.763659342184006551e-01
-4.959065973431932561e-01
-5.855411812884014910e-01
-5.417598083045849222e-01
-5.860004407157693995e-01
-5.700472785275013665e-01
-5.862101924209904835e-01
-5.855521626365431942e-01
-5.268029924834881639e-01
-5.108429746417137984e-01
-4.828406185043779830e-01
-5.836318503329805951e-01
-5.324773511299171203e-01
-5.864164597099762455e-01
-5.858270694562938141e-01
-5.864482067684215760e-01
-5.856029937716328293e-01
-5.248934417222467230e-01
-5.025300492027566790e-01
-5.504205625446397798e-01
-5.858906956651327436e-01
-5.860443061324956959e-01
-5.590405705104501966e-01
-5.808469648341840763e-01
-5.857801804390294631e-01
-5.102589958647031354e-01
-5.300099492296364012e-01
-5.532352732654078897e-01
-5.668564301094611846e-01
-5.139036902225483372e-01
-5.862037368111920888e-01
-5.859180352920965174e-01
-5.235322123757309987e-01
-5.053307989467751282e-01
-5.392115573123967831e-01
-5.828196457596025448e-01
-5.700472785385289898e-01
-5.819776967222014541e-01
-5.605683841349027308e-01
-5.858956680571015818e-01
-5.861514271292636025e-01
-4.828406185183614641e-01
-5.864943336873216229e-01
-3.875757149672704460e-01
-5.451107866518337675e-01
-4.886082352237111626e-01
-5.694467541787797682e-01
-5.496863294125388100e-01
-5.622364426195003428e-01
-5.392791926659241675e-01
-5.611093022115862805e-01
-5.107671582017762058e-01
-5.629310665034690242e-01
-5.196973675909037915e-01
-5.347679916134756573e-01
-5.531078817879211407e-01
-5.414841000355080647e-01
-5.262618850029801010e-01
-5.558113878402273222e-01
-5.328336259091923655e-01
-5.339477958405101088e-01
-5.753681497764173702e-01
-5.019566075492934987e-01
-5.010489375437524595e-01
-5.540630071432992576e-01
-4.949431547745433146e-01
-4.837489985923337787e-01
-5.855521626405790769e-01
-5.862200388560588893e-01
-5.855804704957806583e-01
-5.863006273151888381e-01
-5.367253674111723827e-01
-3.794468168382457707e-01
-5.223828684707267911e-01
-4.850674838242216014e-01
-5.855135011396762623e-01
-5.289719602109730356e-01
-5.865036201348451383e-01
-5.842011607718052835e-01
-5.854367287944620690e-01
-5.274865684623758488e-01
-5.762479111503855389e-01
-5.321631575137421022e-01
-5.414424527559988931e-01
-5.811135189866554196e-01
-5.803909852921254053e-01
-5.850058591432027999e-01
-5.336788932689368048e-01
-5.484412741185299422e-01
-5.622339495705072077e-01
-5.855946043934251444e-01
-5.861906259967204491e-01
-5.170718858788293515e-01
-5.866008172326127035e-01
-4.952651149054481117e-01
-5.858486595619448734e-01
-5.861514271082883809e-01
-5.856174602030100873e-01
-5.631925879670224289e-01
-5.337614515714974583e-01
-5.850058591212043968e-01
-5.003252900511314660e-01
-4.884771560882137376e-01
-5.727481654639227093e-01
-5.198880088655286613e-01
-5.023094899062841012e-01
-5.176747604766683830e-01
-5.861508763907039565e-01
-5.174545589559105263e-01
-5.431418605663580479e-01
-5.314487715556721614e-01
-5.851853832197084770e-01
-5.478970470655197822e-01
-5.762479111684047917e-01
-5.133135000325396158e-01
-5.840878410040054591e-01
-5.659301761448790602e-01
-4.884771561021972186e-01
-5.002827654393489087e-01
-5.042483999409003159e-01
-5.688282442365926173e-01
-5.798990960360036473e-01
-5.867432240460418447e-01
-5.363790676458797257e-01
-5.845551460519538001e-01
-5.858287800709215398e-01
-5.258669320488217336e-01
-4.923561899244424112e-01
-5.263735142121426236e-01
-5.315659854183669708e-01
-5.855240961701362323e-01
-5.853451524101278558e-01
-5.156941603316299583e-01
-5.497806763965955579e-01
-5.843649544869679024e-01
-5.078048392677569911e-01
-5.690943838703614865e-01
-5.808796135369272973e-01
-5.867154565133633204e-01
-5.013628177681437315e-01
-5.465942701639615597e-01
-5.862484961271362538e-01
-5.806766028153033110e-01
-5.865435219447342474e-01
-5.858023140202486267e-01
-5.511610644386768509e-01
-5.457229002661763140e-01
-5.431601972806002765e-01
-5.713853592376715307e-01
-5.691414525345128705e-01
-5.142506954882819503e-01
-5.677652735010348950e-01
-5.547137842745517577e-01
-5.426247987094864333e-01
-5.082283953649113784e-01
-4.766847778344585063e-01
-5.534129735154090790e-01
-5.611093021976027995e-01
-5.495761426041964048e-01
-4.755337713727152416e-01
-5.242772608601365958e-01
-3.875757149343013186e-01
-5.764711661596998438e-01
-5.041564416068995413e-01
-5.760494871610674084e-01
-5.851719615445180045e-01
-5.322255274235538902e-01
-5.497806763846017075e-01
-5.644173533953580346e-01
-5.865036201458727616e-01
-5.855127208152801632e-01
-5.711365521478990459e-01
-5.860614526827016002e-01
-5.649656125911464155e-01
-5.815260670786841501e-01
-5.801752106858013569e-01
-5.864515782537570443e-01
-5.540323761419574389e-01
-5.690943837923724269e-01
-4.747519453509599363e-01
-5.555227759284910860e-01
-5.622364426094959011e-01
-5.453959663343259656e-01
-5.749367064336422528e-01
-5.805564144910062563e-01
-5.194346334243482577e-01
-5.824819941793720757e-01
-5.700472785255118469e-01
-5.503088037865876414e-01
-4.535447274800206707e-01
-5.575239080870268982e-01
-5.785019664993614752e-01
-5.534129735354179624e-01
-4.974349595871980778e-01
-5.690943838913935515e-01
-5.853773662832355562e-01
-5.048915588533137155e-01
-5.865577844052631828e-01
-5.214663350422933386e-01
-5.808183668161864821e-01
-5.764721175459851521e-01
-4.538042481851358723e-01
-5.306793684468832373e-01
-5.374857529862714367e-01
-5.857768280067400246e-01
-5.416488229529200504e-01
-5.649656125901232340e-01
-5.058784457270681933e-01
-5.180131298643848581e-01
-5.484107367130988120e-01
-5.437185595142666195e-01
-5.303220280544508336e-01
-5.302667649359195101e-01
-5.858439744506994673e-01
-5.774168068876817106e-01
-5.676708990819787637e-01
-5.331468967050939645e-01
-5.858221915732539919e-01
-5.604522826353446341e-01
-5.424432939995410541e-01
-5.292748816071458640e-01
-5.858730527073200411e-01
-5.575239080790120871e-01
-5.265580638806142133e-01
-5.860365948836785410e-01
-5.527132708235042990e-01
-5.197347734658049889e-01
-5.465942701589593389e-01
-5.509442264782081766e-01
-5.471167047294719366e-01
-5.427171854591437139e-01
-4.538042481511435633e-01
-5.283154386553257087e-01
-5.567813890586011949e-01
-5.424837678609578662e-01
-5.420288164771051020e-01
-5.801338756960534582e-01
-5.619403637187865286e-01
-5.517437283897569378e-01
-5.631978734097715655e-01
-4.701246671888530959e-01
-5.590405705234673395e-01
-5.787827380674558375e-01
-5.595334257688232560e-01
-5.147194263050773877e-01
-5.262488142524567314e-01
-5.373058265870365169e-01
-5.504205625516315203e-01
-5.409229672860766946e-01
-5.653248013100318214e-01
-5.424404979828157947e-01
-5.541094668329121786e-01
-5.622364426084727196e-01
-5.813611095744124491e-01
-5.668564301034357822e-01
-5.764711661637357265e-01
-5.421338839215269489e-01
-5.084904052360489368e-01
-5.236888149147163052e-01
-5.567813890316005709e-01
-5.517437283997613795e-01
-5.629310665075049069e-01
-5.749367064276169614e-01
-5.256712061953510151e-01
-5.860078091588584170e-01
-5.863473035026219859e-01
-5.845551460499074370e-01
-5.323814818750418620e-01
-5.804299339808126623e-01
-5.338639186630086408e-01
-5.858617824443783650e-01
-5.726322286381954063e-01
-5.787747301628515251e-01
-5.498683262870742716e-01
-5.423852635452336424e-01
-5.861187353815918710e-01
-5.849900015279645427e-01
-5.862672557270842688e-01
-5.053307989118164256e-01
-5.808796135339145961e-01
-5.310957036008049359e-01
-4.578492591727977290e-01
-5.865435220427323015e-01
-5.634519169572889119e-01
-5.559627812613679998e-01
-5.521913530315581964e-01
-5.852257004552928743e-01
-5.715624030301593717e-01
-5.852729765402305828e-01
-5.853058512447787409e-01
-5.344967449657478387e-01
-5.034370652918536138e-01
-5.852257004592719136e-01
-5.856351545927636071e-01
-5.306016464214239337e-01
-5.846926267733077998e-01
-5.858342571575220203e-01
-5.698986882941049492e-01
-5.392768050038627692e-01
-5.713853592476759724e-01
-5.240319808265190282e-01
-5.743185058011456290e-01
-5.595334257378435927e-01
-5.861994575316173961e-01
-5.864311428411952409e-01
-5.204278135540756356e-01
-5.867154565203550609e-01
-5.761847216482638423e-01
-5.764711661477058824e-01
-5.862991065484460806e-01
-4.828406185023884634e-01
-5.805564145000443599e-01
-5.330646277902699737e-01
