-5.844679240739625303e-01
-5.904081169186812250e-01
-5.807565058252495138e-01
-5.904844211085420458e-01
-5.868021970285755007e-01
-5.910811977131944506e-01
-5.889475516645890085e-01
-5.847120912416559069e-01
-5.777021398438793032e-01
-5.867081958471518366e-01
-5.881806298761349527e-01
-5.900395981638413279e-01
-5.882721416323166697e-01
-5.908414799391012995e-01
-5.903034981942456572e-01
-5.889556420637946932e-01
-5.874060758991819231e-01
-5.910302287569921820e-01
-5.760881820364576189e-01
-5.876314317478519289e-01
-5.908191952525359003e-01
-5.751815823509078829e-01
-5.908635713762324659e-01
-5.897790695211571066e-01
-5.910001177011710016e-01
-5.904838166801911203e-01
-5.908676650046091883e-01
-5.802474137066584436e-01
-5.910731194211822359e-01
-5.868095102390926687e-01
-5.810272655120771734e-01
-5.884440917192679255e-01
-5.875961355535965769e-01
-5.893361017710250227e-01
-5.797534779316466658e-01
-5.881557658916991560e-01
-5.888499108745437471e-01
-5.908921494750958292e-01
-5.906605980029981939e-01
-5.881031736402493326e-01
-5.875027420601528494e-01
-5.899382861002069323e-01
-5.907607603489142267e-01
-5.911037617965322344e-01
-5.910823972566705553e-01
-5.825969678020757048e-01
-5.883964783183019964e-01
-5.906933819546085207e-01
-5.826608346446138231e-01
-5.876989852308016626e-01
-5.908923394649010508e-01
-5.877076358205359785e-01
-5.907850557609182207e-01
-5.865908310419600813e-01
-5.852337734444719164e-01
-5.908109595670085756e-01
-5.907474014579039423e-01
-5.908890793702286093e-01
-5.907192075296026079e-01
-5.904411909772735445e-01
-5.884879993877094595e-01
-5.894598088829499094e-01
-5.804727383560221998e-01
-5.910412281422596781e-01
-5.893807619481068460e-01
-5.878901196314674227e-01
-5.907295005066972582e-01
-5.886829605928343145e-01
-5.893136541030090658e-01
-5.842351358054858057e-01
-5.910457571639400332e-01
-5.906989168046694605e-01
-5.864483317031246035e-01
-5.910535970373731463e-01
-5.757720390005689470e-01
-5.900260567336064188e-01
-5.907964262782317011e-01
-5.876930554999690859e-01
-5.846824700615089743e-01
-5.883822640075069277e-01
-5.868877096703928320e-01
-5.881504233597498743e-01
-5.847041619612556307e-01
-5.908608849762659876e-01
-5.850362352697831003e-01
-5.848716756931227057e-01
-5.906080234466772882e-01
-5.846802958889585344e-01
-5.909043912446778624e-01
-5.876616717918496935e-01
-5.904626942841988413e-01
-5.892805986708682386e-01
-5.910204400910716860e-01
-5.821813106207829325e-01
-5.889218788264971582e-01
-5.910648623152356951e-01
-5.905191273099463789e-01
-5.810484004809242098e-01
-5.901392329155188410e-01
-5.906692779293936102e-01
-5.812315459965449183e-01
-5.874163749298733084e-01
-5.903047037913184969e-01
-5.771433723761421053e-01
-5.789443467414658873e-01
-5.904731362729054300e-01
-5.911286187960487215e-01
-5.908036002560239641e-01
-5.765762304558139650e-01
-5.754243930472713320e-01
-5.910293761311751215e-01
-5.870487562983017771e-01
-5.839519136256259291e-01
-5.744044923825841753e-01
-5.830297859987896292e-01
-5.795671123682242243e-01
-5.903906522921007483e-01
-5.893273664309364168e-01
-5.804540029397886602e-01
-5.902708166881185381e-01
-5.882793835966568796e-01
-5.910904923124891130e-01
-5.867323890465032665e-01
-5.909298047094326822e-01
-5.821267774930876104e-01
-5.910602196722012369e-01
-5.884855327798705904e-01
-5.782559480189066736e-01
-5.874325771487038939e-01
-5.816808155408781378e-01
-5.792720512157958357e-01
-5.907723152680974810e-01
-5.766511339365225641e-01
-5.909585956155043451e-01
-5.910595575018506853e-01
-5.812149698517006247e-01
-5.826872883966844885e-01
-5.910455406314414351e-01
-5.717963905675989000e-01
-5.905748711569887011e-01
-5.908359618528467028e-01
-5.910037647603731958e-01
-5.894513133584242670e-01
-5.904492632156890242e-01
-5.903426807976048796e-01
-5.907289761720877497e-01
-5.887309716685396044e-01
-5.892127178280335276e-01
-5.799013249247055857e-01
-5.904591310440283625e-01
-5.803254287360888330e-01
-5.829806587329786627e-01
-5.820586614913028090e-01
-5.911347143022995798e-01
-5.862385261474829523e-01
-5.910714095129352419e-01
-5.903384772731643526e-01
-5.888205565183144419e-01
-5.801845340660494177e-01
-5.909075190915447084e-01
-5.905927776961308329e-01
-5.846536288640182821e-01
-5.892932586042862741e-01
-5.904943070976715891e-01
-5.910811269326787798e-01
-5.817733447669726221e-01
-5.910490736036282389e-01
-5.905136972336750834e-01
-5.889856725602131693e-01
-5.908023811547737925e-01
-5.869031472733896582e-01
-5.908081879510265200e-01
-5.800942786640208571e-01
-5.897334286614042131e-01
-5.892811318530422060e-01
-5.893566355711501448e-01
-5.874140126301627962e-01
-5.909514938152116148e-01
-5.752387599690538256e-01
-5.906194740577321856e-01
