-5.844694860918722146e-01
-5.904077597788952581e-01
-5.807593099877269571e-01
-5.904849984897377890e-01
-5.868018847767959567e-01
-5.910808277452050952e-01
-5.889457693254613879e-01
-5.847103371400244054e-01
-5.776995711231247554e-01
-5.867064278426319390e-01
-5.881790607744852295e-01
-5.900391864494949345e-01
-5.882729325809403775e-01
-5.908407255604325448e-01
-5.903027988703518636e-01
-5.889539494638661443e-01
-5.874029551280863792e-01
-5.910301527989928472e-01
-5.760907492328714019e-01
-5.876289728281921532e-01
-5.908184178374080719e-01
-5.751913518916832446e-01
-5.908628086196596740e-01
-5.897770784284398493e-01
-5.910001485851404945e-01
-5.904834677289636513e-01
-5.908668241304364521e-01
-5.802497354698172849e-01
-5.910729641215587415e-01
-5.868092237139109768e-01
-5.810294358253359492e-01
-5.884440952362020028e-01
-5.875982586369147276e-01
-5.893367434128096161e-01
-5.797521970592204310e-01
-5.881535383520286597e-01
-5.888486702096107361e-01
-5.908908889600845704e-01
-5.906591267635916687e-01
-5.881039444149446238e-01
-5.874992938175636059e-01
-5.899370444327006746e-01
-5.907599119444743030e-01
-5.911034479650141282e-01
-5.910823021650162268e-01
-5.825969871018140678e-01
-5.883954208063604252e-01
-5.906931566982002169e-01
-5.826627960138428541e-01
-5.876982385894383709e-01
-5.908911470308741976e-01
-5.877054586806458314e-01
-5.907839750731127548e-01
-5.865894610537509823e-01
-5.852314603666609605e-01
-5.908107220245796265e-01
-5.907473692775842000e-01
-5.908880631633434133e-01
-5.907194114760672132e-01
-5.904403269546842914e-01
-5.884872809634429380e-01
-5.894598254347632738e-01
-5.804740137073404194e-01
-5.910411434811575493e-01
-5.893812525329880092e-01
-5.878900348510895935e-01
-5.907299867555582118e-01
-5.886808636016497287e-01
-5.893133711226313798e-01
-5.842318519561214840e-01
-5.910454953586440352e-01
-5.906985741838418624e-01
-5.864477921457772469e-01
-5.910536686260778882e-01
-5.757774327100289025e-01
-5.900265369846784402e-01
-5.907964811640492586e-01
-5.876906066605745993e-01
-5.846840877411605408e-01
-5.883825748317010884e-01
-5.868856793363766977e-01
-5.881478031566388376e-01
-5.847053906840098403e-01
-5.908605428735027587e-01
-5.850360482129228767e-01
-5.848677717293405687e-01
-5.906076266000483965e-01
-5.846814138702995933e-01
-5.909048383528369142e-01
-5.876623577763083750e-01
-5.904625248938000226e-01
-5.892797234277041829e-01
-5.910201826650138823e-01
-5.821747703126044504e-01
-5.889190396199612820e-01
-5.910645336373215875e-01
-5.905194884019732138e-01
-5.810424799108319105e-01
-5.901381430368740633e-01
-5.906690721285824397e-01
-5.812293721124446311e-01
-5.874130754259430098e-01
-5.903045242699693773e-01
-5.771492403570335217e-01
-5.789440147236345480e-01
-5.904734145620506025e-01
-5.911282602030505373e-01
-5.908033239735396291e-01
-5.765765326939382707e-01
-5.754307188530412009e-01
-5.910293381436435567e-01
-5.870468958606264165e-01
-5.839546542931827178e-01
-5.744034222117858635e-01
-5.830262783813130456e-01
-5.795648034670255466e-01
-5.903888804320721606e-01
-5.893268055238025660e-01
-5.804582822269787057e-01
-5.902717167333697557e-01
-5.882783525055891305e-01
-5.910904630504567603e-01
-5.867332935450210174e-01
-5.909297384388105812e-01
-5.821268705151478873e-01
-5.910600335909608205e-01
-5.884863608301842408e-01
-5.782582345575471017e-01
-5.874343441768211660e-01
-5.816804111594543469e-01
-5.792717922228516336e-01
-5.907718969938471343e-01
-5.766457480972139171e-01
-5.909584364847171312e-01
-5.910593154715182429e-01
-5.812155992255280124e-01
-5.826836254630755052e-01
-5.910455294376104618e-01
-5.717996661812411174e-01
-5.905750507132399019e-01
-5.908352853598095589e-01
-5.910037423622559460e-01
-5.894520610680025197e-01
-5.904495066312820395e-01
-5.903422820865792398e-01
-5.907290279633488073e-01
-5.887314105079650695e-01
-5.892128003475625153e-01
-5.798952108991372034e-01
-5.904595870911711897e-01
-5.803277484590527724e-01
-5.829825906094785459e-01
-5.820606997374099256e-01
-5.911341184933334159e-01
-5.862380593015569241e-01
-5.910714607177662838e-01
-5.903390309811836767e-01
-5.888197916928440412e-01
-5.801851424638010402e-01
-5.909073884957971590e-01
-5.905928036759682254e-01
-5.846527333913827951e-01
-5.892919855298301979e-01
-5.904946786579398088e-01
-5.910807035863178127e-01
-5.817704334430118251e-01
-5.910489765558393227e-01
-5.905124023906688224e-01
-5.889862260559054485e-01
-5.908024708742213305e-01
-5.869041653544849746e-01
-5.908083615945012301e-01
-5.800928367550871600e-01
-5.897312749043075453e-01
-5.892817193220833971e-01
-5.893549920101317507e-01
-5.874130688779274356e-01
-5.909513135514534721e-01
-5.752456078690214580e-01
-5.906188572990075381e-01
