-5.332382114501090786e-01
-5.602878851713033459e-01
-5.848430374534221432e-01
-5.728133709998222134e-01
-5.138266177744956753e-01
-3.876228274674506924e-01
-5.854105891556831143e-01
-5.515131892533393643e-01
-5.043951736660094998e-01
-5.070856751771064541e-01
-5.510695909978242657e-01
-5.332793535561652920e-01
-5.861112194032760403e-01
-5.762009879471154949e-01
-5.758304463596435330e-01
-5.860282124848457119e-01
-5.788882261039109967e-01
-4.859755726428123257e-01
-5.282722597838731549e-01
-3.876228274674506924e-01
-5.782405825228782437e-01
-5.262532586128803036e-01
-5.677391270072551510e-01
-5.860282124848457119e-01
-5.850243063540550015e-01
-5.387662367792220852e-01
-5.713497919858785412e-01
-5.784010065616460583e-01
-5.512139199198575756e-01
-5.867694334955306790e-01
-5.845722870798202297e-01
-5.464667489649148724e-01
-4.538093821973891995e-01
-5.423999855191798947e-01
-5.764836443485112927e-01
-5.862175876171680233e-01
-5.805571319432349942e-01
-5.341155098648162625e-01
-4.830155836315246365e-01
-5.523310860515924237e-01
-4.732485430212112210e-01
-5.862175876171680233e-01
-5.700726991416307232e-01
-5.677391270072551510e-01
-4.830155836315246365e-01
-5.861349942059608242e-01
-5.856375710935683987e-01
-5.570179706336351177e-01
-5.275510398568006298e-01
-5.224868690492006085e-01
-4.510687382788749478e-01
-4.931560249896140835e-01
-5.862259918720813534e-01
-5.462261715800853512e-01
-5.854177193613143704e-01
-5.784010065616460583e-01
-5.719843020559640667e-01
-5.845803076298328183e-01
-5.855695770950408718e-01
-5.690618062288852474e-01
-5.552343854577632687e-01
-5.862204747171493313e-01
-5.509195078992636940e-01
-5.362451745094152233e-01
-5.327107010306211254e-01
-5.861067118020149014e-01
-5.800943242282958767e-01
-5.774011013926358959e-01
-5.043951736660094998e-01
-5.573615075917335293e-01
-5.630884243072362683e-01
-4.863301979274841091e-01
-5.821796597809882901e-01
-5.857266874880882046e-01
-5.491907226750047943e-01
-5.851287113399596951e-01
-5.199638640405030987e-01
-5.863234864444824002e-01
-4.887270385296436093e-01
-5.779085380853505871e-01
-5.856570171089263699e-01
-5.707904303343387387e-01
-5.680973378838392041e-01
-5.641597041757198117e-01
-5.861405262620540402e-01
-5.470841841669173977e-01
-4.957481788368316433e-01
-5.864324809880347988e-01
-5.619316676528545162e-01
-5.843837352366538784e-01
-5.354811472715230725e-01
-5.295475961537452481e-01
-5.569142157108875058e-01
-5.589047333122583172e-01
-5.854646840961070797e-01
-5.526746248723359844e-01
-5.732674373210759899e-01
-5.201943011851402066e-01
-5.530283593469651482e-01
-5.079223194987865231e-01
-5.858553888173194668e-01
-5.323933770777078411e-01
-4.815071763367744229e-01
-5.360938234151693127e-01
-5.864495465428920529e-01
-5.224165616453977368e-01
-5.532323138685317776e-01
-5.771389713407846234e-01
-5.816141011090369961e-01
-4.844951571793647549e-01
-5.857697294921966336e-01
-5.803936438531966946e-01
-5.570179706336351177e-01
-5.851619930834861538e-01
-5.866232903571220181e-01
-5.767664851517768643e-01
-5.849445292623134396e-01
-4.538093821973891995e-01
-5.561866963179202816e-01
-5.373165046693177960e-01
-5.467631423742862484e-01
-5.854086520047279141e-01
-5.828438492388816616e-01
-5.679213495822044155e-01
-4.732485430212112210e-01
-5.851899104089828274e-01
-5.861971245975585720e-01
-5.865302475066276333e-01
-4.996713975341411373e-01
-5.652405710787864468e-01
-5.663907749475332043e-01
-5.474371367962451718e-01
-5.859483869643302700e-01
-5.816259922356696865e-01
-5.483352800728173992e-01
-5.845289172501655361e-01
-5.854044573278518460e-01
-5.290438884766193173e-01
-5.359233485431762478e-01
-5.637561881811710141e-01
-5.240120811284871838e-01
-5.491818280787559292e-01
-5.645234843613000653e-01
-5.440336855025382778e-01
-5.862571241231055996e-01
-5.779938565464111111e-01
-5.859176868469806454e-01
-5.423960646511407635e-01
-5.663907749475332043e-01
-5.395066195995898983e-01
-5.862571241231055996e-01
-5.068101601572128079e-01
-5.316108034820647976e-01
-5.845803076298328183e-01
-5.805183442206474087e-01
-5.813555622370334408e-01
-5.266112832249494335e-01
-4.764948429436774990e-01
-5.800943242282958767e-01
-5.723904481054635784e-01
-5.043629573555084011e-01
-5.590767485917897961e-01
-5.453683527083488247e-01
-5.134912447900863430e-01
-5.855097936363311550e-01
-5.181371362776847622e-01
-4.863506050677390835e-01
-5.376002041519971630e-01
-5.386014578760953686e-01
-5.855384411187263272e-01
-5.655152665348144314e-01
-5.845803076298328183e-01
-5.839072855086417935e-01
-5.457048861206861279e-01
-5.105616466970535061e-01
-5.720774697036834500e-01
-5.849755050511451504e-01
-5.234695130856128475e-01
-5.839370133252235195e-01
-5.267048885942788861e-01
5.894432050274889257e-02
-5.056417489321323178e-01
-5.674258338184448025e-01
-5.541231164605708859e-01
-4.986903460593314907e-01
-5.603377258302064678e-01
-5.857180671663375637e-01
-5.458516402067037365e-01
-5.218561829896064541e-01
-5.653266178341003201e-01
-5.815236510605903408e-01
-5.290438884766193173e-01
-5.792558153988214276e-01
-5.861228572101684353e-01
-5.344598980517478726e-01
-5.440150776774974606e-01
-5.553256792844625256e-01
-5.850762555272670529e-01
-5.668357813627811215e-01
-5.674258338184448025e-01
-5.850438715787025235e-01
-5.788135880501361630e-01
-5.824615785749049923e-01
-5.468483174116702816e-01
-5.199638640405030987e-01
-5.784010065616460583e-01
-5.513402389259429714e-01
-5.720774697036834500e-01
-5.862976739080043576e-01
-5.802375616402717373e-01
-5.861455293269248745e-01
-5.294663065941425106e-01
-5.555850377203317425e-01
-5.857812182874770901e-01
-4.943435283274741909e-01
-5.864353047580810330e-01
-5.331591924549432537e-01
-5.700726991416307232e-01
-5.037898810477348110e-01
-5.235801802845092556e-01
-5.777965558589788220e-01
-4.581475498051734707e-01
-5.260564925046058438e-01
-5.575280951233001492e-01
-5.095996128292175076e-01
-5.854521708459945462e-01
-5.138932781190963528e-01
-5.862126516075225613e-01
-5.120058597893806240e-01
-5.144811885328384182e-01
-5.804084109039397976e-01
-5.304401514948697827e-01
-5.088836753637882016e-01
-5.068648474187942288e-01
-5.532323138685317776e-01
-5.575280951233001492e-01
-5.762667933375926754e-01
-5.727336591006608746e-01
-4.943690055878253720e-01
-5.274109261007400296e-01
-5.020567120881171963e-01
-5.035568604142757199e-01
-5.383714994312616131e-01
-5.028115527601333401e-01
-5.118780115516277096e-01
-5.804084109039397976e-01
-5.197661386699767849e-01
-5.567892992765994808e-01
-5.761816145749183438e-01
-5.102797577054591915e-01
-5.107495801420303128e-01
-5.526746248723359844e-01
-4.879521036417575619e-01
-5.402601750464530728e-01
-5.779085380853505871e-01
-5.043951736660094998e-01
-5.447034349562021038e-01
-5.854189896853061459e-01
-5.788135880501361630e-01
-4.830155836315246365e-01
-5.399384291739555142e-01
-5.857125239343734524e-01
-4.795024113626571438e-01
-5.863729657502265713e-01
-5.688809825004430554e-01
-5.012504549594016812e-01
-5.138597393305393002e-01
-5.862367691369148037e-01
-5.168546305866332791e-01
-5.799130888552757046e-01
-5.479682924122901699e-01
-5.858282314510436795e-01
4.953216670184044101e-01
-5.459433233262391827e-01
4.953216670184044101e-01
-4.579688178272338650e-01
-5.668357813627811215e-01
-5.727584918857904217e-01
-5.866781191797347805e-01
-5.001594366402717373e-01
-5.595477761597724697e-01
-5.165976675124259732e-01
-5.273034961791129849e-01
-5.813611278207393429e-01
-5.865024791927428982e-01
-5.857216136427016995e-01
-5.398559382082315228e-01
-5.137336978585811398e-01
-5.632072573424669049e-01
-5.860723981530757687e-01
-5.503542235018106243e-01
-5.779085380853505871e-01
-5.649865900994630596e-01
-5.632048377664180538e-01
-5.855398269267173550e-01
-5.824615785749049923e-01
-5.583568846703859112e-01
-5.376002041519971630e-01
-4.817802550168128750e-01
-5.055445449323745510e-01
-5.242482179672809384e-01
-5.864500308306308529e-01
-5.584184767575355313e-01
-5.859754847259612820e-01
-5.645234843613000653e-01
-5.531452091307731411e-01
-5.503788029671998761e-01
-5.864721404285522244e-01
-4.969442913205714962e-01
-5.855499671669097683e-01
-5.865696163745017788e-01
-5.139125713975520870e-01
-5.605983843923898480e-01
-5.771389713407846234e-01
-5.854740159483047268e-01
-5.762834938140006802e-01
-5.677391270072551510e-01
-5.551614964277835629e-01
-5.267616471172662518e-01
-5.043951736660094998e-01
