-5.331643898349732735e-01
-5.602114652901399872e-01
-5.848421855359275945e-01
-5.728407611834051005e-01
-5.138076530298388844e-01
-3.875757149473184060e-01
-5.854027784627732212e-01
-5.515786414466445908e-01
-5.042483999308958742e-01
-5.067947221826984983e-01
-5.511054131924570942e-01
-5.333328047954641882e-01
-5.860825604196948646e-01
-5.761847216712285835e-01
-5.758489790914422812e-01
-5.860004407078113209e-01
-5.787747301048712378e-01
-4.859705174314689624e-01
-5.282187288891539989e-01
-3.875757149672704460e-01
-5.782434066104492620e-01
-5.262112553006822457e-01
-5.676708990909600239e-01
-5.860004407228179835e-01
-5.849967592125426830e-01
-5.387084432502399212e-01
-5.713853592316461283e-01
-5.784274665023209083e-01
-5.512969849873016193e-01
-5.867432240460418447e-01
-5.845557234114586720e-01
-5.464167214178069498e-01
-4.538042480821357083e-01
-5.423481113961284850e-01
-5.764711661477058824e-01
-5.861906259817137865e-01
-5.805564145020338795e-01
-5.341012440050360022e-01
-4.828406185053443211e-01
-5.523058406124095043e-01
-4.732310386579091088e-01
-5.861906259967204491e-01
-5.700472784895299627e-01
-5.676708990869809845e-01
-4.828406185073906842e-01
-5.861072047098926374e-01
-5.856110797321359973e-01
-5.569898627218070608e-01
-5.275226767413119244e-01
-5.226224260118850218e-01
-4.509973320020846943e-01
-4.929014486256710903e-01
-5.861994575236024740e-01
-5.462341812087317949e-01
-5.853901905238881875e-01
-5.784274665293215323e-01
-5.719574126262947367e-01
-5.845551460559328394e-01
-5.855411812884014910e-01
-5.690943838763868889e-01
-5.552754581135506129e-01
-5.861927879829735843e-01
-5.508700819638774338e-01
-5.361669140616147633e-01
-5.327984179885296712e-01
-5.860812315807928385e-01
-5.800388108085591243e-01
-5.773830512588703501e-01
-5.042483999308958742e-01
-5.573214254060057105e-01
-5.631177408002742135e-01
-4.864048440239465143e-01
-5.821775957763040132e-01
-5.857015475753113432e-01
-5.491465426109528591e-01
-5.850988536013830288e-01
-5.198880088775225117e-01
-5.862980958922577868e-01
-4.884771560882137376e-01
-5.779034608210500412e-01
-5.856351545647398016e-01
-5.707827797005945447e-01
-5.680848258678445895e-01
-5.641951351621597999e-01
-5.861151375554943810e-01
-5.473397346140176367e-01
-4.958216682875419834e-01
-5.864018913186974657e-01
-5.620680076020525551e-01
-5.843801353847482005e-01
-5.354360281748454797e-01
-5.295158679832259185e-01
-5.569853357664469318e-01
-5.588185654730977170e-01
-5.854367288264649138e-01
-5.525334963161856461e-01
-5.732322796543091181e-01
-5.202249907743214941e-01
-5.530220068850302262e-01
-5.077002303029402031e-01
-5.858348009100879938e-01
-5.322729095384354236e-01
-4.813462132770131574e-01
-5.360200857097706661e-01
-5.864268746716010394e-01
-5.223828684707267911e-01
-5.532263620995958586e-01
-5.771228569552362409e-01
-5.815904007638964535e-01
-4.842655375306451626e-01
-5.857540157121214897e-01
-5.803876795697977542e-01
-5.569898626948064368e-01
-5.851382707706415109e-01
-5.866008172116374819e-01
-5.766586779568080301e-01
-5.849115521091233783e-01
-4.538042481851358723e-01
-5.561513763625984819e-01
-5.372496322403012003e-01
-5.467333520730395247e-01
-5.853784821083043433e-01
-5.828190401850935620e-01
-5.678922916808144539e-01
-4.732310387309528465e-01
-5.851593799716359179e-01
-5.861696935965790001e-01
-5.865036201458727616e-01
-4.995499305920966804e-01
-5.652796324703831532e-01
-5.662631299489331305e-01
-5.473966624701975814e-01
-5.859229930781038043e-01
-5.816082769714990830e-01
-5.483159901973222450e-01
-5.844953346100700831e-01
-5.853773662832355562e-01
-5.289719602079602234e-01
-5.358073492740214050e-01
-5.637367178221276420e-01
-5.240220920144885719e-01
-5.491558034574716141e-01
-5.644173534303735806e-01
-5.440727104952352011e-01
-5.862337237080519348e-01
-5.780044702477606933e-01
-5.858906956671222632e-01
-5.422488085660718271e-01
-5.662631299589375722e-01
-5.396458688008511917e-01
-5.862337236890663439e-01
-5.068702740718723510e-01
-5.315659854183669708e-01
-5.845551460349576178e-01
-5.804864267303595504e-01
-5.813321169507419395e-01
-5.265495112714879689e-01
-4.766847778344585063e-01
-5.800388107645623181e-01
-5.724388928738276539e-01
-5.042662239975501670e-01
-5.590703241634887855e-01
-5.452640524694694069e-01
-5.135954511756026797e-01
-5.854800966685329566e-01
-5.181682429205483054e-01
-4.860829998709738087e-01
-5.376240190149685905e-01
-5.385643630811952631e-01
-5.855135011396762623e-01
-5.654823766982232103e-01
-5.845551460569560209e-01
-5.838864847370639488e-01
-5.456118348025876807e-01
-5.105456254560587492e-01
-5.721184205057211480e-01
-5.849531265306621153e-01
-5.233604103519782225e-01
-5.839108489924199619e-01
-5.266744961818874415e-01
5.881859709819442505e-02
-5.055802879270365757e-01
-5.674337405408043100e-01
-5.541094668268867762e-01
-4.989225206440432991e-01
-5.604522826523408163e-01
-5.856894510650650920e-01
-5.457888703810943598e-01
-5.218667560990707388e-01
-5.653967639301390458e-01
-5.815260670786841501e-01
-5.289719602019348210e-01
-5.792013521395651399e-01
-5.860935393988890851e-01
-5.344967449527306957e-01
-5.439591459376449389e-01
-5.552640263807550047e-01
-5.850490019585002921e-01
-5.668564301004231920e-01
-5.674337405328462314e-01
-5.850162126778890581e-01
-5.787827380824056567e-01
-5.824459849553569324e-01
-5.468744006124762747e-01
-5.198880088825247325e-01
-5.784274665093694923e-01
-5.514294714317038437e-01
-5.721184205377239929e-01
-5.862683536671814410e-01
-5.802502915053588950e-01
-5.861172804127587899e-01
-5.295173503410152138e-01
-5.556174114213155990e-01
-5.857480334699465274e-01
-4.942725605772051445e-01
-5.864095564255318305e-01
-5.331307145800766589e-01
-5.700472784954985217e-01
-5.037363024650041154e-01
-5.236239843288946760e-01
-5.778056857397508850e-01
-4.578492591727977290e-01
-5.261209158343997938e-01
-5.575239080790120871e-01
-5.096414871386685252e-01
-5.854293974933446609e-01
-5.137318500848591096e-01
-5.861893529687454141e-01
-5.120536266474446929e-01
-5.144515456756598715e-01
-5.804299339847917016e-01
-5.307641152466505696e-01
-5.088458465939879050e-01
-5.068044616378564182e-01
-5.532263620825996764e-01
-5.575239080640054246e-01
-5.762929442111678346e-01
-5.726322286331932965e-01
-4.944456222179328120e-01
-5.274023939720914322e-01
-5.019566075442912778e-01
-5.034370652918536138e-01
-5.382219400768089024e-01
-5.031992494422204976e-01
-5.118229824490291291e-01
-5.804299339808126623e-01
-5.196973675909037915e-01
-5.567813890586011949e-01
-5.761743655206102988e-01
-5.102157197285603907e-01
-5.108237736001659535e-01
-5.525334963031685032e-01
-4.879057691900730021e-01
-5.403158103486703778e-01
-5.779034608260523731e-01
-5.042483999239041337e-01
-5.446481210941743756e-01
-5.854172299941381441e-01
-5.787827380774034358e-01
-4.828406185183614641e-01
-5.399602975748206690e-01
-5.856841589053050079e-01
-4.794828229426465471e-01
-5.863517867280340079e-01
-5.688324405391671501e-01
-5.013776244652030645e-01
-5.138655358632705505e-01
-5.862101924109861528e-01
-5.168008430949706522e-01
-5.798990960040008025e-01
-5.479621080431602564e-01
-5.858023140072314838e-01
4.953065590550857489e-01
-5.458310559181773769e-01
4.953065595030683999e-01
-4.576896348332764042e-01
-5.668564301074148215e-01
-5.727481655088858536e-01
-5.866528313277505902e-01
-5.003004770280881086e-01
-5.593608463897173921e-01
-5.164229504630886147e-01
-5.272111250480610023e-01
-5.813611095744124491e-01
-5.864793934363593531e-01
-5.856935415177755289e-01
-5.398670859518199805e-01
-5.137143806329163009e-01
-5.631925880419987873e-01
-5.860443061255039554e-01
-5.503088037865876414e-01
-5.779034608090561909e-01
-5.649656125901232340e-01
-5.631842869576931809e-01
-5.855127208243181558e-01
-5.824459849603591532e-01
-5.580964044013166925e-01
-5.376240190170148425e-01
-4.820003609315838267e-01
-5.053307989397833877e-01
-5.240968841862964078e-01
-5.864279750347037856e-01
-5.582813436784740402e-01
-5.859552866061145115e-01
-5.644173533843304114e-01
-5.531078817839421014e-01
-5.504205625406607405e-01
-5.864515782447189407e-01
-4.969550203254251564e-01
-5.855240961741721151e-01
-5.865435220627410740e-01
-5.139334286035914801e-01
-5.606943528015578826e-01
-5.771228569152753174e-01
-5.854476087717133126e-01
-5.762479111464063886e-01
-5.676708991269987514e-01
-5.552235797552719232e-01
-5.267298099503653352e-01
-5.042483999409003159e-01
