-7.983699646301054553e-01
-8.103902778110885219e-01
-7.764139296940946178e-01
-8.072471172071480350e-01
-7.819699990085744457e-01
-8.099445058486842708e-01
-7.993790312192821101e-01
-8.107752157829188899e-01
-8.051244812540196971e-01
-7.860779418132686214e-01
-7.938413965038442210e-01
-8.107372532121324138e-01
-8.107496044121169643e-01
-8.107794402621173457e-01
-8.101980919472360210e-01
-8.096717568568372325e-01
-8.094318584061646060e-01
-7.671665149263524608e-01
-7.838987624726676540e-01
-7.957216157100581722e-01
-7.423286205611610011e-01
-8.022658760182046489e-01
-8.101969967118882732e-01
-8.095678296394133167e-01
-7.869273806444787578e-01
-8.101324094913386897e-01
-7.796577392599963741e-01
-8.102000449306749896e-01
-8.107363591424607829e-01
-8.107518023333930568e-01
-8.058407512016081409e-01
-8.096273495338344173e-01
-7.935561845533036784e-01
-8.095421223423862056e-01
-8.107587369612836437e-01
-8.102738326869391994e-01
-8.075552946410560207e-01
-7.742039794556283550e-01
-7.982572485215448932e-01
-8.107424267090344028e-01
-8.070542430959128932e-01
-7.780020134977483348e-01
-8.107607448927545146e-01
-8.096786262921475963e-01
-7.468083827278995113e-01
-7.967992322973393993e-01
-7.693416523269795970e-01
-8.089996362558984355e-01
-7.893344518251204089e-01
-8.107695440284394817e-01
-8.107482186041259364e-01
-8.040342024050139980e-01
-7.970266342617058353e-01
-8.084009578905486659e-01
-7.863950618065380649e-01
-8.107721107534551219e-01
-8.103627739928149776e-01
-8.062737854651593761e-01
-8.097230373404407100e-01
-7.441283902607345180e-01
-8.097956991277122096e-01
-8.080955716303968028e-01
-7.980783144466065959e-01
-8.035248415998601512e-01
-8.030740768171333865e-01
-7.587737953744315700e-01
-7.884428427077316837e-01
-8.101018369651817874e-01
-7.455831496498965816e-01
-8.076611152372741298e-01
-8.065462438843631343e-01
-8.097126959345721797e-01
-8.107562037638806896e-01
-7.496065600297832088e-01
-7.709866324893617229e-01
-8.107506232790135936e-01
-8.101316029659890727e-01
-7.903650459356093005e-01
-7.907650229043745593e-01
-8.107487122050904826e-01
-7.986397063813590602e-01
-8.107233616046094493e-01
-8.040905949182295398e-01
-8.030735031224274234e-01
-7.940657372109078960e-01
-7.791034980199718074e-01
-7.477296842716121272e-01
-8.103760369576000766e-01
-7.371606221876525478e-01
-8.107932368747376994e-01
-8.107697377435350017e-01
-8.003222477144980029e-01
-8.074350664846086101e-01
-7.863233713887118892e-01
-8.096417962096118526e-01
-7.403123779676341609e-01
-7.702682158432387904e-01
-8.104693880758666591e-01
-8.093736609897994594e-01
-7.895132611028337077e-01
-8.098460222117089824e-01
-8.060333068005227641e-01
-8.021302940777921275e-01
-7.956777411035680370e-01
-8.105072891793632106e-01
-8.107255297235631541e-01
-7.750821141980075435e-01
-7.801920501969241695e-01
-8.107701773277902202e-01
-8.102595648250960902e-01
-7.948989421583199100e-01
-8.052108111313962535e-01
-7.729358515224837856e-01
-8.095660591951989726e-01
-8.100140234909438686e-01
-8.030522568605327205e-01
-8.095675511739635066e-01
-8.031996842927717761e-01
-7.858517664007329540e-01
-8.074073615006589488e-01
-8.071384551457547740e-01
-7.625424592278384761e-01
-8.099371297738933162e-01
-7.765427409193896846e-01
-8.074633321247481899e-01
-7.960104197717690067e-01
-7.868976993940257625e-01
-8.078112584061407642e-01
-7.846085252694272594e-01
-7.983815344504499034e-01
-7.717151148698710994e-01
-8.058539955399417476e-01
-7.618827140412711696e-01
-8.102404298714780406e-01
-8.107318366400384502e-01
-8.024450177780770854e-01
-7.895913953415536479e-01
-8.078731904260301189e-01
-8.107758788845920161e-01
-7.889422579191112117e-01
-7.967887828580522136e-01
-7.444957821152591304e-01
-8.107028352550649242e-01
-8.079425907216453151e-01
-8.065966852463268832e-01
-8.012580927915358142e-01
-7.435391424677753047e-01
-8.034226028702640132e-01
-8.100987235538148479e-01
-7.925821794650935725e-01
-7.855736669606947498e-01
-8.066896098188542918e-01
-8.095277911506080226e-01
-8.107617302320384578e-01
-7.635417608998202876e-01
-8.048917232535266475e-01
-8.074451527080916957e-01
-7.927423222444438533e-01
-7.897211434773587779e-01
-8.100774595967912273e-01
-7.967776889435433940e-01
-8.097266201383852557e-01
-8.102492476336145000e-01
-7.808945281885051326e-01
-8.107676571689033107e-01
-8.058128031424665050e-01
-8.095587036095046596e-01
-7.545168502710246639e-01
-8.056196794367813663e-01
-7.472673049650573329e-01
-8.090489441982888774e-01
-7.789402967772864894e-01
-8.098743744648480014e-01
-8.096379349462174968e-01
-8.107758174173020915e-01
-8.098706650070333080e-01
-7.588704070530318813e-01
-7.827815367362880306e-01
-8.012525998509907321e-01
-8.057385581068181590e-01
-8.103351835615419940e-01
-8.100430164940142230e-01
-8.016066132567309932e-01
-8.095935667387628154e-01
-7.769592563144349651e-01
-7.831427930376910762e-01
-8.097751150361680583e-01
-7.856701687432312564e-01
-8.107205676368856029e-01
-7.275458006642245845e-01
-8.094613114825868205e-01
-7.868237216479563312e-01
-7.864398686669253902e-01
-8.054017471603536205e-01
-8.099035798094653682e-01
-8.026522091112517909e-01
-8.038972299999975757e-01
-7.896706378541373805e-01
-8.078948716155671672e-01
-8.047206933132791118e-01
-7.946194233826779918e-01
-8.071824973903083400e-01
-7.787435939989471034e-01
-8.061896628222846584e-01
-8.097670879668974475e-01
-7.957871677807950572e-01
-8.063117685250424937e-01
-8.107426548830651836e-01
-8.054705951816820697e-01
-8.104024604416870670e-01
-7.826604228920721606e-01
-7.788302442512893276e-01
-7.698013103089713649e-01
-8.107714495144271449e-01
-8.054834520898246364e-01
-8.048942285112523631e-01
-8.053562343574547366e-01
-8.064590925804757671e-01
-7.909627287171268062e-01
-7.854846502176904277e-01
-8.068926968134426669e-01
-7.812736416689538554e-01
-8.093962884030723171e-01
-8.010306498489760951e-01
-8.072304456017398433e-01
-8.102711802802466945e-01
-7.755500777147197322e-01
-8.102452578477048473e-01
-8.098549535951995448e-01
-7.890160009718918399e-01
-8.053807048581027583e-01
-8.095064936659717159e-01
-8.100937968573951320e-01
-7.885483010194682674e-01
-8.107591029710554675e-01
-8.062918959639453487e-01
-8.072239254123949603e-01
-7.766580088518046932e-01
-8.013311913690948085e-01
-8.100030133954667644e-01
-8.107876945740961627e-01
-7.776329471252345638e-01
-7.994341245375060634e-01
-7.813245570741080837e-01
-7.963022292114281253e-01
-8.062898982770227985e-01
-8.103617402247571544e-01
-7.875567796162747936e-01
-8.102134513191365794e-01
-8.058332484669470386e-01
-8.099174825928592281e-01
-8.064257121167563991e-01
-7.843809416971587734e-01
-7.950087935186409549e-01
-8.103118138841771678e-01
-8.107444989017629222e-01
-7.916117581061505870e-01
-8.093422381661319331e-01
-8.098412575654172496e-01
-7.716519711993121700e-01
-8.012466719828033046e-01
-7.779413527331733302e-01
-8.052808680094265537e-01
-8.104165830172085361e-01
-7.850952772877597408e-01
-8.096198933653020458e-01
-7.566435365460300044e-01
-8.094152817956590251e-01
-8.099379176727914409e-01
-8.100404544256114558e-01
-7.999967588565730647e-01
-8.090909915498876170e-01
-8.101172568730496959e-01
-7.881317539594554500e-01
-7.908211919001721935e-01
-8.056997675902628497e-01
-7.631041100702666835e-01
-8.107764544419431285e-01
-8.071134146756910877e-01
-8.100538161105894641e-01
-8.107515443570398883e-01
-8.094901172898196773e-01
-7.913831966451787547e-01
-8.074120171822094516e-01
-8.018958764604711131e-01
-8.094891244999551372e-01
-8.099754788435482578e-01
-8.062019786320113734e-01
-8.107596794597291545e-01
-7.764224922738456325e-01
-8.107180325768374995e-01
-7.927745702199124889e-01
-8.052342171303414897e-01
-7.828451963595532970e-01
-8.048476521379732684e-01
-8.068549251637839870e-01
-8.076377064443611697e-01
-7.937119259021663265e-01
-8.101496277830981807e-01
-8.097292678884648875e-01
-7.829590524069451885e-01
-8.103289595327758388e-01
-8.068933142803096370e-01
-8.095266567997121410e-01
-7.797587728581809596e-01
-8.009243300638579921e-01
-8.081698930344962672e-01
-7.784292875311755733e-01
-8.108135555393480853e-01
-8.034984833083533839e-01
-8.093455257348203258e-01
-8.102692021510982112e-01
-7.988366419903421001e-01
-7.746852515719317989e-01
-8.058711784414434032e-01
-8.107672548375510768e-01
-8.059220556623720721e-01
-8.099245848588132457e-01
-8.031550860486411647e-01
-8.098910926363849239e-01
-8.070492325804614619e-01
-7.878435878537082271e-01
-7.815139024041080074e-01
-8.107832437835120754e-01
-8.072230965353035526e-01
-7.604749454639339046e-01
-8.107359698496245937e-01
-8.032467021129512386e-01
-7.391617103002452449e-01
-7.966719093255185680e-01
-8.027720554254436092e-01
-8.042163998342537479e-01
-8.097541155747556285e-01
-7.859791806421660976e-01
-8.068521628610276775e-01
-8.071911214373492793e-01
-7.890143925778054790e-01
-8.099141186557197170e-01
-8.099720636836671428e-01
-7.924990850023412303e-01
-7.949087014875793056e-01
-8.102430114976548747e-01
-7.968673846207046108e-01
-8.103637043840670184e-01
-7.806571750424289302e-01
-8.098336635611438350e-01
-8.055652128986501292e-01
-8.054866372130298213e-01
-7.696236679784440593e-01
-8.096593646786593990e-01
-8.107993184111499385e-01
-8.091132911376142101e-01
-7.801713562093162135e-01
-8.095556106872343616e-01
-7.592409877560519771e-01
-8.107581157691263751e-01
-8.095457004837178783e-01
-8.041890319890760974e-01
-8.051211918226861552e-01
-8.103555562428617076e-01
