-5.709295147624922073e-01
-5.822473024544430054e-01
-5.826690602642607963e-01
-5.826985897091341293e-01
-5.711586922933471477e-01
-5.768120750379872597e-01
-5.717268083770883358e-01
-5.773325143908274448e-01
-5.774594815974247730e-01
-5.794268954140258110e-01
-5.804425688055467880e-01
-5.805031681028318680e-01
-5.823297934201669968e-01
-5.752314432119143284e-01
-5.754000249379438436e-01
-5.793233053353739059e-01
-5.749490298857105053e-01
-5.708496142705095089e-01
-5.732155843232882297e-01
-5.764925564234268940e-01
-5.818827669662547386e-01
-5.823198366505217827e-01
-5.774256890234661377e-01
-5.707989838500631130e-01
-5.791844642316115177e-01
-5.755514982682776726e-01
-5.714243520577562130e-01
-5.821776516330552376e-01
-5.776370959882748402e-01
-5.685569043797564781e-01
-5.826301049036097801e-01
-5.822794107315254486e-01
-5.826773332026911056e-01
-5.801935056750786579e-01
-5.808962276731741703e-01
-5.823864429784131325e-01
-5.823858525199008263e-01
-5.825220994246316231e-01
-5.733767664586317814e-01
-5.724976761792910374e-01
-5.676256414097857750e-01
-5.824234863338184631e-01
-5.820153658804607666e-01
-5.819955566492986954e-01
-5.824442138490391052e-01
-5.823700056006324566e-01
-5.826908858087969101e-01
-5.821620105360758579e-01
-5.824386077528012073e-01
-5.693084984612775123e-01
-5.670006792587352074e-01
-5.826932811704588211e-01
-5.821981463176322258e-01
-5.811166451838922775e-01
-5.775180932195049799e-01
-5.824005986158860004e-01
-5.824941830304575241e-01
-5.762745128539514816e-01
-5.699548624050927437e-01
-5.787804914233398712e-01
-5.699359714579892433e-01
-5.826019165632438934e-01
-5.826591426101637161e-01
-5.826836317372632301e-01
-5.771396817234468735e-01
-5.811624504220795906e-01
-5.723284120266449726e-01
-5.823251624186647213e-01
-5.757444990393829620e-01
-5.727278618668329990e-01
-5.718127601374995983e-01
-5.755843087625813759e-01
-5.822824659352314747e-01
-5.822883002055001533e-01
-5.826655147192192352e-01
-5.699314321917605675e-01
-5.773306801510167396e-01
-5.744972485643935478e-01
-5.794364368138027466e-01
-5.643192600053859032e-01
-5.819934560512316502e-01
-5.721705519189250744e-01
-5.762812435221982277e-01
-5.827013361794066704e-01
-5.808890821007204330e-01
-5.718207760308993137e-01
-5.763461385448587215e-01
-5.790463029933285988e-01
-5.827019750666928566e-01
-5.827048742738676346e-01
-5.785860964623403824e-01
-5.822928133946967399e-01
-5.728245699373197830e-01
-5.738955732029986656e-01
-5.826246808809352196e-01
-5.717074224320364273e-01
-5.818159115095746792e-01
-5.746055995640468872e-01
-5.726277088341427124e-01
-5.820285222088110721e-01
-5.742193195563864982e-01
-5.819407953475725925e-01
-5.827016537604046142e-01
-5.745153348487925804e-01
-5.820615287465167320e-01
-5.824932507765603340e-01
-5.646670959484887398e-01
-5.798573527080130852e-01
-5.820278307017994202e-01
-5.804642704841804779e-01
-5.636174544287038124e-01
-5.826359051806044853e-01
-5.721088070948732174e-01
-5.678961459142279899e-01
-5.730687091653359211e-01
-5.821830756557297981e-01
-5.748693547737908638e-01
-5.793350027469110763e-01
-5.706374608506572521e-01
-5.826198240337085998e-01
-5.826325729084325111e-01
-5.801617173073005951e-01
-5.813857941483271397e-01
-5.826191721079063690e-01
-5.802228232440662659e-01
-5.823721518335056579e-01
-5.826030900296879089e-01
-5.681990325045895851e-01
-5.826524417442393577e-01
-5.724604633231771267e-01
-5.763675519791555679e-01
-5.807037209686947143e-01
-5.818761545759749687e-01
-5.789211928439450539e-01
-5.735865552504670895e-01
-5.803412772310090340e-01
-5.788237578761887825e-01
-5.722697852705729282e-01
-5.785656478782308376e-01
-5.738743534837973392e-01
-5.826608422738623894e-01
-5.818912960183930672e-01
-5.744845811803949154e-01
-5.734579200451386249e-01
-5.796762644839597023e-01
-5.809901250121307648e-01
-5.787466732380104339e-01
-5.826032856074285782e-01
-5.809206222710323608e-01
-5.803993708049071110e-01
-5.807271865722847259e-01
-5.824097283710849560e-01
-5.753089529988479889e-01
-5.783360081785482443e-01
-5.811848529209506786e-01
-5.762256128308487213e-01
-5.671832706374240196e-01
-5.826544869286132133e-01
-5.826341440496158874e-01
-5.825423757140648640e-01
-5.824264339697671211e-01
-5.824156711404335773e-01
-5.711006932486903942e-01
-5.783721695714754141e-01
-5.823910241541576660e-01
-5.771508859996807850e-01
-5.738604041342747486e-01
-5.794826918807935989e-01
-5.819034302202177322e-01
-5.802590521578800953e-01
-5.824546092716169632e-01
-5.787836164762389934e-01
-5.824070526813280857e-01
-5.684417370301795280e-01
-5.678111198884558952e-01
-5.826639938694548881e-01
-5.804494112325024879e-01
-5.710056638871443546e-01
-5.768202194539022720e-01
-5.823239666004789150e-01
