-5.836165757576525781e-01
-5.777669745224118802e-01
-5.780604007380605314e-01
-5.844856780680418584e-01
-5.813874477247298334e-01
-5.794705022784472082e-01
-5.803605346667171094e-01
-5.911237011390328977e-01
-5.904026413994432065e-01
-5.807106146315634820e-01
-5.762881097110510442e-01
-5.887820637511611555e-01
-5.871979045408368680e-01
-5.910542458953857992e-01
-5.712562781485319707e-01
-5.883816853823662374e-01
-5.882939622464180562e-01
-5.880853944184780691e-01
-5.910084564896822545e-01
-5.910481047543287847e-01
-5.878849439980984304e-01
-5.830224818276763532e-01
-5.910459431546331022e-01
-5.903399270685911748e-01
-5.840307861293256853e-01
-5.881867930951119039e-01
-5.829247842269540403e-01
-5.904162759619355771e-01
-5.830595149385333631e-01
-5.905029588105679128e-01
-5.892733187141419027e-01
-5.760384351673126790e-01
-5.883960258873701665e-01
-5.870162398281097982e-01
-5.887519326719046209e-01
-5.793513023021221731e-01
-5.910086362349391553e-01
-5.717975907685757253e-01
-5.876280703308582876e-01
-5.714179119753242109e-01
-5.902629337000251386e-01
-5.910246447386742208e-01
-5.748291454004645917e-01
-5.865797270747423742e-01
-5.910093030619025800e-01
-5.868854923831821058e-01
-5.884387605550289724e-01
-5.845575407805443380e-01
-5.792445783230066869e-01
-5.907208286883831594e-01
-5.831479361007512185e-01
-5.910539394902587507e-01
-5.892544761958122823e-01
-5.883439155953527067e-01
-5.896004709141851041e-01
-5.909153903561235044e-01
-5.788113149541020963e-01
-5.859007770853639219e-01
-5.880795662018061254e-01
-5.744085126283169362e-01
-5.908229640411735151e-01
-5.910830610158444021e-01
-5.905059548752904508e-01
-5.810514335247278783e-01
-5.877597360598445508e-01
-5.859961389290690992e-01
-5.891835522564650152e-01
-5.874625323998332593e-01
-5.827096468495727155e-01
-5.907826517435312841e-01
-5.911420379492045019e-01
-5.904189600335956190e-01
-5.906485673698187444e-01
-5.902304435806871030e-01
-5.909075625898838613e-01
-5.908737574430704687e-01
-5.899927262874842260e-01
-5.867461632663906190e-01
-5.894602947595120046e-01
-5.810621730709970567e-01
-5.817806418711841676e-01
-5.908668963896632764e-01
-5.654807054164410207e-01
-5.910780970665217016e-01
-5.842328426154852483e-01
-5.894957204076052282e-01
-5.848805476638079259e-01
-5.880015763180852506e-01
-5.903304173337817762e-01
-5.911210450070500944e-01
-5.865894430975020502e-01
-5.910554193618298147e-01
-5.759596341016293142e-01
-5.877301274525523755e-01
-5.909864139469862554e-01
-5.782575756969452474e-01
-5.905482583405972097e-01
-5.907718036981821630e-01
-5.908586346271038625e-01
-5.787691167282462690e-01
-5.800602967577577207e-01
-5.908172922866941068e-01
-5.909554903122187230e-01
-5.858507287415266607e-01
-5.905961646425128553e-01
-5.897047175752521131e-01
-5.894151293399334524e-01
-5.910967095481753919e-01
-5.793275675463080976e-01
-5.845049797284007642e-01
-5.904141432332397077e-01
-5.911121182801724050e-01
-5.899424590828419301e-01
-5.799062774243355367e-01
-5.905497996794581983e-01
-5.849312470021248433e-01
-5.911372742342353437e-01
-5.884471629472971532e-01
-5.894542020472288701e-01
-5.876269816147685621e-01
-5.907211434754133794e-01
-5.832461920293570135e-01
-5.909020109760165784e-01
-5.808876101585627172e-01
-5.905338852393031690e-01
-5.883832891198397252e-01
-5.910398308845759008e-01
-5.908502117457390401e-01
-5.853983280906975839e-01
-5.907626711490154836e-01
-5.797653548146188829e-01
-5.849826033885181520e-01
-5.714161080034971807e-01
-5.785404705169201467e-01
-5.891066324623823736e-01
-5.884225657867789838e-01
-5.805461533094347093e-01
-5.904655419948101613e-01
-5.851159198867679212e-01
-5.832778271945715520e-01
-5.908388375031352613e-01
-5.910858447390199277e-01
-5.911134994315505597e-01
-5.908541605534554098e-01
-5.907305675285459134e-01
-5.848957622150481317e-01
-5.850362256827355001e-01
-5.907079941319823835e-01
-5.910359211924076650e-01
-5.906638857635260198e-01
-5.889152549865246389e-01
-5.911271451699138257e-01
-5.767186042579413030e-01
-5.907863537507653806e-01
-5.908778934466243360e-01
-5.910615623655319784e-01
-5.829396541888416383e-01
-5.844387040200234029e-01
-5.910446905257702443e-01
-5.908811093034744832e-01
-5.908912951784730527e-01
-5.873692930402756307e-01
-5.781246238114834402e-01
-5.842577731894851301e-01
-5.908478340792060468e-01
-5.854932321893573377e-01
-5.884137303295136068e-01
-5.910099074902535055e-01
-5.909092417644858930e-01
-5.885169143515229795e-01
-5.904523600550890539e-01
-5.908460142748952482e-01
-5.777174514445067022e-01
-5.904847300338149640e-01
-5.894028023543358419e-01
-5.792793483200073812e-01
-5.910816090839505765e-01
-5.780551909195781324e-01
-5.878246389987469289e-01
-5.911142724292874906e-01
