-7.786479044287439866e-01
-7.684775662190255208e-01
-7.252081620088752789e-01
-7.776172367437717003e-01
-7.516960451892551465e-01
-7.783681421122488064e-01
-7.677370911977228207e-01
-7.745826921007570309e-01
-7.759701331659194512e-01
-7.757512951782878918e-01
-7.786033220170971436e-01
-7.753797659232255501e-01
-7.660806566989954991e-01
-7.786129705189701600e-01
-7.600885998970803303e-01
-7.662201706833180470e-01
-7.778631380340990109e-01
-7.785951049580213112e-01
-7.764630845329698605e-01
-7.783120182855960412e-01
-7.701866660780247731e-01
-7.748446303001579327e-01
-7.617076166487273259e-01
-7.653325383133229298e-01
-7.775895708753701729e-01
-7.547404455534156842e-01
-7.781524058944520039e-01
-7.786742371088799519e-01
-7.580510682008203549e-01
-7.697079499765273614e-01
-7.714632243431147618e-01
-7.748237244366642518e-01
-7.781492650090691132e-01
-7.763344348921414895e-01
-7.783731232910391373e-01
-7.554543639115032239e-01
-7.774107499561246915e-01
-7.781072907662924809e-01
-7.739284845582183880e-01
-7.756078321534183306e-01
-7.735331018037137074e-01
-7.634234658024248166e-01
-7.715650365269717259e-01
-7.748186887755033059e-01
-7.778623715556201024e-01
-7.649462285033401532e-01
-7.697731285869118256e-01
-7.783494849271115346e-01
-7.715688800952371640e-01
-7.779722909024890942e-01
-7.763402463450070901e-01
-7.699759403756794018e-01
-7.635988366371926350e-01
-7.681581009226825518e-01
-7.708746592096027417e-01
-7.775432701735731644e-01
-7.777987952857252640e-01
-7.782934668055709881e-01
-7.682669995400097651e-01
-7.756946595898803753e-01
-7.785433685920175595e-01
-7.582251901320156140e-01
-7.758177133790191693e-01
-7.778945142916378064e-01
-7.747469969606932683e-01
-7.638155265293058438e-01
-7.508469956508811993e-01
-7.779243990360733552e-01
-7.707734346902903599e-01
-7.657304263255533261e-01
-7.785961913458046002e-01
-7.638154333970483822e-01
-7.736717869109448475e-01
-7.703167997813757939e-01
-7.713046939159717841e-01
-7.426073557279047055e-01
-7.629070129758652730e-01
-7.654855159624454064e-01
-7.622425031430062337e-01
-7.752185376874145550e-01
-7.782061697497006936e-01
-7.786485274835464043e-01
-7.780383603229161782e-01
-7.763478911063608212e-01
-7.782656379557189030e-01
-7.768319068989690823e-01
-7.669254202908810658e-01
-7.779741908005413098e-01
-7.526159795514282269e-01
-7.784878608352479024e-01
-7.785681860103246255e-01
-7.657299145637985749e-01
-7.717807974248167557e-01
-7.737616795628305955e-01
-7.736775215296980424e-01
-7.759432128212389035e-01
-7.781521372078892274e-01
-7.674415816134747548e-01
-7.786100913352307362e-01
-7.714843760757681412e-01
-7.786212597555455250e-01
-7.676537480718430562e-01
-7.424369125208791775e-01
-7.677936066455182118e-01
-7.784983945592280907e-01
-7.761162390514251275e-01
-7.785773129715558571e-01
-7.740281579597827477e-01
-7.697484857915875001e-01
-7.782373620710310025e-01
-7.785799183464583439e-01
-7.661533855414923710e-01
-7.742954661651488824e-01
-7.565575182951029820e-01
-7.786154869525667710e-01
-7.622406581929859204e-01
-7.545776615432437939e-01
-7.681835125247922225e-01
-7.580923686317142529e-01
-7.724259944214459939e-01
-7.753884104593631310e-01
-7.762312527327772660e-01
-7.756418098277386708e-01
-7.771594558424290700e-01
-7.758058089810397906e-01
-7.784619323491093201e-01
-7.695336222230431122e-01
-7.683732650755878968e-01
-7.586595077580746693e-01
-7.740577092907365842e-01
-7.777341591707405133e-01
-7.783859327017303986e-01
-7.784478628589746041e-01
-7.786856411538061185e-01
-7.773639100185569806e-01
-7.684684874537375254e-01
-7.778043310671087784e-01
-7.678491600370940251e-01
-7.723489963962670846e-01
-7.782104515052374882e-01
-7.786695148377653641e-01
-7.731414552825477404e-01
-7.690231629229125065e-01
-7.771537864162560982e-01
-7.786093150778647942e-01
-7.610907877377208752e-01
-7.784973882651862187e-01
-7.780415906152662320e-01
-7.638081793255147023e-01
-7.780700653373238129e-01
-7.748035766697463078e-01
-7.734600565443721099e-01
-7.586573871365722699e-01
-7.772139638244148774e-01
-7.786813258706566376e-01
-7.691121994565215392e-01
-7.639546614653405232e-01
-7.778584534815486951e-01
-7.673032844020959420e-01
-7.773057368165787739e-01
-7.418366546324428601e-01
-7.786729081115659756e-01
-7.642336889683243317e-01
-7.783129174775418324e-01
-7.563247332862552685e-01
-7.720552721573945565e-01
-7.746017753659721894e-01
-7.767629447906252427e-01
-7.614188489085969014e-01
-7.697954447056141181e-01
-7.667221596046325249e-01
-7.648191132164534611e-01
-7.691762919119533581e-01
-7.697340162984069867e-01
-7.674789444125231785e-01
-7.746487605898615403e-01
-7.784963628790315671e-01
-7.772426653235193772e-01
-7.786293799570735974e-01
-7.781462368137177510e-01
-7.780324529438253922e-01
-7.786038230686422867e-01
-7.613281073561843915e-01
-7.786639143294629140e-01
-7.672838351271089596e-01
-7.678332362837132496e-01
-7.780267863116201443e-01
-7.773220163351830525e-01
-7.785561151384350342e-01
-7.786272085784908814e-01
-7.755708311731901450e-01
-7.786961366935607476e-01
-7.779738988309141678e-01
-7.780367342337008996e-01
-7.781680758624311967e-01
-7.720826767898139043e-01
-7.786446573725875897e-01
-7.754424620932873768e-01
-7.781989985658761544e-01
-7.785931394017275853e-01
-7.694012952550288720e-01
-7.786370289093789143e-01
-7.764333702205654664e-01
-7.729515073868420405e-01
-7.629227625719245953e-01
-7.685327647767004056e-01
-7.785382491118248982e-01
-7.778857412329849286e-01
-7.723772755405839963e-01
-7.728753184481498284e-01
-7.785575829028126282e-01
-7.509374456993278546e-01
-7.760491326033112092e-01
-7.604671182624038739e-01
-7.782151165000137372e-01
-7.658885234548684640e-01
-7.740005617077436728e-01
-7.673709412618514580e-01
-7.762101140386399312e-01
-7.664499093360241933e-01
-7.722985578282710595e-01
-7.760301224469181580e-01
-7.658635449177559895e-01
-7.785854606470998807e-01
-7.786120447843309922e-01
-7.786307783379193825e-01
-7.678922737530406994e-01
-7.619285366079744382e-01
-7.685663312721040530e-01
-7.599859755999383015e-01
-7.701124010189410729e-01
-7.785980251199540181e-01
-7.774474952883061452e-01
-7.742877443368521018e-01
-7.786064768723186535e-01
-7.785750777973767800e-01
-7.780957051134642644e-01
-7.607090088120636029e-01
-7.762961109681960625e-01
-7.457175540319618268e-01
-7.785449690698620362e-01
-7.558050701907810254e-01
-7.780178917153712792e-01
-7.589956900618013425e-01
-7.661249047658380551e-01
-7.780053235172268433e-01
-7.564542113385137601e-01
-7.786093332386549992e-01
-7.759389613336857838e-01
-7.684462968307521624e-01
-7.708266635007199330e-01
-7.475265736273464245e-01
-7.758365372708972973e-01
-7.566899952060517354e-01
-7.698912682524856610e-01
-7.650152348495062871e-01
-7.704324244103368802e-01
-7.687001737347778363e-01
-7.737177586230423731e-01
-7.725668569608565850e-01
-7.590151770553525967e-01
-7.786307960330483002e-01
-7.651024522772964520e-01
-7.777031940921184106e-01
-7.626798401168521924e-01
-7.778705904773410840e-01
-7.576276265597876591e-01
-7.773705028510626835e-01
-7.614685154101785702e-01
-7.785308236769374890e-01
