-7.942022808686977076e-01
-7.918675259546523737e-01
-7.907041494594102549e-01
-7.781993371294027018e-01
-8.107725881830936121e-01
-8.046681710378413843e-01
-7.776643798546081232e-01
-7.914725129352098154e-01
-7.821710199908500361e-01
-8.078818094776158976e-01
-8.048293047444110559e-01
-8.107191097782140421e-01
-8.101798777328019785e-01
-8.089632575259690928e-01
-8.044818301544671701e-01
-8.044393730209355997e-01
-7.718259000078921961e-01
-8.066427928255086588e-01
-8.107853826926236795e-01
-7.921927251712566065e-01
-8.101447966740613627e-01
-8.100234341667180704e-01
-8.094155114934926676e-01
-7.669720348761563944e-01
-8.104213901654964136e-01
-8.069976397649532007e-01
-8.101799410627370523e-01
-8.070845004961972879e-01
-8.102729727373605417e-01
-8.107282777176385569e-01
-8.096014630840306925e-01
-8.103821423695569681e-01
-8.107668847636466669e-01
-8.039664157525783228e-01
-7.393074889526849436e-01
-7.744594232038741755e-01
-7.907548040942435907e-01
-7.954358977125173258e-01
-7.757662308261876749e-01
-8.105728939966445612e-01
-8.077685345755105661e-01
-8.079537560091500925e-01
-8.031325914756541895e-01
-8.078706671343331980e-01
-8.100486376182323145e-01
-8.101961665646320032e-01
-8.052646477566247629e-01
-8.094663766072278666e-01
-8.085585047350412058e-01
-8.065709114865546869e-01
-7.776795063958650278e-01
-8.107668158457761454e-01
-8.042139352158790278e-01
-8.091923479781633066e-01
-8.095986607344036745e-01
-8.107762799457793879e-01
-8.102379158930068659e-01
-7.990231566921954798e-01
-8.031326734320407557e-01
-7.700673878983741449e-01
-8.055575021402126001e-01
-7.992251586959844278e-01
-7.986006473050599741e-01
-8.107536059663777994e-01
-7.750116546497827219e-01
-7.643858712957387613e-01
-8.100153772951250719e-01
-7.797749952272658991e-01
-7.718568385438209223e-01
-7.994077724264150309e-01
-7.609237466798310923e-01
-7.875389435188060450e-01
-8.103340432838683771e-01
-8.107332472548967051e-01
-7.756610286281591105e-01
-8.103840348170285868e-01
-8.103082903520351099e-01
-8.080849067167525934e-01
-8.107199405179505991e-01
-8.059564509288554834e-01
-8.103030972973590540e-01
-7.559663911209588694e-01
-7.965375908509975122e-01
-8.096861389325147318e-01
-8.075255059496646570e-01
-7.821220529125219034e-01
-8.050336872087007212e-01
-8.047807567612415003e-01
-8.098238126234298395e-01
-8.103954425872450518e-01
-8.071007390366082834e-01
-7.803438563690667795e-01
-7.467902933106904673e-01
-8.107170105771308588e-01
-7.993122801975494074e-01
-8.059570693270450281e-01
-7.773961813048606562e-01
-7.934970368490701365e-01
-7.831072543607240366e-01
-7.577577416644578623e-01
-8.058288094447141336e-01
-8.019060135678535151e-01
-8.104355146036630320e-01
-7.708737474725728678e-01
-8.102069997088199305e-01
-8.101732783810382532e-01
-8.063426368729358362e-01
-8.096281510637288736e-01
-7.570897822127824472e-01
-8.056690000788455652e-01
-8.099378642485624002e-01
-8.102879428164249109e-01
-7.813251816527133631e-01
-7.915407695667033838e-01
-8.075361071945315050e-01
-8.101501508475428270e-01
-7.913064990983491587e-01
-8.107432328955417322e-01
-8.089099840120559382e-01
-7.309419323549752878e-01
-8.107966703222280191e-01
-8.107530769751554178e-01
-8.024093338147884058e-01
-7.805699218855386423e-01
-7.604678754554277109e-01
-8.070900735304837870e-01
-8.102667142496591257e-01
-7.804521915362363504e-01
-8.000857547716384577e-01
-8.107527826772218393e-01
-7.912040256754642176e-01
-8.064049274520164179e-01
-8.094626066134458231e-01
-7.783878535823112177e-01
-7.968036138312106775e-01
-8.103199169830566095e-01
-8.094180912570243525e-01
-7.669771590129619288e-01
-7.451153990672116922e-01
-7.864271464617138552e-01
-7.845887780980353998e-01
-8.097293020085578608e-01
-7.788622693018203424e-01
-8.039068278716092752e-01
-8.107559901521688150e-01
-8.036671017156129526e-01
-7.988268767343049692e-01
-8.107422624574189829e-01
-7.940711674139981913e-01
-8.077564962999110865e-01
-8.054343757079129862e-01
-7.973560371295695948e-01
-8.074001350299602198e-01
-8.070524220214372324e-01
-8.107590858684068369e-01
-8.051750414864307093e-01
-7.953299523190742182e-01
-8.107519109592919992e-01
-7.920499124423747705e-01
-8.104819130943303751e-01
-8.107455593393331217e-01
-7.871052228705173182e-01
-7.854019922063832926e-01
-7.327749465451722788e-01
-7.620326389418130564e-01
-7.917529881791358637e-01
-8.021232631848340677e-01
-8.099595417128091501e-01
-8.107394312367921518e-01
-8.104248174325709986e-01
-8.097085279272084879e-01
-8.099090193257814096e-01
-8.066158235863929438e-01
-7.883415871159320520e-01
-7.873680868045573877e-01
-7.860930838481670069e-01
-8.059044235245471643e-01
-8.107394871161466288e-01
-7.829334062383657145e-01
-8.102980942324882196e-01
-8.019640200630908655e-01
-7.777803742186313318e-01
-8.107414652452951120e-01
-8.056130126909499811e-01
-7.914110158429628061e-01
-8.107637499318605112e-01
-7.473191988513951944e-01
-8.012420755670552897e-01
-7.906902001098876642e-01
-8.100048375175481485e-01
-7.886182159976249384e-01
-8.096673541561847376e-01
-8.096250385836845087e-01
-8.025768638448005365e-01
-7.874878418491368937e-01
-8.107630607531552958e-01
-8.102533777103906321e-01
-7.840190340624337839e-01
-8.101887849019056009e-01
-7.996169158117061304e-01
-8.107412044749742197e-01
-7.961946946428304361e-01
-8.013785329506879496e-01
-8.104037369460945772e-01
-8.099280984000449823e-01
-7.802349177048688578e-01
-8.106829707370286631e-01
-7.773961272881513285e-01
-7.646683414326196360e-01
-8.013234284565931009e-01
-8.102351554528957056e-01
-8.011751507268434214e-01
-8.070673958257919001e-01
-7.650088702188020395e-01
-8.037040677712445902e-01
-7.677015137718206095e-01
-7.949719742731338190e-01
-7.786065374360566782e-01
-8.079049323544984507e-01
-8.057989791826491999e-01
-8.017187693015819239e-01
-7.967742548183684992e-01
-7.753489573345666575e-01
-8.071753100351577448e-01
-8.102685787574535059e-01
-8.066919554815774607e-01
-8.099180959955936121e-01
-8.071551934675460505e-01
-8.097087346808200525e-01
-7.900038814962988543e-01
-8.009738853992109942e-01
-8.098107964591270136e-01
-7.753237818227296518e-01
-7.958633337960725473e-01
-8.107410722271686243e-01
-8.102766514615302729e-01
-8.040887580112701105e-01
-8.047606122539525675e-01
-7.917325493739133524e-01
-8.102868466497545885e-01
-8.044162203417306589e-01
-7.828059743018036531e-01
-7.963744138226991343e-01
-8.062700067506318735e-01
-8.054643102781062769e-01
-7.883408439205175089e-01
-7.726398610369449305e-01
-7.811325450287347483e-01
-8.058360197440868067e-01
-7.984471048087959932e-01
-7.937082477704768824e-01
-8.074778352723603891e-01
-8.098719489620214151e-01
-8.107995238945966410e-01
-8.036930818901544260e-01
-7.685604111150985407e-01
-8.013192673073297190e-01
-8.095748123572354960e-01
-8.107498583243375467e-01
-8.027163163618331598e-01
-8.079839606628900217e-01
-8.052788634644036936e-01
-7.573349696443563150e-01
-8.102625493751054453e-01
-7.444212172971254038e-01
-8.107244220421796488e-01
-8.093313627735858606e-01
-8.107567147211318659e-01
-8.071291928039079355e-01
-7.989030589209085154e-01
-8.101599641935115503e-01
-8.094781634257322001e-01
-7.397514168963914560e-01
-7.592049498901849436e-01
-7.873257106960898088e-01
-8.107296728388553309e-01
-8.062342309252505945e-01
-8.016000834153180765e-01
-7.973757699922805475e-01
-7.301006425962930368e-01
-8.098218605713134455e-01
-8.107212238804584192e-01
-8.107499421433692621e-01
-8.107625652895456003e-01
-8.107344896392112421e-01
-8.102477096812015223e-01
-7.980491124884372400e-01
-7.503480796561723398e-01
-8.107526988581901239e-01
-8.107374307559018778e-01
-8.107580874906068491e-01
-8.096450582937484430e-01
-8.107519053713565516e-01
-7.280881811724191355e-01
-8.065216016815190958e-01
-8.107826297030931162e-01
-7.678965587959771799e-01
-8.056731249065285372e-01
-8.099351634130960154e-01
-8.100710992560868906e-01
-8.096084703550820993e-01
-8.107173514411931681e-01
-7.791044895396714853e-01
-8.071898163155799555e-01
-8.093994331405645060e-01
-8.107460436270719217e-01
-7.950679787294154810e-01
-8.103411399618869471e-01
-8.103603289322143244e-01
-8.079040513233428644e-01
-8.073257838235383677e-01
-7.941727970586305307e-01
-8.107392486975675272e-01
-7.767604176745896982e-01
-7.865525443897729563e-01
-8.104297571675067591e-01
-8.102652706996684717e-01
-8.094478824035411524e-01
-7.888951214821224855e-01
-8.094557073758130716e-01
-8.107570071564202951e-01
-8.095462170289045023e-01
-7.336542566166406321e-01
-7.989741784379964518e-01
-8.068918880866056131e-01
-8.047909770951753305e-01
-7.251529355392938303e-01
-7.924921314091568636e-01
-8.023336117015367197e-01
-8.013878946052079844e-01
-8.107801821873670267e-01
-8.066202082530742334e-01
-7.686829433635955500e-01
-8.091925044403558420e-01
-8.103647359506374048e-01
-7.890170381263976740e-01
-7.840145413623338388e-01
-7.864592780218606638e-01
-8.054487739549165415e-01
-8.052473605469947504e-01
-8.034172558085208582e-01
-8.063031785980945276e-01
-8.103784804091935801e-01
-7.854299570293312716e-01
-8.104913436667209314e-01
-8.079179969475751566e-01
-8.070800003455167460e-01
-8.107683543906694101e-01
-8.080755022213941263e-01
-7.938289360002761530e-01
-8.097277709142451929e-01
-8.066958446846490549e-01
-8.103646726207023310e-01
-8.107334130303149866e-01
-7.616510351047998117e-01
-7.637443278775697397e-01
-8.048917275712972330e-01
-8.100623820767884897e-01
-8.102331866369729685e-01
-7.932280746148114847e-01
