-1.497956728100055201e+00
-1.496574386743544371e+00
-1.497971195616430107e+00
-1.430622120149361409e+00
-1.497679974344780396e+00
-1.496744313769791557e+00
-1.496466190536610563e+00
-1.472613472240704047e+00
-1.497005487390611789e+00
-1.497913316389000160e+00
-1.492811654118704201e+00
-1.472945200030743251e+00
-1.493447823708714095e+00
-1.472652077846636987e+00
-1.488163834776168093e+00
-1.496847584074677773e+00
-1.446967799873732696e+00
-1.497942839364240886e+00
-1.478790697763437523e+00
-1.475405072634092596e+00
-1.492179773356221872e+00
-1.497397220429333320e+00
-1.481531162781963173e+00
-1.497949036457256300e+00
-1.491038114313994578e+00
-1.445560097159639179e+00
-1.484926314292634997e+00
-1.496399877101986409e+00
-1.497925491552199562e+00
-1.496812720023737553e+00
-1.475533142521036956e+00
-1.493906941097253860e+00
-1.497924078820351834e+00
-1.497406493781877179e+00
-1.485439544738612838e+00
-1.497933545708721947e+00
-1.497104932588562809e+00
-1.496462540607564451e+00
-1.494164488955959991e+00
-1.496467779578326773e+00
-1.494335442607404030e+00
-1.484715161587555121e+00
-1.494091662071586279e+00
-1.490919544596419399e+00
-1.491037131157805895e+00
-1.489997946752109614e+00
-1.496229507333080244e+00
-1.497476354554655886e+00
-1.497455424917500277e+00
-1.492162643350023910e+00
-1.496881753383183522e+00
-1.493997094221693800e+00
-1.483416451142731907e+00
-1.469198939233654411e+00
-1.496312146160588608e+00
-1.497034692331101979e+00
-1.454004133055076142e+00
-1.497990123922194883e+00
-1.456112690856156799e+00
-1.497503823858548744e+00
-1.496511276258344125e+00
-1.460940119948166416e+00
-1.497938356139851823e+00
-1.497950236668301960e+00
-1.444708804260719237e+00
-1.476219828331405193e+00
-1.496605769148283693e+00
-1.454170693576035678e+00
-1.497970391173078175e+00
-1.450684855201346934e+00
-1.497384112090901942e+00
-1.427419588340691270e+00
-1.497253447640061186e+00
-1.496258628244655275e+00
-1.468723579191198780e+00
-1.488648671220982767e+00
-1.497972028857743609e+00
-1.488977919144007345e+00
-1.449497458468935740e+00
-1.494019072687011285e+00
-1.487528788618234454e+00
-1.496855601185236750e+00
-1.497941901235990247e+00
-1.496392497641912955e+00
-1.465741413055181352e+00
-1.494700003821992640e+00
-1.497972709796219881e+00
-1.442507266894478724e+00
-1.423730746341358877e+00
-1.491879197911125221e+00
-1.479569411859744443e+00
-1.497475458776394985e+00
-1.497932832450297180e+00
-1.497952278928655234e+00
-1.496136971763578405e+00
-1.497319664279771700e+00
-1.497192717528919914e+00
-1.476983391760914532e+00
-1.479393298824485115e+00
-1.497910093690596911e+00
-1.497453794998804932e+00
-1.496852631868613503e+00
-1.487857999429271993e+00
-1.497946549466260491e+00
-1.483588110235585233e+00
-1.497284284312237812e+00
-1.484499605176053505e+00
-1.493170694474765581e+00
-1.497525880623793659e+00
-1.497267133273025408e+00
-1.491944338779682244e+00
-1.496932342553455975e+00
-1.497940051145488560e+00
-1.496932452902387967e+00
-1.497992778679045234e+00
-1.496157870638749054e+00
-1.496135880454431133e+00
-1.489791599024180346e+00
-1.486369171631471087e+00
-1.464908747492310370e+00
-1.479482145733969745e+00
-1.497929916783643289e+00
-1.497936726691166287e+00
-1.496790257381802158e+00
-1.497911084432789419e+00
-1.484371564007091582e+00
-1.497428050054523174e+00
-1.495941236344078495e+00
-1.488478884401615909e+00
-1.493691187731877479e+00
-1.497211420798875814e+00
-1.497874499927235536e+00
-1.477379436098173571e+00
-1.497977957271972471e+00
-1.493456467896777662e+00
-1.496909975059482534e+00
-1.447318593160420663e+00
-1.460623730248780783e+00
-1.490561731434384196e+00
-1.481416722373068540e+00
-1.463871440909093602e+00
-1.497320463445131145e+00
-1.497944885090590317e+00
-1.490145972250971340e+00
-1.496603717151939739e+00
-1.493092354519804932e+00
-1.496618678680911474e+00
-1.461661677895473188e+00
-1.466622142872397561e+00
-1.497533556794622189e+00
-1.480049723383197291e+00
-1.478253144749043901e+00
-1.497566005611508988e+00
-1.458847204368487027e+00
-1.495165029661767120e+00
-1.496495228468257999e+00
-1.443191189948060282e+00
-1.486293793625123927e+00
-1.485191830228948628e+00
-1.473908449842548540e+00
-1.497937966736172077e+00
-1.460028261313991438e+00
-1.496815754211296978e+00
-1.497289047368395520e+00
-1.490609345526076934e+00
-1.497985898997589160e+00
-1.497911023739840974e+00
-1.497240861370182641e+00
-1.459942090460341735e+00
-1.487633309461100284e+00
-1.467910640972434955e+00
-1.495305558529679280e+00
-1.491666790236073181e+00
-1.491079726742518874e+00
-1.456469741132802698e+00
-1.420458277963990268e+00
-1.487058235069908418e+00
-1.496473075070074765e+00
-1.430421648639688570e+00
-1.486156324172741350e+00
-1.496088766832372796e+00
-1.466275104910696792e+00
-1.493272975962431692e+00
-1.497969440452826762e+00
-1.492553575270389343e+00
-1.426861868314529991e+00
-1.497934618806872287e+00
-1.497434528891319561e+00
-1.496711189999438529e+00
-1.496640066200674468e+00
-1.451110884729482020e+00
-1.497895116291637407e+00
-1.492753451644554641e+00
-1.494852462626302447e+00
-1.491210964814901452e+00
-1.448776909259808177e+00
-1.497900125616621780e+00
-1.494325508661394464e+00
-1.497955318612201880e+00
-1.496959920176261782e+00
-1.426434328190579581e+00
-1.467991533234354717e+00
-1.489683416303222874e+00
-1.483950582329877754e+00
-1.497456910834309873e+00
-1.497964325619948411e+00
-1.491528632362238982e+00
-1.497501357704543068e+00
-1.496603583189048514e+00
-1.497509805770747882e+00
-1.497984729067520115e+00
-1.460077128248662426e+00
-1.496619642125125438e+00
-1.462900080960815030e+00
-1.497506948150045369e+00
-1.439803006959807119e+00
-1.493502500104727293e+00
-1.497944986278530566e+00
-1.493218680349147398e+00
-1.496102137884589123e+00
-1.492195798946327701e+00
-1.404917617525736073e+00
-1.439459129616554645e+00
-1.431265369807672272e+00
-1.497960632426927896e+00
-1.497361036686470692e+00
-1.496669338519121206e+00
-1.494964154840432435e+00
-1.496792732366823753e+00
-1.461583482356388242e+00
-1.497903810977648575e+00
-1.474873948980535143e+00
-1.496866278849647403e+00
-1.486637312726660110e+00
-1.492528309620732685e+00
-1.496945083319217051e+00
-1.496952351198364450e+00
-1.433995055811901009e+00
-1.458182080205760345e+00
-1.497311291180511095e+00
-1.481840455937052603e+00
-1.496646042766867968e+00
-1.419696899336725826e+00
-1.460940579506772252e+00
-1.497208481901244781e+00
-1.476631058483452996e+00
-1.485306714284511331e+00
-1.497351048137512741e+00
-1.492691157111670552e+00
-1.496761703499784435e+00
-1.496775031536062173e+00
-1.497365756045678120e+00
-1.480207966897851835e+00
-1.437029652873720309e+00
-1.465745422918967256e+00
-1.497491475142498363e+00
-1.489941431228578139e+00
-1.434617223673180453e+00
-1.493026994191404500e+00
-1.494671262433127756e+00
-1.493801458186124531e+00
-1.497978003092932386e+00
-1.455305147634034402e+00
-1.474633157206321821e+00
-1.492535959720575400e+00
-1.487469153668231181e+00
-1.488261621773458110e+00
-1.471745742515055300e+00
-1.462454347698552315e+00
-1.451428297491036634e+00
-1.497924594208926985e+00
-1.496508527305544511e+00
-1.464402898532389141e+00
-1.497959933778500785e+00
-1.496001210792832881e+00
-1.493360511807994007e+00
-1.494588878308439783e+00
-1.496606160167964106e+00
-1.497923317240967389e+00
-1.485433129786775996e+00
-1.454034031425004647e+00
-1.494377017965920373e+00
-1.491039035333270979e+00
-1.459215493619094417e+00
-1.497765955671596538e+00
-1.493778056934958132e+00
-1.448399576076482287e+00
-1.496377761624784641e+00
-1.493460125771816749e+00
-1.478454519074983153e+00
-1.497946956368945592e+00
-1.497400850876421607e+00
-1.497028562780036376e+00
-1.497916609061368254e+00
-1.497271886776199601e+00
-1.496552364616263953e+00
-1.496592697611815570e+00
-1.488094271701144056e+00
-1.497292850876327019e+00
-1.493696819846329182e+00
-1.498000392410924420e+00
-1.476594539510861948e+00
-1.490585660743121377e+00
-1.472866565496028901e+00
-1.497405621809592802e+00
-1.482328730057104638e+00
-1.493730593718168631e+00
-1.493466876795403131e+00
-1.469666363065494030e+00
-1.491355795619332625e+00
-1.495280051082183315e+00
-1.433930906597531640e+00
-1.475829197276788962e+00
-1.497938291101909680e+00
-1.491189491789176591e+00
-1.497963060850974415e+00
-1.486565186913719305e+00
-1.469395482746475912e+00
-1.441268802858167497e+00
-1.496732327552429354e+00
-1.488537153861729800e+00
-1.435690599133354839e+00
-1.474811655531682364e+00
-1.497505941523853190e+00
-1.484652448554033555e+00
-1.444410029800186068e+00
-1.477966395915810027e+00
-1.496937306511488153e+00
-1.496336820952741231e+00
-1.491561772383572126e+00
-1.497929065795317483e+00
-1.496627908715479682e+00
-1.477621329617522461e+00
-1.448476022450957634e+00
-1.493555940402711446e+00
-1.488194280455664709e+00
-1.476693066807566179e+00
-1.497901210780744563e+00
-1.484361548063151792e+00
-1.493485281484570715e+00
-1.473828893656573102e+00
-1.497381556890956533e+00
-1.498086015794025005e+00
-1.480289782155008949e+00
-1.459103357141346979e+00
-1.497953546730621088e+00
-1.463657182191526740e+00
-1.497323427734725376e+00
-1.498018894920033928e+00
-1.475126889094981131e+00
-1.490080236595867857e+00
-1.497915323996382497e+00
-1.497340910287672910e+00
-1.494612431925482321e+00
-1.490963449991089984e+00
-1.491697322160495665e+00
-1.492779762871358606e+00
-1.477354471776260780e+00
-1.489744289820247314e+00
-1.497942288255687648e+00
-1.491471782279986114e+00
-1.476698404571257894e+00
-1.497938547724699809e+00
-1.497926634444292082e+00
-1.496745784046601857e+00
-1.462464322601519706e+00
-1.481588726634657016e+00
-1.496977731709947079e+00
-1.493219126464778723e+00
-1.497904841482832206e+00
-1.493589687084546203e+00
-1.491869408467990210e+00
-1.497464320935349091e+00
-1.497921059658769316e+00
-1.497932286641734834e+00
-1.496472616202456640e+00
-1.497980756288720849e+00
-1.440158441781753007e+00
-1.450978125082328374e+00
-1.495088884762032944e+00
-1.460686128267555395e+00
-1.470911870029129709e+00
-1.430518615307666108e+00
-1.493227581237961843e+00
-1.498008192747660061e+00
-1.497335582426949419e+00
-1.496979306325667780e+00
-1.443651819575359152e+00
-1.486711451982012377e+00
-1.454465445425827452e+00
-1.491247348182623611e+00
-1.482492732799134627e+00
-1.497963494615620617e+00
-1.489327438265710679e+00
-1.492143572354347025e+00
-1.485649713547460227e+00
-1.487564643376380058e+00
-1.497905916642947588e+00
-1.484164935167365806e+00
-1.490267204040399918e+00
-1.414289086272805696e+00
-1.459205857407844364e+00
-1.497316493839300211e+00
-1.483272978473197057e+00
-1.491324977336129232e+00
-1.496204509447202069e+00
-1.497230530970493634e+00
-1.466683967856651893e+00
-1.468924856371216059e+00
-1.484941359647534265e+00
-1.496624363976317706e+00
-1.455056776383918837e+00
-1.487177211052158610e+00
-1.497237965209502919e+00
-1.475197002358548115e+00
-1.460541513874940467e+00
-1.469912838907126540e+00
-1.496329635192515495e+00
-1.467351125884732932e+00
-1.492472598230558001e+00
-1.450474618096550650e+00
-1.497498531251800991e+00
-1.490285587482623297e+00
-1.477058249342676266e+00
-1.480868730128084731e+00
-1.489865022082078605e+00
-1.467995702383986911e+00
-1.494766357737596696e+00
-1.457814621741486238e+00
-1.497254358760319981e+00
-1.497407124365367270e+00
-1.484096515397430149e+00
-1.497907231532912276e+00
-1.497392723738976583e+00
-1.487173386759248928e+00
-1.463082081273351376e+00
-1.435033140400474805e+00
-1.442946039832359473e+00
-1.496595947203188004e+00
-1.497939619112831355e+00
-1.460541687893793350e+00
-1.497450732696285591e+00
-1.485448580973317556e+00
-1.497931364598482196e+00
-1.494629336508881856e+00
-1.450814924077678425e+00
-1.497952542840442769e+00
-1.496539269453813770e+00
-1.487972330836281110e+00
-1.452784556290549034e+00
-1.496581349225928337e+00
-1.497218586619100122e+00
-1.470531441602294098e+00
-1.471450116925946183e+00
-1.489688014836525909e+00
-1.496637185628010513e+00
-1.485460657741604740e+00
-1.492680937687895559e+00
-1.491975008757018939e+00
-1.487288431609650852e+00
-1.493208109564631236e+00
-1.457887850742560332e+00
-1.497941261182508033e+00
-1.469462747732344532e+00
-1.491618116817219120e+00
-1.459013833508379099e+00
-1.480141196367588341e+00
-1.486048858816232610e+00
-1.486421637793229777e+00
-1.496770297075872946e+00
-1.497935835740868971e+00
-1.497523642057608129e+00
-1.487717261457554896e+00
-1.493982735052255428e+00
-1.446129830579126363e+00
-1.487932306818482875e+00
-1.488404116256791143e+00
-1.465047103690939601e+00
-1.448350423450030622e+00
-1.464138265355356516e+00
-1.455587723655644261e+00
-1.497933416970816722e+00
-1.489846873216681855e+00
-1.468927681635960214e+00
-1.478704116811112357e+00
-1.497340024922379165e+00
-1.420597870453631950e+00
-1.497330942440673551e+00
-1.474737902689025715e+00
-1.467218496185452414e+00
-1.496768048192700595e+00
-1.490242920882944411e+00
-1.497393390925420897e+00
-1.470193925365907317e+00
-1.487953619436330088e+00
-1.483806809546574179e+00
-1.496429124723437365e+00
-1.490627751759252773e+00
-1.493474860920974923e+00
-1.497339932687440811e+00
-1.475917384794818155e+00
-1.494805918899759334e+00
-1.497904756762900469e+00
-1.487475015156494162e+00
-1.490685403158869660e+00
-1.493494608364074994e+00
-1.479588111481691781e+00
-1.462782361435559508e+00
-1.497198214809498218e+00
-1.497901452876556849e+00
-1.497966731783021421e+00
-1.492702109668871069e+00
-1.491517637279089703e+00
-1.497561119177435174e+00
-1.436222948506932884e+00
-1.497907920118356939e+00
-1.493391205513289410e+00
-1.489924621274103966e+00
-1.428612014106053651e+00
-1.497378382774509520e+00
-1.469803103463446226e+00
-1.453125182828425510e+00
-1.497928421822853906e+00
-1.489788720281475243e+00
-1.497349440512788510e+00
-1.473264023784170096e+00
-1.485652594540139981e+00
-1.473926070528360111e+00
-1.496743440365480238e+00
-1.443907314146751331e+00
-1.496471538030324622e+00
-1.497926262435593570e+00
-1.497441733357534277e+00
-1.497389883753248441e+00
-1.497481581730446321e+00
-1.497981429548197019e+00
-1.475244978493954751e+00
-1.496758440405410839e+00
-1.492057461083665215e+00
-1.492162389045221138e+00
-1.489321069328840341e+00
-1.488698481831874698e+00
-1.492823448470212977e+00
-1.496289201277040126e+00
-1.497395318874887860e+00
-1.443227876862549941e+00
-1.497954051915214135e+00
-1.455327449924083139e+00
-1.491922910681936276e+00
-1.489889079070723321e+00
-1.496449346199171471e+00
-1.468468731115319947e+00
-1.466882683617717786e+00
-1.496875808319956480e+00
-1.497994244701868150e+00
-1.494406397141297083e+00
-1.497432936242607093e+00
-1.462511242362749986e+00
-1.496983311970452979e+00
-1.487338966961982312e+00
-1.496650439051335546e+00
-1.496325702956683434e+00
-1.493858898041906302e+00
-1.496807405311028294e+00
-1.490831742476090627e+00
-1.488627911890665789e+00
-1.497433610129066173e+00
-1.497361351510224203e+00
-1.491755905620333333e+00
-1.492654201277407111e+00
-1.496630572153336169e+00
-1.473984567066295881e+00
-1.493156561835121909e+00
-1.487304633775623497e+00
-1.497914496946051388e+00
-1.481481290421120534e+00
-1.496579816946185693e+00
-1.494334373044257758e+00
-1.497902162668985238e+00
-1.463873457794479638e+00
-1.490805606018131169e+00
-1.477355273410640768e+00
-1.488464275883377708e+00
-1.496581410263887468e+00
-1.494031061527353987e+00
-1.450868239705753515e+00
-1.493023481491214000e+00
-1.429280728360881936e+00
-1.497998723237275565e+00
-1.484526251808601760e+00
-1.461512594548429744e+00
-1.497956358320355896e+00
-1.489784691286739848e+00
-1.497328146153942274e+00
-1.489990846898818777e+00
-1.472269568037479326e+00
-1.497431343207871413e+00
-1.494857403547335872e+00
-1.469371679519637430e+00
-1.458925546403432083e+00
-1.497978142535837387e+00
-1.497967733946212965e+00
-1.497939336439064295e+00
-1.497904666229966653e+00
-1.462196024601425837e+00
-1.492351426567093409e+00
-1.431330046483638041e+00
-1.494890920731355877e+00
-1.490584698255893459e+00
-1.438147115641427831e+00
-1.484814617737518772e+00
-1.491681930291889779e+00
-1.430494391477155514e+00
-1.494446024034407960e+00
-1.486105747329465654e+00
-1.497924253503192027e+00
-1.497938873987443298e+00
-1.473434832080714241e+00
-1.413761495904385157e+00
-1.450504459790538325e+00
-1.497933240997972870e+00
-1.489869197679710267e+00
-1.497275307872469874e+00
-1.497164190983875542e+00
-1.494766387204575775e+00
-1.497306622921251051e+00
-1.493996810936917496e+00
-1.497540118548335242e+00
-1.497562988515927618e+00
-1.430605756897539882e+00
