-1.073001638099816413e+00
-1.066784999408801893e+00
-1.086640424396663196e+00
-1.086102647231427021e+00
-1.075639905715610523e+00
-1.086168619776342492e+00
-1.078764112262336816e+00
-1.046422560833015769e+00
-1.084392395626783800e+00
-1.086917825764366796e+00
-1.078326365406599985e+00
-1.071865391126256339e+00
-1.086523102348069036e+00
-1.086560493677944716e+00
-1.086140227317169638e+00
-1.084423353484910590e+00
-1.083591095028678675e+00
-1.085934087769056422e+00
-1.086911941085144662e+00
-1.083405091393351949e+00
-1.076972481355187528e+00
-1.086507571320576293e+00
-1.068744869940556619e+00
-1.083466020816316711e+00
-1.073302729580479564e+00
-1.084890565474857071e+00
-1.086127994796022511e+00
-1.086628550505188695e+00
-1.070678790293212002e+00
-1.085497460529443403e+00
-1.084316822654630252e+00
-1.086486084645876371e+00
-1.070791867304167644e+00
-1.086877011011251781e+00
-1.086406922337580960e+00
-1.070818593828684051e+00
-1.086907676152552904e+00
-1.052001210648448648e+00
-1.078727393289861780e+00
-1.085939808156491715e+00
-1.086111322508438892e+00
-1.080925368682001064e+00
-1.086892701848601650e+00
-1.086548223629825838e+00
-1.086132935673058908e+00
-1.083222247275502648e+00
-1.077041233419858024e+00
-1.086907990821323056e+00
-1.077146549895097616e+00
-1.078443800873071234e+00
-1.086934184524254166e+00
-1.075306390695000891e+00
-1.062567759444765558e+00
-1.085991374514967411e+00
-1.086899829455868494e+00
-1.086432145159280216e+00
-1.071165337216599900e+00
-1.073530437976243590e+00
-1.086604173963819697e+00
-1.072218381926135278e+00
-1.081102133230736451e+00
-1.086493428588959809e+00
-1.045885505600218535e+00
-1.086248306163200672e+00
-1.083730528448478836e+00
-1.076430348997472919e+00
-1.084512082244478037e+00
-1.086892854262510699e+00
-1.083880713138604790e+00
-1.081830586934463767e+00
-1.086913901841536800e+00
-1.085443599413829174e+00
-1.086511220362609720e+00
-1.069800440496062821e+00
-1.075865034801425812e+00
-1.080945074944095419e+00
-1.073387953708886844e+00
-1.078291876978374475e+00
-1.074850800781636639e+00
-1.086895317813487916e+00
-1.069631121818309660e+00
-1.083768294663071785e+00
-1.083056756525707875e+00
-1.086674312293353095e+00
-1.084944305197639514e+00
-1.083819349000998633e+00
-1.084834000014393673e+00
-1.086932238325790889e+00
-1.086914652609936915e+00
-1.084389825829857879e+00
-1.070146185209804868e+00
-1.084651602118216873e+00
-1.076804893712020927e+00
-1.086618987621918331e+00
-1.067508514811520870e+00
-1.086583881668149010e+00
-1.086895224143567207e+00
-1.078751226734694146e+00
-1.086914564127030802e+00
-1.059955610047938812e+00
-1.083287015752378846e+00
-1.074234612240555053e+00
-1.081290069545466803e+00
-1.077238499378073255e+00
-1.076081123605515666e+00
-1.085845293007568602e+00
-1.086479817378920965e+00
-1.086576691247931770e+00
-1.083535017100809350e+00
-1.074570938838877110e+00
-1.077905636035177750e+00
-1.065742838542492521e+00
-1.084044920437452930e+00
-1.086108472394728075e+00
-1.086920002620618941e+00
-1.073687498344829683e+00
-1.075846166531613912e+00
-1.082740801338970549e+00
-1.081489444689035517e+00
-1.081698829210508972e+00
-1.081566922534690667e+00
-1.086520675511999157e+00
-1.084776356044774070e+00
-1.082797877785035334e+00
-1.086515608919078613e+00
-1.083835978230579755e+00
-1.084307270328311201e+00
-1.081283876160458179e+00
-1.083849383124810828e+00
-1.085904554708834846e+00
-1.080125986340316979e+00
-1.067493245761833354e+00
-1.084204014572401009e+00
-1.086524683628788956e+00
-1.069845107742113166e+00
-1.084433363066826361e+00
-1.084163695631856550e+00
-1.054229831195929945e+00
-1.081704812139692828e+00
-1.083251903097628421e+00
-1.086918448250915992e+00
-1.084743984716830090e+00
-1.086004925654066477e+00
-1.074895429811716818e+00
-1.086549662964684915e+00
-1.082172027275692505e+00
-1.086010621893470862e+00
-1.086196431495932702e+00
-1.067439238516288080e+00
-1.086212027215390563e+00
-1.078619929125330223e+00
-1.086887248331992240e+00
-1.073593003981879512e+00
-1.085869806015836048e+00
-1.072696378343487966e+00
-1.086176037327387878e+00
-1.058756868986637345e+00
-1.081073171240016340e+00
-1.085808108396463467e+00
-1.078484031341737204e+00
-1.086552458980443836e+00
-1.073193042101777461e+00
-1.054537371377420429e+00
-1.076587603486917288e+00
-1.084337223908190095e+00
-1.078322599605606502e+00
-1.081868682562827422e+00
-1.049272565794405532e+00
-1.082243957672826218e+00
-1.084199456715050802e+00
-1.084491691773878719e+00
-1.086887577415730277e+00
-1.070246308940251190e+00
-1.066372138945100634e+00
-1.085990901786377139e+00
-1.085998838865957605e+00
-1.086356307884313699e+00
-1.082896816089397252e+00
-1.070929199523687370e+00
-1.077045960637036393e+00
-1.085217733723561118e+00
-1.084658706639457293e+00
-1.086586887418731218e+00
-1.071528328426488708e+00
-1.086279356658233830e+00
-1.086685953088003309e+00
-1.086043551024980403e+00
-1.086916050529851407e+00
-1.084030325183189758e+00
-1.080504095755032257e+00
-1.059699656542905544e+00
-1.065926459389735736e+00
-1.081598894617917139e+00
-1.086595099184135105e+00
-1.086038531761046144e+00
-1.084005860319895209e+00
-1.086542163445722853e+00
-1.066888326848639323e+00
-1.081004925879959000e+00
-1.083525793899212220e+00
-1.080881937445929530e+00
-1.057133830401819186e+00
-1.064839042683858539e+00
-1.086900726463168265e+00
-1.072355043932158747e+00
-1.074877592051096009e+00
-1.086520915485791550e+00
-1.077308737078576995e+00
-1.060332613213533559e+00
-1.068904023970457473e+00
-1.086445581529448923e+00
-1.086103720261564431e+00
-1.084137213919185827e+00
-1.086205041039040475e+00
-1.084290032985198104e+00
-1.078435245648979413e+00
-1.085086246660407205e+00
-1.081328209495802106e+00
-1.083124653995056308e+00
-1.059803527440348558e+00
-1.086336285015431447e+00
-1.086927970424212964e+00
-1.081700406067222842e+00
-1.086513295865934037e+00
-1.082994484664802970e+00
-1.086134388389871308e+00
-1.071331899455565173e+00
-1.086122511061418994e+00
-1.086879570073193024e+00
-1.079561697861451064e+00
-1.065890950879326615e+00
-1.079433544108589604e+00
-1.084010716999958879e+00
-1.083423896431221056e+00
-1.086064515105127359e+00
-1.086476517565575506e+00
-1.074583126696082802e+00
-1.062338070700574288e+00
-1.086670972008037861e+00
-1.079617282855696248e+00
-1.085986004966308593e+00
-1.053252498908473278e+00
-1.080886512693259194e+00
-1.082177818978028228e+00
-1.074716703853572763e+00
-1.068887325562889012e+00
-1.086936173339615452e+00
-1.067182720680762475e+00
-1.083882001232574721e+00
-1.084985590509405684e+00
-1.084298730717161208e+00
-1.075929775333304139e+00
-1.084081892868673958e+00
-1.084320416439732204e+00
-1.086374773144444195e+00
-1.085323111990787126e+00
-1.058512391936434982e+00
-1.086914949052732116e+00
-1.086606907810606648e+00
-1.073861076636169587e+00
-1.086899691821975544e+00
-1.086771318729295555e+00
-1.069821447800137992e+00
-1.084030384594121266e+00
-1.078353230280951536e+00
-1.078709093512613792e+00
-1.086935433909251403e+00
-1.086548539452573126e+00
-1.086515339519290801e+00
-1.047011360835172988e+00
-1.084381029146940456e+00
-1.086086135449690904e+00
-1.083942350602965954e+00
-1.086577430443362191e+00
-1.086910319282432535e+00
-1.084472414596430623e+00
-1.075040143047283792e+00
-1.069742140551984466e+00
-1.085939842006436340e+00
-1.084496415502067546e+00
-1.085943879627210507e+00
-1.073435372983759573e+00
-1.086059053445534106e+00
-1.070768429320046344e+00
-1.078791616015161381e+00
-1.086191699307744729e+00
-1.081324270366972096e+00
-1.086063026865299541e+00
-1.086871449058689043e+00
-1.078124260280229452e+00
-1.074881408978042518e+00
-1.079883289725628082e+00
-1.086892565411716527e+00
-1.083042680761042043e+00
-1.084791895582288168e+00
-1.080962332572220852e+00
-1.086912421523742456e+00
-1.077057498982761707e+00
-1.084394546283072636e+00
-1.084832187376882029e+00
-1.084832387024678102e+00
-1.085995537813654321e+00
-1.063125731349711112e+00
-1.085147727955900088e+00
-1.084818520876885684e+00
-1.086938474398751575e+00
-1.086569241995905655e+00
-1.086935196151440852e+00
-1.086910197597539485e+00
-1.070037334815426178e+00
-1.085223551524906238e+00
-1.085518867454255076e+00
-1.083905873429353628e+00
-1.085902882586208706e+00
-1.086461324858755129e+00
-1.086634281039564165e+00
-1.065601647513146899e+00
-1.084893294036688216e+00
-1.079666571830016464e+00
-1.086934656677873701e+00
-1.085885795806923237e+00
-1.086493100637200948e+00
-1.079544464716277741e+00
-1.086470182013642427e+00
-1.083940763422245102e+00
-1.086909407258193738e+00
-1.084696830638803178e+00
-1.084390998460896816e+00
-1.048069297206752459e+00
-1.086600515586740201e+00
-1.086914310253214611e+00
-1.071893781171404658e+00
-1.085887409114677515e+00
-1.075065960568502232e+00
-1.085979461573573390e+00
-1.086516900586052659e+00
-1.080799529465271025e+00
-1.066613212990089821e+00
-1.086891859847269881e+00
-1.086932191021815708e+00
-1.085869752533838994e+00
-1.071938537773361899e+00
-1.081895532360213297e+00
-1.080786167967033418e+00
-1.083823562240567862e+00
-1.086543681177484455e+00
-1.082412782608926705e+00
-1.071639115063327763e+00
-1.074159911473687057e+00
-1.070906509502916215e+00
-1.086930010923615519e+00
-1.084194344187171088e+00
-1.073032401621080156e+00
-1.068107287556654184e+00
-1.077439926656996727e+00
-1.068017993018509637e+00
-1.079117116716221236e+00
-1.086194030705894376e+00
-1.085031359002587070e+00
-1.086911633286350876e+00
-1.086912192451940706e+00
-1.074117479127794095e+00
-1.063183919189903515e+00
-1.081578135885649106e+00
-1.082807106545629949e+00
-1.086234969760914382e+00
-1.086513934860424024e+00
-1.085498477949652152e+00
-1.074680219555950833e+00
-1.077958215802879982e+00
-1.086918401244914012e+00
-1.043575175798552301e+00
-1.071290495350926131e+00
-1.045821832630486448e+00
-1.072007070373215409e+00
-1.086637776002746358e+00
-1.081690143899505019e+00
-1.086575479122912968e+00
-1.062362906547596131e+00
-1.086301166380644556e+00
-1.073222414290137205e+00
-1.080355594046549239e+00
-1.085230145587596784e+00
-1.084999889981905552e+00
-1.086422835804730092e+00
-1.071039390914969802e+00
-1.073078837739678937e+00
-1.084878619395481802e+00
-1.086533408022738234e+00
-1.086588670298282322e+00
-1.086573236866711589e+00
-1.086559616146662632e+00
-1.086918044651200344e+00
-1.071465433606097806e+00
-1.056146201526674933e+00
-1.075385848325083105e+00
-1.076789276333589340e+00
-1.086585151910116842e+00
-1.065135048073642121e+00
-1.069368509655652222e+00
-1.051846587060907945e+00
-1.086151817204884518e+00
-1.075314743044298416e+00
-1.070534189250547330e+00
-1.069405729958711415e+00
-1.062008619561751965e+00
-1.074678285633496211e+00
-1.067762566470075836e+00
-1.081059023080426229e+00
-1.080915939529587311e+00
-1.086918712476706350e+00
-1.086907275204864964e+00
-1.086915025822663416e+00
-1.086488036801297685e+00
-1.086235242468702067e+00
-1.053031193019542178e+00
-1.080396711790417852e+00
-1.086566569313099695e+00
-1.083805284849320261e+00
-1.086045978673057855e+00
-1.084449857040557186e+00
-1.070825808488848230e+00
-1.083410439182083351e+00
-1.059941691735153402e+00
-1.074195173117306057e+00
-1.086387216102430386e+00
-1.061531599942628246e+00
-1.082057930241499655e+00
-1.068686033514918865e+00
-1.086631764379596188e+00
-1.077275636554179350e+00
-1.086304076403348473e+00
-1.081467631952562014e+00
-1.086150747153737717e+00
-1.079057823178914299e+00
-1.082485713458237964e+00
-1.084814304794238238e+00
-1.086947218549751959e+00
-1.081862316564958348e+00
-1.079997977020327626e+00
-1.086051164149857362e+00
-1.065767223699895849e+00
-1.080810498992435642e+00
-1.086904278236299648e+00
-1.083594502154922701e+00
-1.086921252605654642e+00
-1.086652083373234934e+00
-1.086297460727670305e+00
-1.086650692333358093e+00
-1.082326761914152558e+00
