-8.103996794825687466e-01
-8.095679637199535428e-01
-7.873527612692012845e-01
-7.980703804796829282e-01
-7.893600966936245023e-01
-8.054248299604549466e-01
-7.602793555861606656e-01
-7.990803439324989377e-01
-7.720251660948886929e-01
-8.071062620884075223e-01
-8.026625570064678250e-01
-7.579822335547103940e-01
-8.107526246613159238e-01
-7.755453009313240109e-01
-8.107251804476871548e-01
-8.107515368765487729e-01
-8.100712280875339566e-01
-7.822955083256855069e-01
-8.045772146588459073e-01
-8.081221822804107724e-01
-8.098138664072647153e-01
-7.794319987451925336e-01
-7.618317995375289975e-01
-8.052425030773773251e-01
-7.996660638755455075e-01
-7.990711722677841244e-01
-8.103385288423194943e-01
-8.099002931421890317e-01
-8.039483186012401639e-01
-7.469467427736415921e-01
-8.092852886921062527e-01
-7.973539177483215390e-01
-8.100979570454254208e-01
-8.103380929833545743e-01
-7.514558565026416836e-01
-8.032895233636989651e-01
-8.044813890164985715e-01
-8.032171111708774625e-01
-8.038381543165340481e-01
-7.835675906544818936e-01
-7.835862580841674863e-01
-8.107776735132827817e-01
-8.033760134285583554e-01
-7.544019278293743191e-01
-8.107280414706363736e-01
-7.853053938752307950e-01
-8.024748098260059415e-01
-7.831329684859409390e-01
-7.874175813203945218e-01
-7.550979983216419278e-01
-8.029719833439483700e-01
-7.573109362429275571e-01
-8.102257531291141568e-01
-8.095791582173004208e-01
-8.103367444282665311e-01
-8.099801894432201443e-01
-8.085475098496570645e-01
-8.103776853686466275e-01
-7.488514613515033780e-01
-8.103102315372123776e-01
-7.991504613464965878e-01
-7.703803274935379086e-01
-8.051339294916286526e-01
-8.061330150967731534e-01
-7.571849506503238736e-01
-8.016815539604320584e-01
-8.033695314234390317e-01
-8.059998992985382138e-01
-8.096245657807483731e-01
-7.930746879583492337e-01
-7.721272763019695340e-01
-7.930987831359996854e-01
-7.706378493612899838e-01
-8.107612822359695492e-01
-8.103447090989246426e-01
-8.107273560172214566e-01
-8.040527012354030667e-01
-8.034525681441917477e-01
-7.965010609632625638e-01
-7.945810239916935025e-01
-7.683190759426250516e-01
-7.830982376044883786e-01
-8.071069587176933346e-01
-8.013078477388515530e-01
-8.093859162336483060e-01
-7.856330815857544003e-01
-8.102280143803253232e-01
-7.975010443633689938e-01
-7.989320550268783627e-01
-7.662104983037605344e-01
-8.107470590776100217e-01
-7.857479322856559811e-01
-8.098667357271804867e-01
-8.097787257438793240e-01
-8.101106230324401913e-01
-8.091245051628246365e-01
-8.096797298794879971e-01
-7.811237741416587887e-01
-8.077909853464260159e-01
-7.851128298944130002e-01
-8.097784351712360440e-01
-8.067293483918800412e-01
-8.010184746390476285e-01
-8.044082168644561825e-01
-8.107014019197120724e-01
-8.101131078010692654e-01
-8.100742455726757107e-01
-8.095298689013614712e-01
-8.069423493152751981e-01
-7.755099218493595181e-01
-8.107446339136257230e-01
-8.065038863724365292e-01
-8.081734012967243252e-01
-8.103385884469642697e-01
-8.098644931024208127e-01
-7.610471975213184415e-01
-8.107821252351894437e-01
-7.920988556152477322e-01
-7.967961598342552243e-01
-7.570974510317936002e-01
-8.069964926844730435e-01
-8.097674381142749844e-01
-8.107634801572456418e-01
-8.049911353891983090e-01
-8.045878168350353299e-01
-8.107743580049171506e-01
-8.107420411115779935e-01
-7.915852200394764004e-01
-8.014628347164287625e-01
-8.032005634313716946e-01
-7.883166279798641263e-01
-8.056455124324455319e-01
-7.796313297158374844e-01
-7.791163418596878110e-01
-7.963873166745796262e-01
-7.689986061459674893e-01
-7.710147071784629880e-01
-7.793945837920799313e-01
-8.107499201005592404e-01
-8.097350467151298581e-01
-8.094994444554939328e-01
-8.107299339181079922e-01
-8.107686992889537869e-01
-8.100792523628368436e-01
-7.965116854911937772e-01
-7.868394423431053220e-01
-8.107156660562648831e-01
-8.101727124458446561e-01
-7.881148439055576382e-01
-8.101043496435775815e-01
-7.935345675951137601e-01
-8.100018222039833127e-01
-8.093130495554103909e-01
-8.098794054394855557e-01
-7.894587535565986691e-01
-8.074587378805770932e-01
-8.095488157278194485e-01
-7.545205783253803311e-01
-8.101091925209655820e-01
-8.057252448207035123e-01
-8.107660543328418790e-01
-7.939818557506694852e-01
-7.900738101607456265e-01
-7.593884822136058865e-01
-8.095411416298046170e-01
-8.107440341418876706e-01
-8.102886025017395077e-01
-7.839917000538005887e-01
-8.107186537390842496e-01
-8.101939391499652920e-01
-7.899618651872768460e-01
-8.103994671410217343e-01
-7.995076570814743100e-01
-7.913115341371192990e-01
-8.107270728951587735e-01
-8.047079350954189358e-01
-8.039464336043491421e-01
-7.690641191011562405e-01
-8.094427902406349240e-01
-7.806707378631725369e-01
-7.915340047484531460e-01
-8.107426632350578366e-01
-8.102232236570015012e-01
-8.095980044609203397e-01
-7.799026277071132718e-01
-7.947958316808834134e-01
-8.102467786675586758e-01
-7.603154685503139554e-01
-7.912763934737339078e-01
-7.990118693715229092e-01
-7.588621061450138150e-01
-7.814632710224285184e-01
-7.835933361357345639e-01
-7.956975866263999997e-01
-7.756651621466770230e-01
-7.635228503650322018e-01
-8.100262601083412228e-01
-7.742443327015533505e-01
-8.102452550238266049e-01
-7.874953132277622281e-01
-7.917670961624279080e-01
-8.078631516700878201e-01
-8.036540690964355527e-01
-7.682342473572387753e-01
-8.107523229128017483e-01
-7.426763158446445523e-01
-8.101500738567009030e-01
-7.783612292414798794e-01
-7.654978986984386502e-01
-8.101818431323661862e-01
-8.056440521186485348e-01
-8.103254828756942807e-01
-7.845611740058555661e-01
-7.795607578164234219e-01
-7.955734040743007718e-01
-8.010514360076084195e-01
-8.107360061412944852e-01
-8.101109322315349637e-01
-8.068136405354633389e-01
-8.097049761718406735e-01
-7.570208143597736417e-01
-7.975517083114280759e-01
-7.515927311187877713e-01
-8.103079404836788235e-01
-7.672140244549408017e-01
-8.094660286015167294e-01
-8.065533284252777158e-01
-8.104106802648201047e-01
-7.991214078074588834e-01
-7.773612830942764340e-01
-7.923623193210258542e-01
-8.095586616700782834e-01
-8.107345607286586819e-01
-8.101705070739879666e-01
-8.107475396400585232e-01
-8.057341259127750455e-01
-7.855339031821384488e-01
-7.932869997030391751e-01
-7.965234015291824399e-01
-7.991593498891487179e-01
-8.096981179124012051e-01
-7.836230006223812161e-01
-8.106906879848136960e-01
-7.932090815311565457e-01
-8.095562290555133877e-01
-8.015824090844287930e-01
-7.860623467868461667e-01
-8.071081731623306332e-01
-8.079045470958843289e-01
-8.100336212819709836e-01
-7.792729716902866421e-01
-8.102969546025886594e-01
-8.104853648847236691e-01
-8.107493054276599942e-01
-8.094882536834373532e-01
-8.099531550115242062e-01
-8.107574340110912381e-01
-8.092496451145305691e-01
-8.073783163136138974e-01
-8.091231640583171902e-01
-8.038961310094490109e-01
-8.095445316439762173e-01
-7.853861767953529416e-01
-7.409653011864318906e-01
-8.107825163906707822e-01
-8.107836898571147977e-01
-7.967563774591579495e-01
-8.073180932706489621e-01
-7.822782490557327328e-01
-8.096937332457199155e-01
-8.036191221481456815e-01
-7.665948663061752377e-01
-8.035788107818260251e-01
-7.891864050334587155e-01
-8.091165218657150326e-01
-7.613489534860744534e-01
-7.986701373165741025e-01
-7.966526728278293668e-01
-7.526008542781963406e-01
-7.962018978005542813e-01
-7.924235593682422696e-01
-8.017749097353115140e-01
-8.096882980471744595e-01
-8.044149186617031155e-01
-8.096143212324276028e-01
-8.056587670153274594e-01
-7.647512089615955411e-01
-7.795857992178096829e-01
-7.863476891225471554e-01
-8.100451771324768124e-01
-8.102220688170089780e-01
-7.862983103996410428e-01
-7.827956397241249142e-01
-8.098894152945175229e-01
-8.090350907450809537e-01
-7.787202503687038480e-01
-8.080484438842430173e-01
-8.050707709199085294e-01
-7.938286420112743436e-01
-7.527530174857273160e-01
-8.022866789406433163e-01
-8.062850963479175626e-01
-8.094689715808525143e-01
-8.101877998715534268e-01
-7.811779286867275296e-01
-8.074668552881374417e-01
-8.101483676737442075e-01
-7.831389587527408658e-01
-7.864486817425384579e-01
-8.087973874217166959e-01
-7.957773190146579800e-01
-8.056120630508556424e-01
-8.107288573092117367e-01
-8.045860547727241574e-01
-8.046517055636539517e-01
-7.878210414355888425e-01
-7.940540630525245724e-01
-8.094199467605247555e-01
-8.103875611132278500e-01
-7.454340625709190427e-01
-7.707575354879989682e-01
-7.980037350362434445e-01
-8.107320573335781155e-01
-7.962850276535644589e-01
-8.048339914685382901e-01
-7.798212561911239682e-01
-8.107423987394466458e-01
-8.101767581111087857e-01
-7.933161761766567288e-01
-8.102507237499847470e-01
-7.645285222834243832e-01
-8.107484895890846310e-01
-7.642211597567691861e-01
-7.839731965368881283e-01
-8.103396389788284360e-01
-8.107340019351139127e-01
-8.093347121184959470e-01
-7.989690359836711941e-01
-7.990076337164535580e-01
-8.053158279663219510e-01
-7.675639484232559262e-01
-7.970654275423183499e-01
-8.066913653319969235e-01
-7.380416598325862942e-01
-7.922748346036567746e-01
-8.093000520175590573e-01
-8.102269750243320523e-01
-8.102632332748069821e-01
-7.845504898732795773e-01
-8.104657773083343564e-01
-8.101389985686435757e-01
-8.103030678039684354e-01
-8.101683911090984402e-01
-8.107287343746318875e-01
-8.107778187996044217e-01
-7.861268948918476163e-01
-8.107383754259243069e-01
-7.833160665041103421e-01
-8.065287377840175687e-01
-7.394860107606544553e-01
