-1.076502275385101015e+00
-1.069226163171370203e+00
-1.066452042164419467e+00
-1.061241527751226599e+00
-1.075905745580930883e+00
-1.076475920818884546e+00
-1.075750905752320463e+00
-1.076528286293287451e+00
-1.074966219917078192e+00
-1.076491041772206003e+00
-1.075248955480892832e+00
-1.057272487051923449e+00
-1.050342124618728334e+00
-1.070562502799694116e+00
-1.075576371245224649e+00
-1.064034724805642540e+00
-1.076561363145847494e+00
-1.060354517039050037e+00
-1.064446999423344309e+00
-1.071494101744283611e+00
-1.074071866192062075e+00
-1.071854415780071790e+00
-1.061868359998006994e+00
-1.063712862052161867e+00
-1.072157121926684553e+00
-1.076033984974165136e+00
-1.050382581271369631e+00
-1.076510243781049425e+00
-1.073616536997397120e+00
-1.073649847611923391e+00
-1.076525320030887301e+00
-1.063496952608366186e+00
-1.075639635056395704e+00
-1.075945549376447374e+00
-1.076514793291826422e+00
-1.075497069127996141e+00
-1.075756052240867788e+00
-1.075958015129108603e+00
-1.066516850806911165e+00
-1.060774431761492664e+00
-1.075128786929090197e+00
-1.076474557362635309e+00
-1.063565497949857885e+00
-1.051175181485850985e+00
-1.051339824415881807e+00
-1.062638257362086947e+00
-1.073139428358663494e+00
-1.073187476687271769e+00
-1.052930987171967203e+00
-1.072440976008911306e+00
-1.076383840024609739e+00
-1.070810127269615109e+00
-1.071228906709839279e+00
-1.061074744176258022e+00
-1.076084841705997164e+00
-1.069131291203339273e+00
-1.073993325896699602e+00
-1.073721351765234644e+00
-1.042171557165820772e+00
-1.076028074801106627e+00
-1.076523390330512697e+00
-1.045785170711715395e+00
-1.062176196567852671e+00
-1.052072309620816881e+00
-1.049951907910545046e+00
-1.069504150154207522e+00
-1.075207280658323938e+00
-1.075211752869327242e+00
-1.069769568240408475e+00
-1.070661778060857827e+00
-1.075568037770826990e+00
-1.071106349781294043e+00
-1.060764087095995123e+00
-1.065356199361522371e+00
-1.070726360857625181e+00
-1.076184777274866278e+00
-1.058571886003155882e+00
-1.059947075985510523e+00
-1.070166870683570082e+00
-1.075298809178311998e+00
-1.076528672792155916e+00
-1.074378568411011869e+00
-1.076475000672180826e+00
-1.075495332211394484e+00
-1.075959478236873323e+00
-1.075447436154027159e+00
-1.064472078776125485e+00
-1.058046972111005957e+00
-1.076531483523686106e+00
-1.069494940770928437e+00
-1.075410597689588243e+00
-1.076517560251195604e+00
-1.076487323001165564e+00
-1.055724617757041628e+00
-1.069785546243329222e+00
-1.075635656446356947e+00
-1.072426909312744314e+00
-1.076494209200282270e+00
-1.060880452592064316e+00
-1.043310901813347513e+00
-1.076471903093297655e+00
-1.049667470820386583e+00
-1.056404133990545446e+00
-1.073542952269454176e+00
-1.075482520006735498e+00
-1.054933773085613424e+00
-1.064210482837770755e+00
-1.073654266737539942e+00
-1.069659821188215787e+00
-1.070472337735955293e+00
-1.038711410679061586e+00
-1.072733017347891504e+00
-1.075967379577596361e+00
-1.062049579072882111e+00
-1.076113963231582815e+00
-1.075916819006343061e+00
-1.059407337300617868e+00
-1.073142694972593958e+00
-1.073140878893573458e+00
-1.056967411853511507e+00
-1.076524014316637690e+00
-1.069412307312850530e+00
-1.047503904171426470e+00
-1.051565064780552561e+00
-1.070533883722637469e+00
-1.055142715305228407e+00
-1.058319091528792555e+00
-1.076040925189991171e+00
-1.076503963872928793e+00
-1.076146147877116377e+00
-1.076494713045795137e+00
-1.048878689028461153e+00
-1.055019604705412561e+00
-1.071343387907509381e+00
-1.048664136521656687e+00
-1.062157662317295248e+00
-1.066987598745290811e+00
-1.053782005526263887e+00
-1.049181756295402224e+00
-1.076494682312150175e+00
-1.056003038503368074e+00
-1.075980096787352736e+00
-1.075171601690490419e+00
-1.069324327131871755e+00
-1.072626757167418177e+00
-1.070056421181325490e+00
-1.070181825628642613e+00
-1.072925039298970873e+00
-1.047484167583425219e+00
-1.076229014165837938e+00
-1.075279587611694510e+00
-1.076530029729147131e+00
-1.036082473315437014e+00
-1.075948645092685396e+00
-1.062093677196790154e+00
-1.070357655605439717e+00
-1.073955360531945402e+00
-1.074625389382381613e+00
-1.076483656384189302e+00
-1.070727866573397691e+00
-1.037946854449947054e+00
-1.075385850586135561e+00
-1.075986749224503214e+00
-1.060024206258495028e+00
-1.075313946895439798e+00
-1.075892177142341311e+00
-1.075915637157995874e+00
-1.062171864986558134e+00
-1.066094102069873983e+00
-1.075968150712688143e+00
-1.062639507196982080e+00
-1.073940572992105658e+00
-1.045403056509931261e+00
-1.075880701385576899e+00
-1.075210235744853193e+00
-1.059586376615007097e+00
-1.047470346756417925e+00
-1.058752120204408342e+00
-1.059191889792819197e+00
-1.068615708930556352e+00
-1.072255993925173456e+00
-1.038862258859117205e+00
-1.072872714802761251e+00
-1.076045053742964441e+00
-1.076529176637668783e+00
-1.076226059079308683e+00
-1.043606604181368525e+00
-1.047362954087693865e+00
-1.076233522698421652e+00
-1.076108477741618330e+00
-1.052065561257441217e+00
-1.070385525433485086e+00
-1.075935901805896933e+00
-1.070029303163428480e+00
-1.060305117361385996e+00
-1.074186422594030077e+00
-1.059929106116433317e+00
-1.070222467148814971e+00
-1.069938176741962010e+00
-1.069558889337022478e+00
-1.076053227029879267e+00
-1.076614310696859533e+00
-1.049173406057198221e+00
-1.067929618490998322e+00
-1.061954201862354452e+00
-1.074766451224823172e+00
-1.056494022451479609e+00
-1.069914855959032352e+00
-1.072865779243548090e+00
-1.072855449013550455e+00
-1.054480537504096205e+00
-1.051937368430335695e+00
-1.076516506925363714e+00
-1.076073842786390955e+00
-1.045987353392083818e+00
-1.076495622947950537e+00
-1.076413407653708632e+00
-1.072849366545815641e+00
-1.075492276542027170e+00
-1.054382334195215876e+00
-1.054886138729889566e+00
-1.075308579683442289e+00
-1.076173084519941980e+00
-1.076108454458553965e+00
-1.067763898952071244e+00
-1.076517930917580301e+00
-1.072279871173341448e+00
-1.047394604154069597e+00
-1.069230810238186891e+00
-1.075564145773787672e+00
-1.048310932435233767e+00
-1.072469469823081667e+00
-1.071391642524067933e+00
-1.076038807362456495e+00
-1.074053922400016958e+00
-1.075721716240186865e+00
-1.075951220199604208e+00
-1.076143918290872747e+00
-1.069043396471206719e+00
-1.075438575551052267e+00
-1.075634193338592226e+00
-1.073376626439531023e+00
-1.063703689456124479e+00
-1.061853449523587400e+00
-1.057037108309705431e+00
-1.076513508997996027e+00
-1.070216214714710290e+00
-1.063717768259484941e+00
-1.075544452026624853e+00
-1.076058803789456064e+00
-1.075128152698416883e+00
-1.066193383151803786e+00
-1.072930570423741514e+00
-1.070926379842822129e+00
-1.068266480194543178e+00
-1.071712968602914984e+00
-1.062089816399057085e+00
-1.076506790436942751e+00
-1.073957406647641832e+00
-1.075339219264824564e+00
-1.061761313315619404e+00
-1.057747059233625109e+00
-1.058335841365297014e+00
-1.070546937838335211e+00
-1.074317571438987429e+00
-1.073402743984152252e+00
-1.070262882357601697e+00
-1.063335749052603418e+00
-1.074953521333773310e+00
-1.076590508885820086e+00
-1.057621457345922167e+00
-1.058272864401478941e+00
-1.055705295607586081e+00
-1.075925064005096132e+00
-1.062322160426665718e+00
-1.062835793674130613e+00
-1.075545917928357298e+00
-1.057024066068370516e+00
-1.076149082474548990e+00
-1.073081433039297039e+00
-1.074005420051653559e+00
-1.076534026965637381e+00
-1.054295520961423094e+00
-1.075610289082069571e+00
-1.076112176023562128e+00
-1.052216020144660646e+00
-1.075434426508982355e+00
-1.076081650994856531e+00
-1.074106632463772470e+00
-1.045053603790838892e+00
-1.038081300176818544e+00
-1.076466881401975328e+00
-1.074908506788451845e+00
-1.075704014592011148e+00
-1.064369191147525484e+00
-1.057731850735981638e+00
-1.076080932013828928e+00
-1.075979631126065428e+00
-1.071831365546350057e+00
-1.072937911108274633e+00
-1.075932311557371790e+00
-1.059532243490357573e+00
-1.056014538474519426e+00
-1.067410070879523332e+00
-1.076210985623438532e+00
-1.073359951108832533e+00
-1.076497867435355360e+00
-1.075697622925181562e+00
-1.075699547968943293e+00
-1.048683772526819880e+00
-1.072749371372301752e+00
-1.073872612521190817e+00
-1.072267981909353907e+00
-1.072980153106291468e+00
-1.061547011334587509e+00
-1.075398864887793238e+00
-1.062685170874138052e+00
-1.054329650208492453e+00
-1.053951218456168348e+00
-1.076533510081608469e+00
-1.070780585019056375e+00
-1.073027969069917376e+00
-1.075594405375559504e+00
-1.050326545454700167e+00
-1.075922515906531984e+00
-1.057158457778532679e+00
-1.075720586545903856e+00
-1.076492666930098707e+00
-1.064296094199780995e+00
-1.070780234841768319e+00
-1.074949413269896681e+00
-1.014707800664146120e+00
-1.075860721722383673e+00
-1.074223767697949583e+00
-1.076518384471674139e+00
-1.041479487635333712e+00
-1.075433492392440016e+00
-1.071988338336486990e+00
-1.075904814258356268e+00
-1.076491214066882307e+00
-1.042438176192481691e+00
-1.071587011648480470e+00
-1.063280627794702227e+00
-1.076549876213212187e+00
-1.075418228015442068e+00
-1.071141841786120708e+00
-1.059324160881478960e+00
-1.058855599455673868e+00
-1.076130973838408167e+00
-1.076534937799115355e+00
-1.076457606360454733e+00
-1.056466744013269121e+00
-1.072281876310844595e+00
-1.075366132624585802e+00
-1.055548436671633894e+00
-1.076500136137147123e+00
-1.047798978828032190e+00
-1.074032909900088484e+00
-1.057103527441759283e+00
-1.076506937585909540e+00
-1.076191211782534296e+00
-1.075720665708322699e+00
-1.055477107606966669e+00
-1.073210202820737535e+00
-1.071823791798342640e+00
-1.048426183603842432e+00
-1.076169012777645762e+00
-1.075812277116019899e+00
-1.075746855430443460e+00
-1.067787508212168390e+00
-1.076217654824395353e+00
-1.052279007353027040e+00
-1.075320067547400171e+00
-1.075289377674598867e+00
-1.070145492872361714e+00
-1.060817736864228422e+00
-1.067616197245333964e+00
-1.067953936254744107e+00
-1.035959993221004183e+00
-1.068174264824156339e+00
-1.075887011096019918e+00
-1.059635486185689146e+00
-1.075551105395097906e+00
-1.075401033006746943e+00
-1.066805008763585860e+00
-1.049951475776870424e+00
-1.054839184239645178e+00
-1.065978469757501657e+00
-1.048570682026584322e+00
-1.060816276084770138e+00
-1.075553695403177912e+00
-1.065551138913397367e+00
-1.063970729440589125e+00
-1.049099166609485323e+00
-1.049660554818947489e+00
-1.072151163324852163e+00
-1.075173519283671553e+00
-1.075703963369269545e+00
-1.076112933188815290e+00
-1.022665326215465242e+00
-1.069770082330469663e+00
-1.054147636249799902e+00
-1.075913555652041609e+00
-1.068070861010019357e+00
-1.076504348509152109e+00
-1.064284272922341401e+00
-1.070563305832584078e+00
-1.050014578469236071e+00
-1.076006446696956331e+00
-1.071443230111290390e+00
-1.076491732813556368e+00
-1.067591431515429790e+00
-1.075920531258125479e+00
-1.071316391892869646e+00
-1.075499243766207869e+00
-1.073276766307790453e+00
-1.074971506104011709e+00
-1.070084868429367120e+00
-1.076500491902370626e+00
-1.040808395214517290e+00
-1.075208131887157137e+00
-1.034789432503421480e+00
-1.076517982140321905e+00
-1.061533806577463324e+00
-1.065704549394686396e+00
-1.076499365002055342e+00
-1.076518475741286451e+00
-1.058768852345783884e+00
-1.073622869990904505e+00
-1.075193071469803030e+00
-1.049068451590974504e+00
-1.065286770893399293e+00
-1.076511145301301653e+00
-1.076473490066964800e+00
-1.059809049323339636e+00
-1.075679476104815180e+00
-1.076615578226883585e+00
-1.075536367215354616e+00
-1.061908143304426844e+00
-1.076492968678612883e+00
-1.075943434342880423e+00
-1.076616499304909880e+00
-1.076160972669859106e+00
-1.072425935149331266e+00
-1.076157319091398890e+00
-1.075296629883487398e+00
-1.064591140916709477e+00
-1.057924078509349997e+00
-1.063867232494194681e+00
-1.075950590625543768e+00
-1.075112097628553087e+00
-1.070588755851749951e+00
-1.065115847589586551e+00
-1.075572033144672091e+00
-1.076392995856840784e+00
-1.066876518737663204e+00
-1.075270990573008234e+00
-1.076010024838288004e+00
-1.058915954746444399e+00
-1.060413682099570210e+00
-1.065757618716125066e+00
-1.070874850696091229e+00
-1.076034854829449827e+00
-1.074102394014735395e+00
-1.075349520623822386e+00
-1.071659519301865870e+00
-1.075067330815036470e+00
-1.076506766222555811e+00
-1.032964472390849764e+00
-1.055803329415757830e+00
-1.075424569390852625e+00
-1.044433449126918489e+00
-1.071107679011438663e+00
-1.076474991358955080e+00
-1.076089513220031435e+00
-1.075995688989896948e+00
-1.076107430935044462e+00
-1.073474423691768820e+00
-1.073378437861938650e+00
-1.076143246807296450e+00
-1.058361560769517595e+00
-1.070963692350451524e+00
-1.075497445382316286e+00
-1.076113532029230768e+00
-1.072455920942266161e+00
-1.071831755072016890e+00
-1.075290780246396238e+00
-1.076530773855884249e+00
-1.075478080392022306e+00
-1.076521557487685854e+00
-1.064531525328893835e+00
-1.076398392871160681e+00
-1.069191169424120957e+00
-1.075399451621015245e+00
-1.075970487401027853e+00
-1.076515435904402906e+00
-1.076521647825975592e+00
-1.076485191203792269e+00
-1.057502125121791536e+00
-1.075461618334193403e+00
-1.055666655033965284e+00
-1.073070697218318159e+00
-1.075423491850633795e+00
-1.071750374242801840e+00
