-7.904194903393483296e-01
-7.767643819396591320e-01
-7.854894337077832356e-01
-7.871058492754793301e-01
-7.890968669970727101e-01
-7.879430244510269299e-01
-7.871584652756548062e-01
-7.900533231740093365e-01
-7.896119018850124016e-01
-7.906732110140121117e-01
-7.785773950462436810e-01
-7.879214256835377350e-01
-7.908948411067223683e-01
-7.888795456682539120e-01
-7.904413661753034726e-01
-7.909808403645849362e-01
-7.871484908108806744e-01
-7.896368240771091118e-01
-7.883675939236974850e-01
-7.902797891591882840e-01
-7.833249245603776112e-01
-7.858538183217144146e-01
-7.904175713491833344e-01
-7.908072576691603794e-01
-7.911030177791810170e-01
-7.830994192344343796e-01
-7.904875127432143822e-01
-7.903240395543372765e-01
-7.876067182813978329e-01
-7.810692370702719822e-01
-7.803487631325817242e-01
-7.799230090175962582e-01
-7.877160050274080172e-01
-7.857842094098425045e-01
-7.601385128517842427e-01
-7.826400467028117314e-01
-7.855551264082288876e-01
-7.798424342480695381e-01
-7.830047074538862839e-01
-7.610755835493302479e-01
-7.894987461921966210e-01
-7.806387048048174515e-01
-7.707685095091557637e-01
-7.901142363270020619e-01
-7.850060423669612542e-01
-7.906147151087618008e-01
-7.911223687996363774e-01
-7.844126744029319420e-01
-7.906398189087605610e-01
-7.771157066171264782e-01
-7.829963292760050431e-01
-7.725386584942436352e-01
-7.897828810681796208e-01
-7.906169437636828556e-01
-7.706176734362936154e-01
-7.910020009448027745e-01
-7.907017350961661473e-01
-7.872451595329886809e-01
-7.892179752533531323e-01
-7.905403122139370575e-01
-7.735919759442305699e-01
-7.725896511991715565e-01
-7.910120508467054501e-01
-7.908485487868285313e-01
-7.829432334118729964e-01
-7.903825997208452359e-01
-7.832302402538454666e-01
-7.907039311547970906e-01
-7.910488557835316792e-01
-7.909781786446666851e-01
-7.901550822724795475e-01
-7.738445906733369961e-01
-7.907955942508971825e-01
-7.907972729598379269e-01
-7.858623529617881909e-01
-7.909894737248516217e-01
-7.889675598425066605e-01
-7.906227086504197255e-01
-7.904889800419306889e-01
-7.904062390160954132e-01
-7.911192730833983555e-01
-7.909788901751136914e-01
-7.664511793126559391e-01
-7.910567533989644184e-01
-7.850797802974677220e-01
-7.896386327055490151e-01
-7.830026431773996487e-01
-7.754836802204346791e-01
-7.804039854389822617e-01
-7.896817655136084690e-01
-7.809950097297525540e-01
-7.757315368225073948e-01
-7.892148851250505581e-01
-7.909022702669000759e-01
-7.890272552912330761e-01
-7.909705040809905663e-01
-7.910327834842002526e-01
-7.907728732397055760e-01
-7.876433269419914618e-01
-7.703290304933881893e-01
-7.903115393427407875e-01
-7.868663932030296460e-01
-7.901446076874828472e-01
-7.850506876428818837e-01
-7.735736344774460926e-01
-7.910465088506436482e-01
-7.896060033534860745e-01
-7.868002022450065747e-01
-7.830707156398540869e-01
-7.878688201607412234e-01
-7.753481532280540600e-01
-7.553624671717381611e-01
-7.901112882253921166e-01
-7.845987112094855442e-01
-7.899607357402539387e-01
-7.864174025898075238e-01
-7.803271471356248989e-01
-7.896767168139314785e-01
-7.770917530005073681e-01
-7.892951129769182339e-01
-7.852279076186216011e-01
-7.905077759941315785e-01
-7.870943181050217285e-01
-7.804235632364845410e-01
-7.887019974013066426e-01
-7.830696872269010678e-01
-7.904299695809579029e-01
-7.910256858748591080e-01
-7.819351752122140065e-01
-7.908111692239737645e-01
-7.731532717888450756e-01
-7.696374201049304142e-01
-7.894618956205642357e-01
-7.840075732973611489e-01
-7.818047276531553402e-01
-7.859069849663621321e-01
-7.876208075621372595e-01
-7.847486383115148678e-01
-7.606134147216773167e-01
-7.866581946444904938e-01
-7.908510340211188927e-01
-7.885129174982404843e-01
-7.812568762173152104e-01
-7.893835010771846905e-01
-7.885338852946853772e-01
-7.890757539143061772e-01
-7.782555579041338101e-01
-7.853146936112290755e-01
-7.744884614666199818e-01
-7.887707061899101868e-01
-7.907019716521000996e-01
-7.701300497000312939e-01
-7.857612008528059855e-01
-7.791331571360325947e-01
-7.846814778466916218e-01
-7.785847161730027333e-01
-7.832818299365437165e-01
-7.910970750098323956e-01
-7.909140906130170956e-01
-7.908224098217880860e-01
-7.800629774873352185e-01
-7.796074862425422802e-01
-7.711427661423778668e-01
-7.906158401464319363e-01
-7.895310812463259831e-01
-7.910001494755244389e-01
-7.905673033391332760e-01
-7.910708275457120076e-01
-7.766109241937494412e-01
-7.910475319084918633e-01
-7.680605009963011875e-01
-7.905600557868576184e-01
-7.708500775342083111e-01
-7.864323046823239460e-01
-7.904582510535812512e-01
-7.815109084193802014e-01
-7.776501796041822567e-01
-7.860658734870350495e-01
-7.896229813640213147e-01
-7.885006091390943661e-01
-7.898848906924224034e-01
-7.850797332656777039e-01
-7.850429339167869225e-01
-7.910701537338292733e-01
-7.894326562826728955e-01
-7.825337027033066883e-01
-7.793761242945885792e-01
-7.894595519473052159e-01
-7.910638253969347611e-01
-7.579115808774924412e-01
-7.819522631188130513e-01
-7.906551112254357472e-01
-7.894133667295074597e-01
-7.904686297123527661e-01
-7.742011046801900997e-01
-7.903412666936612263e-01
-7.724325454627370968e-01
-7.904787997548675671e-01
-7.910850600172972813e-01
-7.873199840841090813e-01
-7.756014161576724186e-01
-7.909621566367542878e-01
-7.882593509574628010e-01
-7.891341673975086346e-01
-7.805410635491109028e-01
-7.897741652858650818e-01
-7.907562621702647343e-01
-7.621287417431569233e-01
-7.910592060369646683e-01
-7.891611249950921669e-01
-7.907566463408267632e-01
-7.679324851204848423e-01
-7.879675648008680477e-01
-7.758272749205327168e-01
-7.725895096381402150e-01
-7.853175907229280606e-01
-7.910868081097698346e-01
-7.866802716461217537e-01
-7.905417166483795777e-01
-7.911140250806903973e-01
-7.909765162338709965e-01
-7.880611773879474535e-01
-7.713035058994984761e-01
-7.894742416982746258e-01
-7.876400549729561940e-01
-7.883772186768448487e-01
-7.898157353346443310e-01
-7.906110671182370320e-01
-7.906854071487879887e-01
-7.788376498800909653e-01
-7.862113735472059384e-01
-7.844609807078933850e-01
-7.860364059751129284e-01
-7.854175565597808495e-01
-7.903430585582947865e-01
-7.774659341966009274e-01
-7.909890350719189778e-01
-7.773124480453527108e-01
-7.909659792502617970e-01
-7.804876321760213509e-01
-7.906460960229134693e-01
-7.648762215693688526e-01
-7.910098920409774914e-01
-7.521082826723551884e-01
-7.910440492277240887e-01
-7.791410547514653340e-01
-7.909227565695738926e-01
-7.893906629477834835e-01
-7.768797779289281502e-01
-7.883816615511870518e-01
-7.742009379734492436e-01
-7.878436374311542645e-01
-7.910904793833589688e-01
-7.901009859350717202e-01
-7.809299526569640770e-01
-7.888709355910515919e-01
-7.907278829087710514e-01
-7.898220906798935070e-01
-7.899481274952387944e-01
-7.838726558556056156e-01
-7.902250325140750542e-01
-7.584873691966033116e-01
-7.908267847095823422e-01
-7.909832888116336003e-01
-7.907031283547377720e-01
-7.904611232524013653e-01
-7.824164568745738402e-01
-7.892608272676563397e-01
-7.882705799137449398e-01
-7.891234609131908551e-01
