-7.904216043315204221e-01
-7.767673921021078787e-01
-7.854939685601451949e-01
-7.871045384230026531e-01
-7.890987292131423914e-01
-7.879426816274930356e-01
-7.871575912602983838e-01
-7.900563521174625015e-01
-7.896125266566466072e-01
-7.906743779130730454e-01
-7.785698555745026450e-01
-7.879215282435091394e-01
-7.908964197733922008e-01
-7.888800897600726225e-01
-7.904431321851798087e-01
-7.909822979292873146e-01
-7.871537405494025696e-01
-7.896403178702743331e-01
-7.883676462354770598e-01
-7.902807997918362970e-01
-7.833311735027216338e-01
-7.858571475688860275e-01
-7.904205936473368554e-01
-7.908086123520495780e-01
-7.911044437699895626e-01
-7.830983413840880702e-01
-7.904897493586756640e-01
-7.903255129988518979e-01
-7.876093019267964568e-01
-7.810728898711462032e-01
-7.803502135347367696e-01
-7.799214183247970000e-01
-7.877190273084893057e-01
-7.857870380593121595e-01
-7.601383538707442433e-01
-7.826380068565744752e-01
-7.855569385084897327e-01
-7.798415991430368566e-01
-7.830033762215274917e-01
-7.610664499258339433e-01
-7.894993028437575777e-01
-7.806401154954287769e-01
-7.707709749418555356e-01
-7.901156665367226051e-01
-7.850085617868106658e-01
-7.906163224988120852e-01
-7.911237129494613773e-01
-7.844109695977340424e-01
-7.906424425137744683e-01
-7.771137704983269723e-01
-7.829943503167984264e-01
-7.725379099958706863e-01
-7.897837025128722210e-01
-7.906181410493421380e-01
-7.706112947363830123e-01
-7.910041173777125900e-01
-7.907019950918464657e-01
-7.872481342134363125e-01
-7.892200645324866093e-01
-7.905414495280717047e-01
-7.735853628309178331e-01
-7.725841410106757401e-01
-7.910135347631502833e-01
-7.908504057754160987e-01
-7.829427369763369837e-01
-7.903839627748140417e-01
-7.832337825060975423e-01
-7.907062584894396506e-01
-7.910508142501365692e-01
-7.909796207664275824e-01
-7.901575486170213658e-01
-7.738366065627251267e-01
-7.907972902251574343e-01
-7.907991991746415872e-01
-7.858633853918550738e-01
-7.909909085303353793e-01
-7.889685655038745082e-01
-7.906240651875853231e-01
-7.904913255213887879e-01
-7.904091001455758603e-01
-7.911210271606199385e-01
-7.909799916851260049e-01
-7.664496779695448847e-01
-7.910578583654591656e-01
-7.850797033255388913e-01
-7.896393786670302672e-01
-7.830011881202918467e-01
-7.754839066380105894e-01
-7.804054591952755970e-01
-7.896819321467767328e-01
-7.809923253539617916e-01
-7.757270456773484035e-01
-7.892181860999926135e-01
-7.909040679552258313e-01
-7.890265388442343486e-01
-7.909726520480416800e-01
-7.910349930238658178e-01
-7.907735446362771370e-01
-7.876426443409493272e-01
-7.703270572811169448e-01
-7.903130283178866344e-01
-7.868643544553102220e-01
-7.901454417837627808e-01
-7.850479913450538749e-01
-7.735768750927562998e-01
-7.910481296162957809e-01
-7.896070187350743286e-01
-7.868000073690738505e-01
-7.830674823159351483e-01
-7.878668381475323335e-01
-7.753488633306814259e-01
-7.553457062237484143e-01
-7.901137518842564766e-01
-7.845993769050865208e-01
-7.899632706913656266e-01
-7.864196754721762828e-01
-7.803275380089688129e-01
-7.896773360514862672e-01
-7.770947201936665438e-01
-7.892976752360262305e-01
-7.852269187690726904e-01
-7.905081372928615124e-01
-7.870950782326292527e-01
-7.804279005802052804e-01
-7.887009833472143905e-01
-7.830679370535693629e-01
-7.904325101957269117e-01
-7.910278858556001325e-01
-7.819361767493907545e-01
-7.908132978772852706e-01
-7.731500561602350219e-01
-7.696288426870168120e-01
-7.894626636532303676e-01
-7.840095441077817862e-01
-7.817992400795703567e-01
-7.859080004199631153e-01
-7.876218306556914683e-01
-7.847478315766160950e-01
-7.606049933842020661e-01
-7.866571461950526700e-01
-7.908532370681439216e-01
-7.885134841471092004e-01
-7.812544378600158046e-01
-7.893837782787150870e-01
-7.885340114266051748e-01
-7.890771020765348087e-01
-7.782527418007344489e-01
-7.853150105981895335e-01
-7.744861729589782584e-01
-7.887710054208800781e-01
-7.907039439732885810e-01
-7.701253586544404284e-01
-7.857622290142532995e-01
-7.791346642139735934e-01
-7.846770382236138985e-01
-7.785821104336458909e-01
-7.832807953792739752e-01
-7.910983651438784348e-01
-7.909158973967175266e-01
-7.908248173060190567e-01
-7.800630247558498764e-01
-7.796115119322285514e-01
-7.711400948488238427e-01
-7.906172797710298017e-01
-7.895318619995435050e-01
-7.910014472068721547e-01
-7.905683408774232257e-01
-7.910729016523679880e-01
-7.766127653495279448e-01
-7.910489088686826209e-01
-7.680574505176586131e-01
-7.905616910947833587e-01
-7.708396145936399213e-01
-7.864331772653158081e-01
-7.904608897818936608e-01
-7.815144105898016447e-01
-7.776596728370125389e-01
-7.860638085075527526e-01
-7.896234843868217279e-01
-7.885024381100150803e-01
-7.898856205898547866e-01
-7.850809334985561216e-01
-7.850425274064678494e-01
-7.910723150058210917e-01
-7.894338437504228034e-01
-7.825344168639325471e-01
-7.793746192518588023e-01
-7.894597257686051250e-01
-7.910655752372510729e-01
-7.579155705795938003e-01
-7.819621040205255724e-01
-7.906555796812034798e-01
-7.894144630970320042e-01
-7.904702427443776047e-01
-7.741947685754685393e-01
-7.903415450849331503e-01
-7.724336225638034348e-01
-7.904807500628980854e-01
-7.910871540418996650e-01
-7.873184688158327837e-01
-7.756007041780216271e-01
-7.909635935483276814e-01
-7.882593286626551343e-01
-7.891364296037914894e-01
-7.805432818113572369e-01
-7.897738833647830470e-01
-7.907575123091800107e-01
-7.621168687244843643e-01
-7.910610741948806979e-01
-7.891630013304161695e-01
-7.907580273067582599e-01
-7.679289692970595604e-01
-7.879709220317512308e-01
-7.758220855828624751e-01
-7.725854210986545789e-01
-7.853208460724804274e-01
-7.910882059580492953e-01
-7.866766011454037200e-01
-7.905430275798036588e-01
-7.911159594627210634e-01
-7.909787374351318068e-01
-7.880634806292708960e-01
-7.713075217230720426e-01
-7.894759769205198507e-01
-7.876422431112611866e-01
-7.883767655281554987e-01
-7.898171508559581611e-01
-7.906131681833563629e-01
-7.906867203741640981e-01
-7.788344295615824420e-01
-7.862117322535080444e-01
-7.844600352292400158e-01
-7.860370306351102121e-01
-7.854197255158990032e-01
-7.903461343972461028e-01
-7.774666091833782877e-01
-7.909908327624106672e-01
-7.773103262711558159e-01
-7.909678812608725851e-01
-7.804866861379021747e-01
-7.906474837527315280e-01
-7.648729049784923628e-01
-7.910111440550513517e-01
-7.521011279369234082e-01
-7.910456083713410802e-01
-7.791465683453837610e-01
-7.909248086055316040e-01
-7.893920225361036325e-01
-7.768696824817827862e-01
-7.883845740148666126e-01
-7.742029079589369811e-01
-7.878430783136459725e-01
-7.910923362317310303e-01
-7.901026363272055653e-01
-7.809292098157551987e-01
-7.888688065581582753e-01
-7.907300018673116826e-01
-7.898249021837302486e-01
-7.899472166422839559e-01
-7.838703053908306906e-01
-7.902264806645517004e-01
-7.584835792424758916e-01
-7.908283959701302157e-01
-7.909855559566426608e-01
-7.907056505859154649e-01
-7.904622249778173737e-01
-7.824159559182549684e-01
-7.892625209103083517e-01
-7.882722359342806406e-01
-7.891266138426863419e-01
