-8.044862282128639741e-01
-8.085806621836133523e-01
-8.087315476165719552e-01
-7.973500490786142869e-01
-8.088792851792283578e-01
-8.015929405243702455e-01
-8.082639612855024858e-01
-8.080601851122088952e-01
-8.087516893298931642e-01
-7.864114279524989648e-01
-8.088617148475356622e-01
-8.082254874186225457e-01
-8.003453584985442681e-01
-8.066567760558434053e-01
-8.086317154245086236e-01
-8.085588608534641786e-01
-8.088660492227979226e-01
-7.967223469765492005e-01
-8.004197711722560449e-01
-8.084020652474470658e-01
-8.066201229245968385e-01
-8.088675067426271958e-01
-8.064327324406810327e-01
-8.046694594101615472e-01
-7.981012287215896173e-01
-8.087651134134836717e-01
-8.023902457804985566e-01
-7.873182697819181008e-01
-8.088238081561036630e-01
-8.085672595204420610e-01
-7.989815679045029206e-01
-7.985103028492637200e-01
-8.045820883141465707e-01
-8.064905852676935716e-01
-8.079674067573257012e-01
-8.056935156361766381e-01
-8.053440647797294183e-01
-7.888709195555754228e-01
-8.081343146638579888e-01
-8.063021395953007264e-01
-8.001152482481308503e-01
-7.923457259909816308e-01
-7.985291099773355050e-01
-8.088507559748001619e-01
-7.918194085957117601e-01
-8.082848881037540956e-01
-8.077698620633788629e-01
-8.072558353321261926e-01
-8.072471274660535379e-01
-8.063357491643734498e-01
-8.088685945273943467e-01
-8.051986583174772782e-01
-8.059473084883399530e-01
-8.085068110974140687e-01
-8.062954685316987558e-01
-8.084727721886344476e-01
-8.088251343594499154e-01
-8.083153693602986856e-01
-8.088102145718045755e-01
-8.088516118602462335e-01
-8.084066054449983163e-01
-7.884619180710621400e-01
-8.059702693150945230e-01
-7.987591056750722451e-01
-8.084125500769920869e-01
-8.089072062300153299e-01
-8.089106279091544671e-01
-8.081639651806660218e-01
-8.088282533587523027e-01
-8.082889300437279267e-01
-7.956816051752872987e-01
-7.982864957900352998e-01
-7.906374447645254655e-01
-8.074776605369158311e-01
-8.044458069504805131e-01
-8.088556724266715570e-01
-7.999066915960617585e-01
-7.919330541642017884e-01
-8.028038098143048806e-01
-8.079906721265621705e-01
-8.087225659416623635e-01
-8.075870937334008737e-01
-7.993249744774408860e-01
-8.065451952295012994e-01
-8.088566400708265824e-01
-8.067949228586264176e-01
-8.022745429204412027e-01
-8.030950762929029985e-01
-7.958024424166985078e-01
-8.081890168266006036e-01
-7.884979909883447213e-01
-8.088580044583983941e-01
-8.075958314017959161e-01
-7.918007095010586305e-01
-7.791638458745189233e-01
-8.019135734663911386e-01
-8.020003988073773904e-01
-7.768132733778663201e-01
-7.977655791343756242e-01
-7.701243283824630304e-01
-8.020790564493842645e-01
-8.076458080337949319e-01
-8.064326877371974511e-01
-7.895654775799818559e-01
-8.088781675921388192e-01
-8.088742225097127481e-01
-7.888449915350981279e-01
-7.887838483454294725e-01
-8.057226669640846772e-01
-8.049114095644660516e-01
-8.088169070558257623e-01
-8.036738299430914445e-01
-8.048415734098859353e-01
-8.068103520797200723e-01
-7.892364021988220735e-01
-7.853736030535407586e-01
-8.085949728862948938e-01
-8.060968453662105127e-01
-8.000797136352963967e-01
-8.088039020673938317e-01
-8.076599101202197595e-01
-8.083196376116581483e-01
-7.976022633390136285e-01
-8.076205934064097924e-01
-8.013971392662830873e-01
-8.079984384255118890e-01
-8.058506800459332986e-01
-7.962853760124750657e-01
-8.078314178289480729e-01
-8.084419780077047868e-01
-8.015682306738205476e-01
-8.086650055499382539e-01
-8.052316224800057931e-01
-7.868832471446700616e-01
-8.055609502495832963e-01
-7.831026958899207635e-01
-8.026413033382602258e-01
-8.034764016644664331e-01
-8.080443563537307305e-01
-8.085016301499314828e-01
-7.953920867891617341e-01
-8.052501548679180665e-01
-8.068249496297545953e-01
-7.979710195811100526e-01
-8.077365626247234864e-01
-8.088511983530231042e-01
-8.025908424185224099e-01
-7.958178297282763047e-01
-8.065038771034784837e-01
-8.071581209675975366e-01
-8.068511123435206933e-01
-8.037333787085123582e-01
-8.035105839969225450e-01
-7.923814003022022767e-01
-8.045832180084295793e-01
-8.072231412531443162e-01
-8.088668874131150766e-01
-8.019872811289139314e-01
-7.980297841729231401e-01
-8.079839787112184091e-01
-8.074288610966511293e-01
-8.087514183150239511e-01
-8.087803656832881494e-01
-8.083105078564591928e-01
-7.910980694593496843e-01
-8.073756937535114808e-01
-8.087911448107667489e-01
-8.047617450954027696e-01
-8.079199856744714303e-01
-8.059686972425885720e-01
-8.079824718312926812e-01
-8.061968871058531327e-01
-8.072075127290196939e-01
-8.081994718538232370e-01
-7.844859520570941491e-01
-8.052210258917518182e-01
-8.011706192643948121e-01
-8.029316673652835412e-01
-8.085726220758266969e-01
-8.065540632830567880e-01
-8.010811722503610177e-01
-8.086854881273217721e-01
-7.985717859716721101e-01
-8.073981796057529969e-01
-7.978761587889500184e-01
-7.765415972696252389e-01
-8.084790912123032136e-01
-7.966837157161541505e-01
-8.086469472052164598e-01
-8.058190439493961854e-01
-8.042879766450830026e-01
-8.088799110279984994e-01
-8.081613314004250093e-01
-8.000981221573062463e-01
-8.084535068498559518e-01
-8.087271219716973825e-01
-8.064561077059813066e-01
-7.979686279447384400e-01
-8.080767812804885430e-01
-8.010241259486980958e-01
-7.917941641660042329e-01
-8.020240134225793405e-01
-8.088338822723932786e-01
-8.071931331084676309e-01
-7.900564680473514123e-01
-8.087329120041437669e-01
-8.019730216489739938e-01
-7.950836215765781922e-01
-8.029156597928710504e-01
-7.905442547650642915e-01
-7.888087519110746904e-01
-8.076067623348541780e-01
-8.085869355724759622e-01
-7.984659504742928071e-01
-8.052478572951264901e-01
-7.979668658824272676e-01
-8.055793941618509812e-01
-8.037999030800171418e-01
-8.061819822193689866e-01
-8.025839953349538369e-01
-8.080574414359040780e-01
-8.083141362892098947e-01
-8.066176511944838090e-01
-7.879954819233723207e-01
-8.045000406579680963e-01
-7.999614133165784402e-01
-8.088217508645363374e-01
-8.075247090907402558e-01
-8.014784269632406755e-01
-8.087173440159864946e-01
-8.078515036629148049e-01
-8.088749135510631127e-01
-8.086048598067470117e-01
-8.049815148712702317e-01
-8.052182850094147248e-01
-7.990444275216765924e-01
-8.022308229134984536e-01
-8.066844419242449327e-01
-8.058115905748315377e-01
-8.038325608374186082e-01
-7.989932904617496057e-01
-8.021119768397517724e-01
-8.087335155011721177e-01
-7.935739532710619493e-01
-7.986313906164475007e-01
-8.088541636841006799e-01
-7.952522412540026231e-01
-8.084106669427462144e-01
-7.880221438260384126e-01
-7.998872846962519212e-01
-8.077344876380272432e-01
-8.078990644441552682e-01
-7.982919896619029565e-01
-8.063618895263977571e-01
-7.985179033727951570e-01
-8.086444754751034303e-01
-8.080160814003654046e-01
-8.053457132206864877e-01
-7.924310155810423417e-01
-8.077933155597754045e-01
-8.022663808093972726e-01
-8.088135691957183404e-01
-8.057028139607615991e-01
-8.088070545943089051e-01
-8.046717877165980859e-01
-8.083176632077999635e-01
-8.085237602369494958e-01
-7.744807312862582727e-01
-8.082685443238921685e-01
-8.002844462768741174e-01
