-1.076500363847127550e+00
-1.069225720554580317e+00
-1.066457372507475965e+00
-1.061265638819660184e+00
-1.075905507795853255e+00
-1.076474406078016477e+00
-1.075747919273687847e+00
-1.076526495734112299e+00
-1.074963096264296425e+00
-1.076489355534990588e+00
-1.075245523613996612e+00
-1.057267189967523668e+00
-1.050388061511695614e+00
-1.070563191579214868e+00
-1.075575722554250602e+00
-1.064015997311259287e+00
-1.076559273779716275e+00
-1.060337880497311813e+00
-1.064456947549395904e+00
-1.071482637196283783e+00
-1.074070695277463239e+00
-1.071851598142350870e+00
-1.061879493695649934e+00
-1.063688482834827642e+00
-1.072157648884050074e+00
-1.076029941859719008e+00
-1.050374783811361734e+00
-1.076507979113010105e+00
-1.073610107793130597e+00
-1.073644287292629729e+00
-1.076523717375326150e+00
-1.063513575483579165e+00
-1.075638832380465759e+00
-1.075943159635554203e+00
-1.076513013644960770e+00
-1.075490338205974838e+00
-1.075753549667149755e+00
-1.075956835435552650e+00
-1.066502016754555360e+00
-1.060800801095753254e+00
-1.075127571758933032e+00
-1.076472754690346756e+00
-1.063553158184719072e+00
-1.051200492606853443e+00
-1.051352613137443326e+00
-1.062612594828667767e+00
-1.073143050916016694e+00
-1.073185639581754280e+00
-1.052910141767977592e+00
-1.072435248786641759e+00
-1.076381569368723312e+00
-1.070807283765788931e+00
-1.071227574669542992e+00
-1.061090562679575244e+00
-1.076079509231820275e+00
-1.069130605592138350e+00
-1.073987410923507246e+00
-1.073722471872710305e+00
-1.042051292556908981e+00
-1.076025609857205190e+00
-1.076522295555473629e+00
-1.045853331577143441e+00
-1.062166384010789111e+00
-1.052035376114981657e+00
-1.049940064027218289e+00
-1.069496759545451203e+00
-1.075203603784724349e+00
-1.075208999633390672e+00
-1.069777350991647058e+00
-1.070662538110286333e+00
-1.075565990121096549e+00
-1.071103109161713807e+00
-1.060764888511668280e+00
-1.065370527201161099e+00
-1.070718310055394085e+00
-1.076181294745907291e+00
-1.058604667456159110e+00
-1.059944502043880021e+00
-1.070157126418012972e+00
-1.075296724204778176e+00
-1.076526964179725043e+00
-1.074375929388818429e+00
-1.076473215170980602e+00
-1.075492252778433855e+00
-1.075956370721935063e+00
-1.075442154311762710e+00
-1.064469685204119109e+00
-1.058052774370307869e+00
-1.076529491534688354e+00
-1.069482269710122502e+00
-1.075409371466133912e+00
-1.076515991028539787e+00
-1.076485562101040738e+00
-1.055703914515623065e+00
-1.069781917747969491e+00
-1.075631488916372724e+00
-1.072420650602386782e+00
-1.076492313379598054e+00
-1.060870871383371217e+00
-1.043314650603205829e+00
-1.076471218557589760e+00
-1.049766647696774413e+00
-1.056433662684325814e+00
-1.073534102455302897e+00
-1.075481382516169759e+00
-1.054924342754991695e+00
-1.064187450870270446e+00
-1.073655221419844707e+00
-1.069646721329774897e+00
-1.070471774067788484e+00
-1.038711125026005488e+00
-1.072722902022128943e+00
-1.075963707344018472e+00
-1.062049726334664879e+00
-1.076111602624006069e+00
-1.075914315893772732e+00
-1.059427059789308290e+00
-1.073143186884910394e+00
-1.073142941395093697e+00
-1.056979171746308177e+00
-1.076522726809120867e+00
-1.069416214948287980e+00
-1.047497624567846231e+00
-1.051555073115505445e+00
-1.070540931520126193e+00
-1.055184343202743014e+00
-1.058364625347328891e+00
-1.076039882374719481e+00
-1.076503017821983654e+00
-1.076144667316387693e+00
-1.076493232738877426e+00
-1.048889458984723300e+00
-1.055062748018603669e+00
-1.071345589815581478e+00
-1.048649625398730301e+00
-1.062136326980973600e+00
-1.066993948570674755e+00
-1.053796548667613742e+00
-1.049147663990936064e+00
-1.076492623712355545e+00
-1.055978539962609597e+00
-1.075977330999061454e+00
-1.075171330487696419e+00
-1.069313859840666181e+00
-1.072622006098333136e+00
-1.070060361902890556e+00
-1.070181418034473086e+00
-1.072920484999132951e+00
-1.047494300320519045e+00
-1.076226290407700459e+00
-1.075274560744635677e+00
-1.076528390866564155e+00
-1.035911202507310724e+00
-1.075946590127806690e+00
-1.062118336875451652e+00
-1.070359944580806300e+00
-1.073955982936777742e+00
-1.074624071352122012e+00
-1.076481435490374450e+00
-1.070730944528225592e+00
-1.037996331087272850e+00
-1.075383863525663619e+00
-1.075984466433319575e+00
-1.060073125638370417e+00
-1.075312069140454074e+00
-1.075890922807588579e+00
-1.075914251159828972e+00
-1.062195184793589320e+00
-1.066096777702699061e+00
-1.075966211337009426e+00
-1.062655488556162098e+00
-1.073938183655113177e+00
-1.045389229083642624e+00
-1.075882359730470750e+00
-1.075210373998292335e+00
-1.059571795234831582e+00
-1.047470603202580008e+00
-1.058748599517322697e+00
-1.059191077984230400e+00
-1.068613773044077231e+00
-1.072253509692909557e+00
-1.038809933281483744e+00
-1.072863621441902948e+00
-1.076043551098770923e+00
-1.076527919465948724e+00
-1.076224004713527194e+00
-1.043558271782150992e+00
-1.047312709879654191e+00
-1.076231752456301427e+00
-1.076105026217293315e+00
-1.052062434962199866e+00
-1.070379323438202190e+00
-1.075931310435078725e+00
-1.070028689666382649e+00
-1.060300825351138565e+00
-1.074180599098007560e+00
-1.059945248293288733e+00
-1.070218153788902393e+00
-1.069940061125717934e+00
-1.069559306559119349e+00
-1.076051632089259025e+00
-1.076612640284770217e+00
-1.049219043304499221e+00
-1.067923725595407936e+00
-1.061965464279466476e+00
-1.074766374738607366e+00
-1.056474125236781969e+00
-1.069904266721506847e+00
-1.072861052708971252e+00
-1.072847545591824492e+00
-1.054458534219855803e+00
-1.051984959122547192e+00
-1.076515531749915766e+00
-1.076073041214022918e+00
-1.045899863291686938e+00
-1.076494068660185155e+00
-1.076411679768497942e+00
-1.072843311194242366e+00
-1.075488236594659863e+00
-1.054415672091365108e+00
-1.054848418352094530e+00
-1.075307240111337492e+00
-1.076170889907291484e+00
-1.076107932525936395e+00
-1.067754904483275036e+00
-1.076515913411613790e+00
-1.072271735468242504e+00
-1.047401086932531644e+00
-1.069236990730523029e+00
-1.075560681903368065e+00
-1.048330633580452753e+00
-1.072461920804161029e+00
-1.071383613055955752e+00
-1.076036762265218050e+00
-1.074053546141281679e+00
-1.075720787251512434e+00
-1.075944731770289042e+00
-1.076142052876495336e+00
-1.069040763508440239e+00
-1.075436689895152398e+00
-1.075632005617973119e+00
-1.073358655367501191e+00
-1.063665685567181107e+00
-1.061859823790491708e+00
-1.057029434772867482e+00
-1.076512105838670630e+00
-1.070210207910308853e+00
-1.063701230573565359e+00
-1.075542455416043097e+00
-1.076056002616743834e+00
-1.075125695514425717e+00
-1.066188149841148292e+00
-1.072927380960587929e+00
-1.070919251221670532e+00
-1.068272491350713338e+00
-1.071706299140286145e+00
-1.062094340452767183e+00
-1.076505541783966180e+00
-1.073941487050443344e+00
-1.075335041311948014e+00
-1.061755860408141627e+00
-1.057726006008282038e+00
-1.058337210689414665e+00
-1.070542784875654574e+00
-1.074309661109148939e+00
-1.073399691172471693e+00
-1.070261144502304251e+00
-1.063338688279327204e+00
-1.074946997201231769e+00
-1.076588627022094569e+00
-1.057647961925096247e+00
-1.058265915585784533e+00
-1.055588108755821430e+00
-1.075922923979842682e+00
-1.062321926826585328e+00
-1.062833668832760425e+00
-1.075543971858824221e+00
-1.057016502828290516e+00
-1.076146382319011163e+00
-1.073084105671443300e+00
-1.073996008167585003e+00
-1.076532755889052284e+00
-1.054317586373310078e+00
-1.075607741125494066e+00
-1.076111524253052787e+00
-1.052216466178242049e+00
-1.075431453783356028e+00
-1.076078970083254926e+00
-1.074105151615728504e+00
-1.045076497688321560e+00
-1.038126629066385975e+00
-1.076464337877111488e+00
-1.074904381648550178e+00
-1.075701583973973641e+00
-1.064401187821264694e+00
-1.057742980595631543e+00
-1.076078338359771180e+00
-1.075977035588286057e+00
-1.071835274029494078e+00
-1.072929534000859331e+00
-1.075929831048293650e+00
-1.059533024722038252e+00
-1.056037577108080994e+00
-1.067403043082434833e+00
-1.076209500785219930e+00
-1.073357632859327504e+00
-1.076495964419676099e+00
-1.075693852214191670e+00
-1.075698508355439342e+00
-1.048691889056740933e+00
-1.072746275806321536e+00
-1.073871998450384835e+00
-1.072270981779826826e+00
-1.072978931650102385e+00
-1.061538802452848040e+00
-1.075396154757773060e+00
-1.062676757958038953e+00
-1.054323388598632949e+00
-1.053925594417770339e+00
-1.076532135741550933e+00
-1.070788968283512999e+00
-1.073025138241896270e+00
-1.075593698327796055e+00
-1.050289958482644836e+00
-1.075919985722211036e+00
-1.057151755991434072e+00
-1.075719626888438807e+00
-1.076490759307868084e+00
-1.064293266881122024e+00
-1.070774137237452628e+00
-1.074945257217650996e+00
-1.014662403325842011e+00
-1.075859165494144065e+00
-1.074220317343051789e+00
-1.076516690494999651e+00
-1.041519758047692923e+00
-1.075430414675212276e+00
-1.071981449177852097e+00
-1.075902554353225016e+00
-1.076489907969557569e+00
-1.042490131680768872e+00
-1.071584085065623082e+00
-1.063299293670038059e+00
-1.076548803496159668e+00
-1.075415950383845853e+00
-1.071138619782120438e+00
-1.059308514519726740e+00
-1.058896328946423715e+00
-1.076128444127433470e+00
-1.076532539682241607e+00
-1.076455932605894672e+00
-1.056467439851148216e+00
-1.072278357373897428e+00
-1.075365214991669705e+00
-1.055539121700245886e+00
-1.076498481069639634e+00
-1.047744436187205697e+00
-1.074029101004939424e+00
-1.057113573009158980e+00
-1.076505318934154465e+00
-1.076190859151215484e+00
-1.075717307796310918e+00
-1.055454029810726890e+00
-1.073209644790434680e+00
-1.071801699805507768e+00
-1.048403458349854711e+00
-1.076165989280223112e+00
-1.075810334255434375e+00
-1.075739284213618419e+00
-1.067778405782359163e+00
-1.076215068468731717e+00
-1.052282853112797012e+00
-1.075318347154388121e+00
-1.075289324759739706e+00
-1.070148290233129185e+00
-1.060807532129344199e+00
-1.067598387950217331e+00
-1.067943198013727502e+00
-1.035952551413055200e+00
-1.068159613967573307e+00
-1.075884476908769871e+00
-1.059631848353506767e+00
-1.075547615126878354e+00
-1.075402802494420884e+00
-1.066788931726644574e+00
-1.049994521481401932e+00
-1.054829085709668268e+00
-1.066001884810064082e+00
-1.048496711779792312e+00
-1.060822705051146730e+00
-1.075549742017180455e+00
-1.065550234489542447e+00
-1.063946568156124428e+00
-1.049094174116975697e+00
-1.049682715475333650e+00
-1.072147707771057279e+00
-1.075169905855858810e+00
-1.075698149943732584e+00
-1.076112048435639013e+00
-1.022610084049746293e+00
-1.069767091870904574e+00
-1.054115488528944988e+00
-1.075911916926701295e+00
-1.068058310962092472e+00
-1.076502769327198905e+00
-1.064305135262569424e+00
-1.070566109470889149e+00
-1.050017735613705261e+00
-1.076003664806866711e+00
-1.071430507270239252e+00
-1.076490040773440793e+00
-1.067581296601975316e+00
-1.075918535804366361e+00
-1.071315799613533182e+00
-1.075498766055180688e+00
-1.073267804786611324e+00
-1.074968807725702247e+00
-1.070090322874766908e+00
-1.076498431544680390e+00
-1.040811557398637621e+00
-1.075203432376858004e+00
-1.034789344093174135e+00
-1.076515768493725655e+00
-1.061457644379151244e+00
-1.065690792250401309e+00
-1.076497750482228843e+00
-1.076517056946689976e+00
-1.058757917334827825e+00
-1.073618847173096302e+00
-1.075190277119451698e+00
-1.049043817338499052e+00
-1.065307010854276593e+00
-1.076510158706242226e+00
-1.076471803390122384e+00
-1.059810079651068326e+00
-1.075676953360803045e+00
-1.076613948197722159e+00
-1.075531669564710358e+00
-1.061893202018612703e+00
-1.076491118209564668e+00
-1.075941684356754413e+00
-1.076614868459986996e+00
-1.076160236150862648e+00
-1.072419702674139774e+00
-1.076155872508360867e+00
-1.075294301241731532e+00
-1.064571266287381190e+00
-1.057939486089473524e+00
-1.063866330239702451e+00
-1.075946411601927943e+00
-1.075109276298654937e+00
-1.070571956657160095e+00
-1.065090653650387909e+00
-1.075570420038537645e+00
-1.076388848163872813e+00
-1.066854410241967477e+00
-1.075268153777786395e+00
-1.076009962310801926e+00
-1.058849543299088980e+00
-1.060381733422024686e+00
-1.065763403548977806e+00
-1.070862372873453872e+00
-1.076034336411174408e+00
-1.074102420273943759e+00
-1.075346633027632004e+00
-1.071660089519479442e+00
-1.075068930487111052e+00
-1.076505785905761625e+00
-1.033005837952475581e+00
-1.055792322535462846e+00
-1.075420722992987077e+00
-1.044406054482869939e+00
-1.071104744017397969e+00
-1.076473947104385820e+00
-1.076087873647090021e+00
-1.075993876817728401e+00
-1.076106045793457477e+00
-1.073468197855356632e+00
-1.073375186576199347e+00
-1.076139788940316588e+00
-1.058359876008159173e+00
-1.070963318356201288e+00
-1.075495716076645625e+00
-1.076110759576671017e+00
-1.072435914689107816e+00
-1.071826394944632277e+00
-1.075284752717409864e+00
-1.076529120081975099e+00
-1.075473025454897869e+00
-1.076518268231734243e+00
-1.064512910319355354e+00
-1.076396139783995620e+00
-1.069184621466678253e+00
-1.075397368366801665e+00
-1.075968191256410966e+00
-1.076512713787186382e+00
-1.076520022372299046e+00
-1.076484654904765303e+00
-1.057490379804915781e+00
-1.075457361985500349e+00
-1.055617522164153055e+00
-1.073079980491780328e+00
-1.075421978455990413e+00
-1.071742079090477917e+00
