-5.060336455269919265e-01
-5.859244294031725753e-01
-5.669682673677073348e-01
-5.223114877506361831e-01
-5.855998448594675887e-01
-5.510346848084793914e-01
-5.192385144098864425e-01
-5.858307197257147658e-01
-5.511921817003951896e-01
-5.357316523357497084e-01
-5.556216459288464415e-01
-5.792209445997343886e-01
-5.048685386344061721e-01
-5.273429281576739180e-01
-5.728790532364712584e-01
-5.861092187031374801e-01
-5.853431127532587874e-01
-5.079779453142748702e-01
-5.518885027184353698e-01
5.872708041824237224e-02
-5.616364847435818541e-01
-5.434391717924939025e-01
-5.861072778268919814e-01
-5.473813745691643584e-01
-5.051780134006605971e-01
-5.243312768205271590e-01
-5.829257905050383437e-01
-5.324260606928931105e-01
-5.379124465896950591e-01
-5.680786013170348037e-01
-5.856423578723536361e-01
-5.285916901692019332e-01
-5.807707957490549910e-01
-5.343662105067835677e-01
-5.855675540431605208e-01
-5.850875988169775832e-01
-5.110169142051802504e-01
-5.295350156291590560e-01
-5.726345177306996215e-01
-5.574342455282078612e-01
-5.803910471066103804e-01
-5.858840100034342635e-01
-4.944872535332308638e-01
-5.422256677909956801e-01
-5.138911805614100325e-01
-5.390041382550464499e-01
-5.019126586183176864e-01
-5.334470044388638366e-01
-5.511921817003951896e-01
-5.259118504389391768e-01
-5.765004582270251143e-01
-5.859693713053332198e-01
-5.779830939634905684e-01
-5.254055760367976058e-01
-4.662408805950747359e-01
-5.740191876455412734e-01
-5.456234240471588004e-01
-5.052451692088709700e-01
-5.861050575538740981e-01
-5.806631534858809340e-01
-5.097150891586409438e-01
-5.180919110342131484e-01
-5.738626472219096053e-01
-5.169519330873356688e-01
-5.855864040120707381e-01
-5.852074227794276107e-01
-5.269834823473559249e-01
-5.270219645961390365e-01
-4.960067472919093001e-01
-5.852579749687777388e-01
5.872708041824237224e-02
-5.813800669773684371e-01
-5.472872495218382705e-01
-5.707901507183180678e-01
-5.724236718877421248e-01
-5.788589786305294860e-01
-5.531124179749952186e-01
-5.844640038474665511e-01
-5.855838000341521132e-01
-5.714258640571699965e-01
-5.217283457084761489e-01
-5.552572473450766433e-01
-5.489546577944622863e-01
-5.134223602279291976e-01
-5.747189405872689116e-01
-5.327851581885681975e-01
-5.380894444450007308e-01
-5.268141455515490401e-01
-5.858563087447749007e-01
-5.857385001643763411e-01
-4.927263237103091109e-01
-5.286602764888869155e-01
-5.523007899089918959e-01
-5.855140588744746077e-01
-5.749244145616160262e-01
-5.792209445997343886e-01
-5.055468059643374312e-01
-5.382258329107628692e-01
-5.857393942340479720e-01
-5.860717981620894301e-01
-4.923212728961573470e-01
-5.857927366658316481e-01
-5.340645905151234496e-01
-5.761413570060597289e-01
-5.172528061582909453e-01
-5.856508254572020400e-01
-5.865748390122519362e-01
-5.656157485707865584e-01
-5.165371425016985762e-01
-5.845592967733012069e-01
-5.677413731380568374e-01
-5.185279376371966231e-01
-5.169479060485230315e-01
-5.787461991920338500e-01
-5.680786013170348037e-01
-5.448632273390160430e-01
-5.622683712779746878e-01
-5.106753311618433822e-01
-5.268795914515124190e-01
-5.679028830989466536e-01
-5.291156895025835860e-01
-5.861929855807886947e-01
-5.392082366659508574e-01
-5.825153603716956008e-01
-5.380617329417930472e-01
-5.393231804981098998e-01
-5.799172050818072188e-01
-5.394986435338126052e-01
-5.800199783905611861e-01
-5.800199783905611861e-01
-5.799172050818072188e-01
-5.837587616904841292e-01
-5.729367095544205535e-01
-5.611599567844735015e-01
-5.180347930207119811e-01
-5.367719191624985564e-01
-5.761827691956625808e-01
-5.299445312037335265e-01
-5.540120131834612716e-01
-5.630599423810110915e-01
-5.864702365859614241e-01
-5.629084515883789885e-01
-5.002738736137019027e-01
-5.092993691130743850e-01
-5.527981012626753676e-01
-5.464739990919099677e-01
-5.786556634619103301e-01
-5.532512642010317672e-01
-4.778147540553675521e-01
-5.066970414980517257e-01
-5.484374608411656249e-01
-5.569734513326750625e-01
-5.758073549284802306e-01
-5.558192902743087638e-01
-5.859481371506319869e-01
-5.853332183822260726e-01
-5.854637823566065657e-01
-4.878126062019930709e-01
-5.841957754953966964e-01
-5.202989331945048201e-01
-5.374592566429839957e-01
-5.096201985641585219e-01
-5.249982602461443770e-01
-5.856423578723536361e-01
-5.259430460198984969e-01
-5.865894607766733992e-01
-5.779052000059948790e-01
-5.406177877946959365e-01
-5.848177983924017775e-01
-5.514765787436829436e-01
-5.859832591875658858e-01
-5.422256677909956801e-01
-5.839114389880762923e-01
-5.845592967733012069e-01
-5.459220181717739928e-01
-5.835379562839136947e-01
-5.541022136374579299e-01
-5.478922944083081115e-01
-4.963819697066412795e-01
-5.047476455136404860e-01
-4.968823767765627730e-01
-5.334934141054020751e-01
-5.310985106541977752e-01
-5.863909624084101546e-01
-5.124943643375502456e-01
-5.766968965097533095e-01
-5.419557202174530852e-01
-5.657038814886675704e-01
-5.855998448594675887e-01
-5.014967299564944136e-01
-5.321160178198681701e-01
-5.745961028649674285e-01
-5.677413731380568374e-01
-5.119473538859949935e-01
-4.830443910821543563e-01
-5.552572473450766433e-01
-4.640542991026507247e-01
-5.805785148902998793e-01
-5.419818261205421317e-01
-5.205876878961192000e-01
-5.098753138943777907e-01
-5.855019703074560988e-01
-5.209465954019890654e-01
-5.826123185022936690e-01
-5.629084515883789885e-01
-5.644016131325827468e-01
-5.015033423467741835e-01
-5.824470459982024062e-01
-5.106762773855791915e-01
-5.861050575538740981e-01
-5.841182261272536147e-01
-5.863468177183733809e-01
-5.857385001643763411e-01
-5.846892833276854384e-01
-5.339271775945292342e-01
-5.711443829848633635e-01
-5.831453404887781966e-01
-5.497757248147593367e-01
-5.700354050412045348e-01
-5.289243623181448806e-01
-5.799172050818072188e-01
-5.832236721678839553e-01
-5.421772492616639960e-01
-5.815924606784449447e-01
-5.109599321647749770e-01
-5.308376602395640242e-01
-5.827027089460955489e-01
-5.567822098299132216e-01
-5.090583949848280776e-01
-5.864916234775648940e-01
-5.261095553203688491e-01
-5.318904161020384658e-01
-5.844640038474665511e-01
-5.846309341057406295e-01
-5.852711215182410109e-01
-5.244719922109709609e-01
-5.189770474597082961e-01
-5.852074227794276107e-01
-4.674526206716166365e-01
-5.224831342264281142e-01
-5.332302912636862624e-01
-5.259118504389391768e-01
-5.545089557334051955e-01
-5.622683712779746878e-01
-5.472846902474032271e-01
-5.385445249765382636e-01
-5.858343779607878554e-01
-5.853668726547823775e-01
-5.590412146910296309e-01
-5.814943365319834578e-01
-3.873747936948405135e-01
-5.020004599853621352e-01
-5.856239847406016219e-01
-5.698686144813166488e-01
-4.483428425654040206e-01
-5.824470459982024062e-01
-5.545089557334051955e-01
-5.855557746752367843e-01
-5.454160380675660003e-01
-5.562403784631954062e-01
-5.852226964696513045e-01
-5.126684508784876693e-01
-4.874915569587813247e-01
-5.782549265339241851e-01
-5.514765787436829436e-01
-5.259118504389391768e-01
-5.213589831753836501e-01
-5.762121077194081176e-01
-5.862647868260012496e-01
-5.850875988169775832e-01
-5.858402341171370376e-01
-5.860847025676833022e-01
-5.851323134764300216e-01
-5.622769329264031279e-01
-5.622683712779746878e-01
-4.576235688789950240e-01
-5.070465221568213332e-01
-5.866665966375933516e-01
-5.605632202266918052e-01
-5.590412146910296309e-01
-5.515807080581055510e-01
-5.494103930457697738e-01
-5.052063144310580123e-01
-5.229116692706213820e-01
-5.067196540101633895e-01
-5.644016131325827468e-01
-5.367264398872123587e-01
-5.859421245320902694e-01
-5.497511397614346373e-01
-5.849442980750666488e-01
-5.753560155197249282e-01
-5.668583377762900222e-01
-5.851793266399966109e-01
-5.111369430585966933e-01
-5.708431820883618224e-01
-5.337068974538908828e-01
-4.733777991994486678e-01
-5.574342455282078612e-01
-5.332599930032358992e-01
-5.849342770441637862e-01
-5.449107471420632232e-01
-5.432937643989191878e-01
-5.677413731380568374e-01
-5.859685591920481551e-01
-5.799172050818072188e-01
-5.140527911051379073e-01
-5.367669533505307067e-01
-5.721169519736634124e-01
-5.693684085770712722e-01
-5.329346168353424895e-01
-4.779931954606638778e-01
-4.979248210354910720e-01
-5.118628046973811019e-01
-5.541369091286526549e-01
-4.935440919860468734e-01
-5.659847329869137633e-01
-5.076195239587889541e-01
-5.311639118506775725e-01
-5.728790532364712584e-01
-5.071692555709944594e-01
