-5.060092850607811332e-01
-5.859331422159573810e-01
-5.669081945207647966e-01
-5.223097307605363282e-01
-5.856110797241211863e-01
-5.510887551439109799e-01
-5.191197399477885943e-01
-5.858415799056444495e-01
-5.511791999651222129e-01
-5.357241712809232004e-01
-5.556068513098533224e-01
-5.792013521415546595e-01
-5.048799178156581080e-01
-5.271575231381713245e-01
-5.728407611834051005e-01
-5.861187353815918710e-01
-5.853512374582611200e-01
-5.079314800948504516e-01
-5.519239702597082964e-01
5.881859728918815977e-02
-5.616633018947405631e-01
-5.434317640520724968e-01
-5.861172804117356083e-01
-5.473819021670510709e-01
-5.051111469105551421e-01
-5.243418313431884581e-01
-5.829394003722596640e-01
-5.323834031445028314e-01
-5.379236285358597325e-01
-5.680848258478357060e-01
-5.856509666540636871e-01
-5.285423439946875801e-01
-5.807598546402693573e-01
-5.343250509449155583e-01
-5.855804704957806583e-01
-5.850988536033725484e-01
-5.109573975326463513e-01
-5.295063030369391299e-01
-5.726322286381954063e-01
-5.574680684349817561e-01
-5.803931978183899387e-01
-5.858936934866897372e-01
-4.944893495157214880e-01
-5.423852634192687372e-01
-5.139036902225483372e-01
-5.389960683627810223e-01
-5.018983032842094794e-01
-5.334100118363339638e-01
-5.511791998981039331e-01
-5.257549045559924972e-01
-5.764711661467395443e-01
-5.859800900871450224e-01
-5.779812355434427174e-01
-5.254621173046083449e-01
-4.661124094238341953e-01
-5.740343298698498131e-01
-5.457229002802166384e-01
-5.052426591447504167e-01
-5.861151375574839006e-01
-5.806766027992734669e-01
-5.096975223315761694e-01
-5.180131298643848581e-01
-5.737952656952347574e-01
-5.170054079433488159e-01
-5.855962757050667822e-01
-5.852171992471277839e-01
-5.269853307247617247e-01
-5.269956433644494842e-01
-4.959526462181315654e-01
-5.852617569762913474e-01
5.881859695119746184e-02
-5.813611095694103392e-01
-5.472370139466632422e-01
-5.707827797005945447e-01
-5.724388928738276539e-01
-5.788647740474023307e-01
-5.531078817839421014e-01
-5.844710609085949082e-01
-5.855926009210001837e-01
-5.713853592376715307e-01
-5.217738904657659438e-01
-5.552235797832957287e-01
-5.489431459266338464e-01
-5.133135000325396158e-01
-5.747007628215133890e-01
-5.327257218370363701e-01
-5.379805421770469387e-01
-5.267625891899926360e-01
-5.858672941199440931e-01
-5.857480594489027359e-01
-4.924970529480847126e-01
-5.286094571646964280e-01
-5.523725053957521114e-01
-5.855250509103510081e-01
-5.749367064276169614e-01
-5.792013521345630300e-01
-5.054300257229564775e-01
-5.382144256788665704e-01
-5.857480335229245938e-01
-5.860825604436826763e-01
-4.923561899244424112e-01
-5.858023140042187826e-01
-5.340343540938551348e-01
-5.761436111483441147e-01
-5.172280793571559787e-01
-5.856614514195779275e-01
-5.865895480326990263e-01
-5.655997752007563273e-01
-5.165024328091243344e-01
-5.845692528145615130e-01
-5.676708990869809845e-01
-5.185534905584848753e-01
-5.169074565032109048e-01
-5.787747301188547189e-01
-5.680848259128645772e-01
-5.449234119355892414e-01
-5.622339495585133573e-01
-5.106071479285501091e-01
-5.268679557001901825e-01
-5.678922916647846098e-01
-5.290661897961270732e-01
-5.862037368131817194e-01
-5.392115573033586795e-01
-5.825182873161407482e-01
-5.381005979854578403e-01
-5.393411256310722823e-01
-5.798990960040008025e-01
-5.394433318328739624e-01
-5.800388107645623181e-01
-5.800388108085591243e-01
-5.798990960599915701e-01
-5.837628065436036850e-01
-5.729337359775866778e-01
-5.611785723368687417e-01
-5.180128388205733625e-01
-5.367701497051404758e-01
-5.761743655535794817e-01
-5.299735598798880343e-01
-5.540111751630171222e-01
-5.631925880319943456e-01
-5.864825309808031628e-01
-5.629310665014795045e-01
-5.002827654393489087e-01
-5.092495005881094716e-01
-5.528850871852589721e-01
-5.464897997610058678e-01
-5.786512491542208370e-01
-5.532263620965831574e-01
-4.772010049109824403e-01
-5.067708777208813631e-01
-5.484107367170777403e-01
-5.569853357734386723e-01
-5.757809142651989509e-01
-5.558113878462527246e-01
-5.859593812768306709e-01
-5.853451524101278558e-01
-5.854745086650502417e-01
-4.877564520582298724e-01
-5.842011607718052835e-01
-5.202366003099482272e-01
-5.374440253568355530e-01
-5.095599834702517761e-01
-5.249399882577903131e-01
-5.856509666520173241e-01
-5.259626418607638021e-01
-5.866008172096479623e-01
-5.779034608170711129e-01
-5.404084047301734861e-01
-5.848208986210621241e-01
-5.514294714356829941e-01
-5.859910814433016979e-01
-5.423852634142665163e-01
-5.839108490024244036e-01
-5.845692528175742142e-01
-5.458605012684487612e-01
-5.835428702975666848e-01
-5.540719467940645737e-01
-5.478601015852200273e-01
-4.961882758624829304e-01
-5.048526250056353248e-01
-4.968627034627056127e-01
-5.331905140219833639e-01
-5.310321683939431825e-01
-5.864018913107393871e-01
-5.124149112916592808e-01
-5.766812591796474097e-01
-5.421563039895381797e-01
-5.657397892430984232e-01
-5.856110797331591789e-01
-5.014813533787572108e-01
-5.321631575137421022e-01
-5.745936787266674450e-01
-5.676708990789660625e-01
-5.120536266474446929e-01
-4.828406185003421558e-01
-5.552235797662995465e-01
-4.640196811639875074e-01
-5.805564145030002177e-01
-5.419449207496215282e-01
-5.206356423568393454e-01
-5.098520228882297278e-01
-5.855127208222719037e-01
-5.209970457819895762e-01
-5.826156026948496880e-01
-5.629310665094944266e-01
-5.644173534003602555e-01
-5.015778348440936840e-01
-5.824459849603591532e-01
-5.106525614909708244e-01
-5.861151375894867455e-01
-5.841189563709697774e-01
-5.863585228726115872e-01
-5.857480594439006261e-01
-5.846926267953060918e-01
-5.339148797510303579e-01
-5.711143612747556775e-01
-5.831432105032150481e-01
-5.497806763715845646e-01
-5.700472785235223272e-01
-5.289719602049476332e-01
-5.798990959909836596e-01
-5.832280896079227173e-01
-5.421321500599490806e-01
-5.815904007758904148e-01
-5.109276534726091556e-01
-5.308003728544919975e-01
-5.827058912671571056e-01
-5.567813890246088304e-01
-5.089760877741510425e-01
-5.865036201448494690e-01
-5.261702424817222834e-01
-5.318459253280655163e-01
-5.844710609016031677e-01
-5.846386683057431810e-01
-5.852729765492118430e-01
-5.245107628112165576e-01
-5.189234352877513112e-01
-5.852171992361001607e-01
-4.673474363179287439e-01
-5.224329125614534108e-01
-5.332386533602279099e-01
-5.257549045659400955e-01
-5.545303334452121868e-01
-5.622339495984741697e-01
-5.472687509111465731e-01
-5.385724923736859848e-01
-5.858439744597375709e-01
-5.853773662772102648e-01
-5.590703241825312197e-01
-5.814866944603623855e-01
-3.875757149473184060e-01
-5.019566075452576159e-01
-5.856351545857718666e-01
-5.698986882381141816e-01
-4.481136388938350423e-01
-5.824459849053347238e-01
-5.545303334331613820e-01
-5.855689932930043806e-01
-5.454222931211222258e-01
-5.562550229801929147e-01
-5.852311851068935367e-01
-5.126831252808005113e-01
-4.875243815339590503e-01
-5.782434066104492620e-01
-5.514294714317038437e-01
-5.257549045499670948e-01
-5.212299867164891243e-01
-5.761847216682727257e-01
-5.862751289847444314e-01
-5.850988535893890674e-01
-5.858488666687853286e-01
-5.860951593155380168e-01
-5.851382707706415109e-01
-5.622364426195003428e-01
-5.622339495705072077e-01
-4.576896348332764042e-01
-5.070624272262332921e-01
-5.866796253612188705e-01
-5.605683841518989130e-01
-5.590703241945252921e-01
-5.517437283918033009e-01
-5.493269346937807995e-01
-5.051474858603540730e-01
-5.229394077178063371e-01
-5.067947221826984983e-01
-5.644173534053624763e-01
-5.367709277345422691e-01
-5.859535769164990748e-01
-5.497502234920786934e-01
-5.849606727855634070e-01
-5.753681497723814875e-01
-5.668564301124170424e-01
-5.851853832157293267e-01
-5.111668881450566193e-01
-5.708567214020900948e-01
-5.336750064100326263e-01
-4.732310387459026102e-01
-5.574680684379943463e-01
-5.333322657648772447e-01
-5.849390778529436341e-01
-5.449443287627496746e-01
-5.432743255247610703e-01
-5.676708991269987514e-01
-5.859790455110381879e-01
-5.798990960170179454e-01
-5.140397843740178718e-01
-5.367535960354656854e-01
-5.721184205057211480e-01
-5.694467541848051706e-01
-5.330579126336868478e-01
-4.780603232724298102e-01
-4.979397476979481318e-01
-5.118504278629313342e-01
-5.541094668268867762e-01
-4.934958892192756741e-01
-5.659301761448790602e-01
-5.076129162362318370e-01
-5.312562784586132292e-01
-5.728407611834051005e-01
-5.071944981909390915e-01
