-5.658344914516294510e-01
-6.157677051922166855e-01
-5.623063491036975892e-01
-5.728495111068571122e-01
-5.319974691917980225e-01
-5.774325681229913743e-01
-5.736215961476648362e-01
-6.235296399643505127e-01
-6.235732817401969941e-01
-5.671889548500860245e-01
-5.963542730858409913e-01
-6.236296230306709321e-01
-6.233701304843509705e-01
-5.930104166580224545e-01
-5.791489155342662842e-01
-6.228648656358802826e-01
-6.232134224226558716e-01
-5.771468960990989716e-01
-5.490116485705459626e-01
-5.860997186353290589e-01
-5.800643055079365284e-01
-5.087645397832477601e-01
-6.035659880688274415e-01
-5.532734589030826600e-01
-6.170188681533420594e-01
-5.685357758154953034e-01
-5.901078027052665265e-01
-5.734376599391782792e-01
-6.233741686990345032e-01
-6.105046653499687226e-01
-5.959474145745718987e-01
-5.367890567829692872e-01
-6.237629809727752717e-01
-5.702549022933328660e-01
-6.220124745121086152e-01
-6.067980368932569535e-01
-5.987045661857212098e-01
-6.238419496765220673e-01
-6.224960581710422547e-01
-6.236935788145149262e-01
-6.186058306446159394e-01
-6.035858252396667512e-01
-6.209820852925861390e-01
-6.056643844893062623e-01
-6.134927169730747254e-01
-5.693747298171604188e-01
-5.626763318976247819e-01
-6.034579714139783890e-01
-5.784873859336460145e-01
-6.237146304299915345e-01
-5.824871709881210835e-01
-5.945433819977427037e-01
-6.152804353585327179e-01
-6.234864265968883545e-01
-6.225391970326984437e-01
-5.920241628153110058e-01
-5.812473026415193589e-01
-6.150276073565567048e-01
-5.669253942867601426e-01
-6.107138795157754929e-01
-6.218881653001392396e-01
-5.556492180874431641e-01
-6.231438489010417969e-01
-6.235296399643505127e-01
-5.724212554594362290e-01
-6.218593688061321290e-01
-6.165645485123479874e-01
-5.974444196870410950e-01
-6.234888890137756379e-01
-5.564214297881210358e-01
-6.234591872742260010e-01
-5.940774264125013859e-01
-5.923003972818935425e-01
-5.503821195414150269e-01
-5.746907470127428086e-01
-6.145603758593881638e-01
-5.430847452333057435e-01
-5.938688320418680222e-01
-5.258106709768856080e-01
-5.425155879309261353e-01
-6.150276073565567048e-01
-5.846708770220959694e-01
-5.591852450122917206e-01
-5.446961940577114136e-01
-5.873519675185764344e-01
-5.543782607963169129e-01
-5.810244371494138749e-01
-5.003095091631496460e-01
-5.989786320676887543e-01
-5.508087584128463776e-01
-5.834842989532137425e-01
-5.767578863849723847e-01
-6.235733525207126648e-01
-5.494432681551063569e-01
-5.538371325781429322e-01
-6.096574598302925141e-01
-5.467704170694435151e-01
-5.958884311219537766e-01
-5.640187346687400849e-01
-6.238151350369537385e-01
-5.568879013260686905e-01
-6.239441008617961915e-01
-5.685357758154953034e-01
-5.648609855523193390e-01
-5.873519675185764344e-01
-5.938932969545805962e-01
-5.984163628270710023e-01
-5.644175474842870743e-01
-6.239773751547420533e-01
-6.237108418097579987e-01
-5.514751644184673340e-01
-5.451170922567928345e-01
-5.624797315647686036e-01
-5.821222699558222802e-01
-5.305582703402126343e-01
-6.105753322442853959e-01
-6.239221290996158631e-01
-6.238870554914558442e-01
-6.238737748315418274e-01
-6.239773751547420533e-01
-5.630806953957164795e-01
-5.694163580736005814e-01
-6.164941014101589234e-01
-5.918982023684168370e-01
-5.499965221932018311e-01
-5.780642227580631287e-01
-6.203437009205902131e-01
-5.668655195584381135e-01
-5.837476644044602425e-01
-5.996756655474985154e-01
-5.478767053535068543e-01
-6.234864265968883545e-01
-5.683277760943258317e-01
-5.918982023684168370e-01
-6.231753350546443970e-01
-6.093364757796609910e-01
-5.887715881069982560e-01
-6.232252166917408021e-01
-6.010847063114727051e-01
-6.238151350369537385e-01
-5.507222273697937043e-01
-5.973005024095857651e-01
-5.757486381878936799e-01
-5.800632805874431641e-01
-5.341790252676094086e-01
-6.210247547676647217e-01
-5.939839439777517827e-01
-6.238272645821655304e-01
-6.239795320978248627e-01
-6.162660149237001450e-01
-6.239095525195682557e-01
-5.585689236720884354e-01
-6.238798321535671265e-01
-6.228648656358802826e-01
-5.258106709768856080e-01
-6.238737748315418274e-01
-6.237231725206459076e-01
-4.157077269008243592e-01
-5.452329115321720154e-01
-5.638607451071823151e-01
-6.231438489010417969e-01
-5.953139429291570695e-01
-5.542763703813636811e-01
-6.235021063437545807e-01
-5.319974691917980225e-01
-5.790681363394344361e-01
-6.235284851243579896e-01
-5.956080601861560853e-01
-6.232591801633918793e-01
-5.628606126954639466e-01
-6.013862815996492417e-01
-5.799413970051193745e-01
-6.106020034601772339e-01
-5.464597464850032837e-01
-6.237944186976039918e-01
-6.200216570248687775e-01
-6.054569212099397690e-01
-5.874342107524955781e-01
-6.233631083121383698e-01
-5.824527637412632020e-01
-5.699044698228920014e-01
-5.683111445357883484e-01
-6.235576541473949463e-01
-5.405740150561416657e-01
-4.908831239988887818e-01
-6.231438489010417969e-01
-5.962255065640295060e-01
-5.603083511194074662e-01
-6.061670416345680268e-01
-5.489991800239170106e-01
-6.071315192928398163e-01
-5.953997996946657212e-01
-6.234782272329414399e-01
-5.912465047402167828e-01
-5.783123038088763268e-01
-5.662401010593259842e-01
-5.572760300090396912e-01
-5.855592879777634652e-01
-6.233930112173641236e-01
-6.208196887126052887e-01
-5.640733921279991181e-01
-6.228945450236881287e-01
-6.231438489010417969e-01
-5.591852450122917206e-01
-6.010921121885860474e-01
-5.692108487089956315e-01
-5.962422629197919877e-01
-5.277605698754871399e-01
-5.959474145745718987e-01
-6.047587869068468125e-01
-4.217148171117389710e-01
-6.163557180514419587e-01
-6.196516164889419587e-01
-6.055052605768526108e-01
-6.231753350546443970e-01
-6.237201922884071381e-01
-5.669567370166862519e-01
-6.150276073565567048e-01
-6.240841382494056733e-01
-6.106907082101190598e-01
-5.343047724416339905e-01
-5.808223606398189576e-01
-6.034579714139783890e-01
-5.464597464850032837e-01
-6.237015174081409485e-01
-5.464597464850032837e-01
-6.150276073565567048e-01
-5.591745981326187165e-01
-6.198021629204834015e-01
-5.685357758154953034e-01
-5.859472555419290574e-01
-6.233987332632625611e-01
-5.646022641410911591e-01
-5.464597464850032837e-01
-5.417621963968360932e-01
-5.591455036153877289e-01
-5.317088262488925965e-01
-5.654765469333017380e-01
-6.190141634395206482e-01
-5.754739147921884568e-01
-5.670696524282777817e-01
-5.923029248913610489e-01
-6.236336761465156586e-01
-5.814686128249252350e-01
-6.239705206205928834e-01
-5.658679184814775498e-01
-6.234301635375106843e-01
-6.239773751547420533e-01
-5.625114840766275437e-01
-5.576807734867418320e-01
-5.875056785842264206e-01
-6.228049555173004181e-01
-5.480049484720314057e-01
-5.731844128420436890e-01
-6.234857821216667206e-01
-6.158563857277715714e-01
-6.236905091753089936e-01
-6.233532996227825196e-01
-6.048972727110469849e-01
-6.220920839657867463e-01
-6.180525374909723313e-01
-6.235521109154308350e-01
-5.612567578753316910e-01
-5.676049859573925049e-01
-5.637971618523681672e-01
-5.685357758154953034e-01
-5.426488303890312226e-01
-6.045647700628126175e-01
-5.855592879777634652e-01
-6.124785513928020508e-01
-6.206358121087635071e-01
-6.158071150382841141e-01
-6.200143703570449860e-01
-5.728616769736493142e-01
-6.233860225727642090e-01
-5.763302435478055985e-01
-6.237015174081409485e-01
-5.878566810240829499e-01
-6.157677051922166855e-01
-5.740964309623325379e-01
-5.710833509763563187e-01
-5.991635312637174637e-01
-6.225723595669353516e-01
-4.989349440982425721e-01
-6.158993327369773896e-01
-6.238332362225139649e-01
-6.221671634664619477e-01
-5.778906037410581620e-01
-6.185372741272533448e-01
-6.177471214284980805e-01
-5.410191313674533875e-01
-5.638322019329154999e-01
-5.638448437055433304e-01
-6.238798321535671265e-01
-6.198021629204834015e-01
-6.238680825879657776e-01
-6.234591872742260010e-01
-5.681821544965589554e-01
-5.069969714930141480e-01
-5.306195811679447205e-01
-6.215714709212863953e-01
-6.220576771845901520e-01
-6.175175653150165589e-01
-6.226584361245716126e-01
-5.756911383321369202e-01
-6.218048640837753327e-01
-5.901231276182318242e-01
-6.220124745121086152e-01
-6.131355529030645402e-01
-5.383367211868846924e-01
-5.875003947255993397e-01
-5.535233923544967682e-01
-5.860963789125764878e-01
-6.180026856561983140e-01
-5.839566168686235459e-01
-5.587891218563402207e-01
-6.161125609030807526e-01
-6.220124745121086152e-01
-5.972814922531927140e-01
-5.650906813641870530e-01
