-7.772020606832753531e-01
-7.862733112789594969e-01
-7.826983928529701595e-01
-7.904531375111468749e-01
-7.884831460405411496e-01
-7.910616945303916570e-01
-7.755731066532141060e-01
-7.895591744255606725e-01
-7.830706174044042012e-01
-7.812681222300056350e-01
-7.833474775076045837e-01
-7.906420225491358478e-01
-7.908561729267862273e-01
-7.904461549947425780e-01
-7.873413486574315501e-01
-7.859082150857783500e-01
-7.902614619124016526e-01
-7.875496098358168995e-01
-7.910756386821565789e-01
-7.910456083713410802e-01
-7.810938854652307306e-01
-7.905159618345855010e-01
-7.883024569149362781e-01
-7.893369555304212692e-01
-7.880058093716771905e-01
-7.748738819789480203e-01
-7.910489088686826209e-01
-7.903336864052676880e-01
-7.906698821756956708e-01
-7.889737152767259953e-01
-7.906470435100722005e-01
-7.910444143852984888e-01
-7.830711394759981570e-01
-7.905532902075266266e-01
-7.911071008108351288e-01
-7.906571419739628626e-01
-7.791602139214196532e-01
-7.771555897996961226e-01
-7.906766113002872132e-01
-7.906726238904867587e-01
-7.902729569101379914e-01
-7.870267200556428921e-01
-7.907492629508091619e-01
-7.908162216519358800e-01
-7.803109751183040510e-01
-7.788788391508618680e-01
-7.731592199628661843e-01
-7.866589866715778534e-01
-7.745405693611907560e-01
-7.637416427339026592e-01
-7.897210832822848525e-01
-7.891989083514960868e-01
-7.910847844267848705e-01
-7.808976693331480812e-01
-7.862063601458457729e-01
-7.829017948112739766e-01
-7.852048992297854246e-01
-7.910224157800045397e-01
-7.899939827096630340e-01
-7.906820170379385004e-01
-7.585979978323830197e-01
-7.883714153304588468e-01
-7.785685456465666343e-01
-7.701644721449698583e-01
-7.728949844305238459e-01
-7.864339543126630527e-01
-7.910445324672027434e-01
-7.882322754014353672e-01
-7.856556306300577219e-01
-7.897892170964310177e-01
-7.776532174902001104e-01
-7.893813418767011703e-01
-7.747524450846740018e-01
-7.873179979212086010e-01
-7.807291677617453907e-01
-7.833142741293298572e-01
-7.869222897686756202e-01
-7.797901215294869015e-01
-7.845053290277894664e-01
-7.666802371839912533e-01
-7.862476699515918988e-01
-7.782439433157968267e-01
-7.910729016523679880e-01
-7.903180739448395498e-01
-7.863061702474999359e-01
-7.828485240851438265e-01
-7.763306216565870610e-01
-7.905371817605020279e-01
-7.901253203999429875e-01
-7.664974078901261034e-01
-7.910061638570663467e-01
-7.883815191953226220e-01
-7.751181241124001087e-01
-7.733418666468836467e-01
-7.754047004477678806e-01
-7.901687333960277781e-01
-7.805819994461994371e-01
-7.770743371720786330e-01
-7.728408773840735879e-01
-7.905349019243224085e-01
-7.894934589774521561e-01
-7.876563561549194681e-01
-7.877759385316729368e-01
-7.776429168105001288e-01
-7.907470699365722888e-01
-7.767706361234835155e-01
-7.910190952666618092e-01
-7.910403082045950329e-01
-7.696482032924604200e-01
-7.906553164824308144e-01
-7.909703721948658783e-01
-7.895536361770254530e-01
-7.816767301511799992e-01
-7.844715798839543286e-01
-7.910404470244681852e-01
-7.883836374966194382e-01
-7.684001905648216724e-01
-7.887009833472143905e-01
-7.906885617676583378e-01
-7.848382410268680554e-01
-7.911266774750977948e-01
-7.545167460738869680e-01
-7.905710431112514813e-01
-7.800193933389617529e-01
-7.874984077190182452e-01
-7.741685851415486264e-01
-7.903239834100744821e-01
-7.888991799667347538e-01
-7.825192560551403886e-01
-7.896403067042748747e-01
-7.789361673117177753e-01
-7.898700758303672798e-01
-7.904702427443776047e-01
-7.910306377683765655e-01
-7.901709625592109321e-01
-7.873466574431676746e-01
-7.698888999647546250e-01
-7.710773529222987310e-01
-7.898680931209506317e-01
-7.858363207446235066e-01
-7.843409750750565124e-01
-7.908270916151753926e-01
-7.874330282216396304e-01
-7.906546301919804565e-01
-7.768894018109181454e-01
-7.767792586585419157e-01
-7.891026792069579798e-01
-7.888977593838506497e-01
-7.892785059684459537e-01
-7.877775938733394545e-01
-7.909336251464540446e-01
-7.911716290489151371e-01
-7.789053319145380350e-01
-7.769240181010353963e-01
-7.871846140045563045e-01
-7.824673090819364019e-01
-7.901904849575211998e-01
-7.759844934081578938e-01
-7.910744506811243637e-01
-7.876077885739927176e-01
-7.892976752360262305e-01
-7.902020254612197592e-01
-7.905119518238029608e-01
-7.908584566489492707e-01
-7.837099080119316330e-01
-7.796890250828480973e-01
-7.879854825500522963e-01
-7.750612168071742136e-01
-7.665327372787107407e-01
-7.903191586659534806e-01
-7.831541277491943509e-01
-7.716252617073693365e-01
-7.901668246085473690e-01
-7.825451823042596233e-01
-7.773613564730738057e-01
-7.906130642864316327e-01
-7.889806738871382175e-01
-7.866041582336955607e-01
-7.799892349032402361e-01
-7.767015600090673155e-01
-7.668138838124389789e-01
-7.900211996867605446e-01
-7.904375817076456645e-01
-7.783774828653413635e-01
-7.649222380367810548e-01
-7.896789162642043891e-01
-7.799146051442895633e-01
-7.910785701408091786e-01
-7.721385760992426350e-01
-7.796752209249424581e-01
-7.910073070931464834e-01
-7.906282099772456995e-01
-7.904645399859479005e-01
-7.872996193610067861e-01
-7.910344466053172985e-01
-7.786352025059145587e-01
-7.909199639344545174e-01
-7.722349898536626789e-01
-7.901731946294209274e-01
-7.706479973208282264e-01
-7.869454887000094656e-01
-7.812816446281289906e-01
-7.910888345865535465e-01
-7.755483414731630942e-01
-7.900563521174625015e-01
-7.805564529887447645e-01
-7.904894821788774895e-01
-7.876589848408126482e-01
-7.815541399178258519e-01
-7.445055813966233726e-01
-7.741266585572940118e-01
-7.812522059578349554e-01
-7.910650122547141505e-01
-7.902656980459804581e-01
-7.845285110321330579e-01
-7.825558776146721573e-01
-7.910311123180009396e-01
-7.816175437178155549e-01
-7.895265591508134895e-01
-7.893865895944646160e-01
-7.865786622182259213e-01
-7.910708486210197288e-01
-7.904069410533042239e-01
-7.867359556056189307e-01
-7.839989138573384420e-01
-7.802419473418438223e-01
-7.905950822619057794e-01
-7.729928925017259811e-01
-7.887803809243193465e-01
-7.909658292175189009e-01
-7.717957032931880290e-01
-7.809449108881238999e-01
-7.870893369022476938e-01
-7.867789051870708317e-01
-7.579155705795938003e-01
-7.718640114042082390e-01
-7.865485226954882503e-01
-7.822634894169548936e-01
-7.880274407862887243e-01
-7.615621341399333444e-01
-7.778344684413519561e-01
-7.897087467932154548e-01
-7.910320699442107140e-01
-7.894144630970320042e-01
-7.895225651740400696e-01
-7.800860252373331694e-01
-7.772483083520518310e-01
-7.637962124289928711e-01
-7.729364586151404870e-01
-7.908418929862663926e-01
-7.564911446089364055e-01
-7.807472099792254205e-01
-7.908021197842816097e-01
-7.910096379662622246e-01
-7.850797033255388913e-01
-7.905073184945398124e-01
-7.909572805354171399e-01
-7.871737659793061059e-01
-7.896115181484558709e-01
-7.808312590685948518e-01
-7.872241038067706587e-01
-7.908009881962043686e-01
-7.678293882601873177e-01
-7.904402514255012280e-01
-7.751275079878450214e-01
-7.617520313031138635e-01
-7.744077093500985054e-01
-7.763637666399205717e-01
-7.835099639008441530e-01
-7.865721434874711759e-01
