-7.755104625186137746e-01
-7.669631284103257673e-01
-7.762562122484496507e-01
-7.710844540145546100e-01
-7.761164410949418224e-01
-7.785822740384871210e-01
-7.779422147036064716e-01
-7.782900557716746492e-01
-7.706786421321607516e-01
-7.777056429249962211e-01
-7.786033295485564887e-01
-7.600722144169517192e-01
-7.676802459021975222e-01
-7.656154984668550600e-01
-7.772094352273419826e-01
-7.780008149004352669e-01
-7.783601420542788363e-01
-7.718391406872225913e-01
-7.710450313192959149e-01
-7.775902847568206822e-01
-7.741236049527271401e-01
-7.731608561265232993e-01
-7.781256171320074522e-01
-7.612424332101893620e-01
-7.614174915703209034e-01
-7.766856894028228986e-01
-7.783243571220779256e-01
-7.772890551122569880e-01
-7.784093878606329620e-01
-7.529076994377896792e-01
-7.755144972963666783e-01
-7.785693857808846374e-01
-7.749541274933461343e-01
-7.769971292901894921e-01
-7.768558380528836071e-01
-7.773218954668095204e-01
-7.786378314497982567e-01
-7.772159396530923248e-01
-7.713441014795960893e-01
-7.786555660025212822e-01
-7.782550767618335863e-01
-7.439393401373213255e-01
-7.777125172544495646e-01
-7.710316619320506382e-01
-7.610618296395453841e-01
-7.785677961281590731e-01
-7.741675414743740546e-01
-7.781635475494841359e-01
-7.784844521942195783e-01
-7.646680430763448388e-01
-7.658329585908323356e-01
-7.782653115945963318e-01
-7.318316572702859846e-01
-7.775991721116826128e-01
-7.783742492739074148e-01
-7.786951123626981719e-01
-7.717916401374393942e-01
-7.732638720796258802e-01
-7.756749325502610981e-01
-7.779401721412442239e-01
-7.780935852737963510e-01
-7.783767462388971881e-01
-7.520098493733596845e-01
-7.778349573929338456e-01
-7.786661165050375866e-01
-7.773238232232646538e-01
-7.691819784936225757e-01
-7.765760469180664760e-01
-7.446478108501517479e-01
-7.782323527901071625e-01
-7.535911497027545369e-01
-7.760011061497571472e-01
-7.738372866941460870e-01
-7.756765009730099969e-01
-7.727002429992072541e-01
-7.779621051445961832e-01
-7.561095871459850848e-01
-7.784754717784567735e-01
-7.632902226841870030e-01
-7.694833589941036944e-01
-7.710301420442770004e-01
-7.781247870456720062e-01
-7.786575405339385414e-01
-7.660207316847338355e-01
-7.711490543435890466e-01
-7.691098636306764602e-01
-7.786479028126728208e-01
-7.747804652491192545e-01
-7.762583131417760685e-01
-7.757510154290436777e-01
-7.586858354166737817e-01
-7.783795122536902866e-01
-7.785232058070233885e-01
-7.746803726846439586e-01
-7.771616594207719775e-01
-7.701578747392703317e-01
-7.773000688113834711e-01
-7.692978898393646459e-01
-7.739699064614113944e-01
-7.659961184755261776e-01
-7.738563306068260150e-01
-7.736621847200838564e-01
-7.718182944149949432e-01
-7.780610771139341297e-01
-7.703215074305719279e-01
-7.639121523326535268e-01
-7.762587690404076923e-01
-7.658795347403523079e-01
-7.783354900041080660e-01
-7.735622860594670858e-01
-7.782379476575977950e-01
-7.695717488089437452e-01
-7.569026929927036296e-01
-7.713572169700605441e-01
-7.778170892483080578e-01
-7.783581425858726588e-01
-7.786380103796343155e-01
-7.590690730162642508e-01
-7.617988513734094136e-01
-7.745133404260732268e-01
-7.739849249343405679e-01
-7.684722883207898425e-01
-7.781478224791507081e-01
-7.770092415874320091e-01
-7.666786759232300241e-01
-7.705832629079184537e-01
-7.518445069204221509e-01
-7.786194060316142806e-01
-7.617668359131753997e-01
-7.593583556264557055e-01
-7.662971841632530978e-01
-7.779106389230266982e-01
-7.765061257883406620e-01
-7.765390494228402440e-01
-7.781914928659794395e-01
-7.651844328137621387e-01
-7.599399522653870198e-01
-7.783084715578627577e-01
-7.728392557543426467e-01
-7.784283648063625716e-01
-7.737454725970498437e-01
-7.726667046232099656e-01
-7.724901726252900724e-01
-7.553220520247796443e-01
-7.784859876249895505e-01
-7.616368846247507651e-01
-7.785364344973989548e-01
-7.786195272925126032e-01
-7.572544057876574586e-01
-7.684679372122802388e-01
-7.729199997883562379e-01
-7.786087117822118042e-01
-7.685723454962579693e-01
-7.631295379485080188e-01
-7.785899683703184637e-01
-7.723765379877219894e-01
-7.444639236891474887e-01
-7.667057396304427508e-01
-7.755926417174850984e-01
-7.534772774244166138e-01
-7.738357321234166086e-01
-7.742681257244201642e-01
-7.645739698180553656e-01
-7.751319601822391769e-01
-7.632048477438874157e-01
-7.786182811925222991e-01
-7.786778895745579687e-01
-7.770990354871628591e-01
-7.780172340642226292e-01
-7.464452576086060276e-01
-7.740595778132530747e-01
-7.750158944906239133e-01
-7.786526759038459033e-01
-7.749422185239396299e-01
-7.473021511449883247e-01
-7.786527095768086548e-01
-7.754394171278079506e-01
-7.778530680823495524e-01
-7.704575926230426974e-01
-7.676649247225326711e-01
-7.551732746025175969e-01
-7.742953175505421504e-01
-7.785674216904580058e-01
-7.722838522133299577e-01
-7.779056575690178610e-01
-7.784167355897125828e-01
-7.780088510819745951e-01
-7.681398611143126498e-01
-7.717835261459626839e-01
-7.615780879180789054e-01
-7.582579843650150142e-01
-7.752704393977721820e-01
-7.710965146878678844e-01
-7.743628655581729081e-01
-7.644860044768407858e-01
-7.714032227390205110e-01
-7.756093034380847628e-01
-7.702118086668402475e-01
-7.779065708452889139e-01
-7.786291929277399104e-01
-7.596058818692480452e-01
-7.615696424008729926e-01
-7.744687826309429868e-01
-7.763756638043294300e-01
-7.576205848319761404e-01
-7.700920920241920431e-01
-7.785604880540397676e-01
-7.592946916126809276e-01
-7.633113873021551976e-01
-7.775092251120570008e-01
-7.504221277241072130e-01
-7.740572420361456762e-01
-7.778526903796504355e-01
-7.775454755438775400e-01
-7.633767283695480632e-01
-7.587720125893171463e-01
-7.781992728807262116e-01
-7.615084819720956411e-01
-7.442578931319493440e-01
-7.781007085120530409e-01
-7.739848331114029811e-01
-7.606240512588433589e-01
-7.711702582315173027e-01
-7.704994527363620005e-01
-7.669119050645450963e-01
-7.623777911884948022e-01
-7.786305430806614858e-01
-7.786066461498813984e-01
-7.723678705496956898e-01
-7.573104103876038273e-01
-7.737259467567596527e-01
-7.544881323138912244e-01
-7.785981406467448185e-01
-7.747597924437384931e-01
-7.670653504760328589e-01
-7.780638998766886694e-01
-7.747507937059920913e-01
-7.598062792549634681e-01
-7.763489539228137781e-01
-7.763425953589494499e-01
-7.786414553148784945e-01
-7.784235874102135577e-01
-7.632176929895588824e-01
-7.786168042727111827e-01
-7.573012013680020527e-01
-7.781399290945026914e-01
-7.747502936633937631e-01
-7.625970311290464210e-01
-7.609496521568076544e-01
-7.782552443476935533e-01
-7.779649783422870613e-01
-7.768080310263699717e-01
-7.786193327536852227e-01
-7.777655530717877408e-01
-7.779517154899536768e-01
-7.786066585138835539e-01
-7.779209984776818132e-01
-7.684786538026631142e-01
-7.785640848511300449e-01
-7.739135753727692801e-01
-7.701439005024964812e-01
-7.775141954670721223e-01
-7.765178601288794669e-01
-7.782954828833151817e-01
-7.784919138122089466e-01
-7.743295256270239513e-01
-7.780774845087559122e-01
-7.779033798448538040e-01
-7.592495549080121586e-01
-7.687406427698207922e-01
