-1.086928951101886920e+00
-1.047570637440818242e+00
-1.069851408726113728e+00
-1.085951466592538051e+00
-1.086377265876668385e+00
-1.086891700992870025e+00
-1.086923207169907979e+00
-1.086925982511180333e+00
-1.086447209599005870e+00
-1.082728602471339396e+00
-1.086580278831112079e+00
-1.079388408935206822e+00
-1.069102576947349004e+00
-1.086449231034654073e+00
-1.070556010133164815e+00
-1.086291319238531283e+00
-1.074854473596948079e+00
-1.086922643719750337e+00
-1.086105130626398019e+00
-1.086033435551958970e+00
-1.078064082203942231e+00
-1.086419147452848843e+00
-1.086058741914617709e+00
-1.086905952090906791e+00
-1.086926661445337228e+00
-1.083749355761843614e+00
-1.081383576630192689e+00
-1.086890392018991403e+00
-1.086560349924999169e+00
-1.080189455779778651e+00
-1.066228483817118100e+00
-1.066369058577853135e+00
-1.086924111018466643e+00
-1.061139629236000470e+00
-1.086905426359313420e+00
-1.086601566536861352e+00
-1.084748384090649775e+00
-1.083337574279445104e+00
-1.072024906533348254e+00
-1.082869224263864449e+00
-1.040874282843011311e+00
-1.065338448634880475e+00
-1.086457693031567029e+00
-1.086135252392428807e+00
-1.086545962388205222e+00
-1.041684280163186482e+00
-1.084341802647846631e+00
-1.069706083288925580e+00
-1.077869709594684533e+00
-1.083710730089384011e+00
-1.086523083517837218e+00
-1.086668027112769774e+00
-1.086638465537267617e+00
-1.086586356176572732e+00
-1.079948006677019290e+00
-1.084784011835741691e+00
-1.072322925100612334e+00
-1.084695476120847157e+00
-1.083250929847868971e+00
-1.083437023697930268e+00
-1.086078967446970633e+00
-1.082871949779379062e+00
-1.071852360865610532e+00
-1.077072774073618344e+00
-1.084434561910617045e+00
-1.081867634332316808e+00
-1.086486728875475816e+00
-1.084310607998209885e+00
-1.080014963647859982e+00
-1.078192007974299482e+00
-1.086495565264063767e+00
-1.086917289546268872e+00
-1.082614075406032494e+00
-1.085931045016783170e+00
-1.066486029899257115e+00
-1.078013013596224479e+00
-1.069433568990367345e+00
-1.086893541286277465e+00
-1.084409036221491984e+00
-1.086606502080845527e+00
-1.081477783633905343e+00
-1.086594616076486997e+00
-1.058224058723586491e+00
-1.086736208307134799e+00
-1.083443873575466565e+00
-1.086938017992812089e+00
-1.086284379488366536e+00
-1.084712826194750956e+00
-1.086499955518680505e+00
-1.081606143633413009e+00
-1.052349499440329961e+00
-1.076231451252984694e+00
-1.086902388385075025e+00
-1.086888271397489003e+00
-1.073664787704634360e+00
-1.086942714186894587e+00
-1.086912888115781239e+00
-1.060699685490268163e+00
-1.074559262501585177e+00
-1.071918950895356826e+00
-1.083359814262526921e+00
-1.084386301240461759e+00
-1.081362660056489400e+00
-1.076924703097480229e+00
-1.067516883848744325e+00
-1.083802395513790540e+00
-1.076403226251291922e+00
-1.072532737641173295e+00
-1.084105246713894299e+00
-1.049741272828119687e+00
-1.086482541649180344e+00
-1.086916829472917012e+00
-1.086921320310371808e+00
-1.076225547133522920e+00
-1.066669975420969418e+00
-1.081942810690539769e+00
-1.077736874124544553e+00
-1.086529718259858779e+00
-1.068806933252650193e+00
-1.086923749199646405e+00
-1.073566606747495822e+00
-1.073188116787510804e+00
-1.086248424849050931e+00
-1.067615913240748338e+00
-1.086921070250260524e+00
-1.076406978084283761e+00
-1.086674093282359532e+00
-1.068079383126038007e+00
-1.086583268842237882e+00
-1.086495216018098287e+00
-1.083620516596871308e+00
-1.075371270081537656e+00
-1.086913387304681233e+00
-1.057727946913379125e+00
-1.086609323988246611e+00
-1.076949513065206698e+00
-1.071167160770433835e+00
-1.086066222763198308e+00
-1.086894762715834073e+00
-1.086923788780855826e+00
-1.084876518710094384e+00
-1.067569804391401700e+00
-1.080980354933577470e+00
-1.086482964469629220e+00
-1.083758951643991164e+00
-1.083306113271552018e+00
-1.074613224728542260e+00
-1.086756483665245465e+00
-1.086349454256283931e+00
-1.080309596857565335e+00
-1.086215171976524285e+00
-1.082321112989026002e+00
-1.086532508967953614e+00
-1.086897249812769584e+00
-1.083677270928907088e+00
-1.066586841842668942e+00
-1.086607340736823968e+00
-1.082113322815435819e+00
-1.047547153210776738e+00
-1.083143726004796914e+00
-1.065791412270205907e+00
-1.081693538943814925e+00
-1.047119527137416295e+00
-1.059741162708538464e+00
-1.067555805681782655e+00
-1.084075383855539254e+00
-1.069711600443857602e+00
-1.061247947639363698e+00
-1.080850890851157597e+00
-1.082657726495104722e+00
-1.041927668279546193e+00
-1.083157748928802899e+00
-1.086956690544771842e+00
-1.086549298851328782e+00
-1.086205688784408263e+00
-1.086018898537891797e+00
-1.081022632321852139e+00
-1.083480081534522466e+00
-1.082319436142730407e+00
-1.065372080555694989e+00
-1.083850377252834729e+00
-1.071811303044247321e+00
-1.071742394952612809e+00
-1.056184872067111424e+00
-1.068628766587513379e+00
-1.079068447476762227e+00
-1.081622176817196301e+00
-1.086537893875080041e+00
-1.086228529936211995e+00
-1.086569083402442626e+00
-1.081536013646560601e+00
-1.086553468382495335e+00
-1.086913006859409503e+00
-1.086327682728457145e+00
-1.067807034602898053e+00
-1.077564279096710376e+00
-1.086912774960088424e+00
-1.066413867300885610e+00
-1.086912534678864173e+00
-1.086904358132320336e+00
-1.085606174557047776e+00
-1.069536759531634740e+00
-1.077724203015255622e+00
-1.082504632430660418e+00
-1.086127804605799607e+00
-1.086439929450440101e+00
-1.086142261526125363e+00
-1.084472619941967420e+00
-1.083820528364318303e+00
-1.086529014645653657e+00
-1.075915936859833888e+00
-1.069838669164615563e+00
-1.086495753391223840e+00
-1.086637532817709140e+00
-1.073074415805327586e+00
-1.083383509902792863e+00
-1.086580547983336142e+00
-1.086546187302606992e+00
-1.067465468323367528e+00
-1.083029457148673824e+00
-1.084385781562465123e+00
-1.086910475058990411e+00
-1.074998136623340539e+00
-1.084308370961385659e+00
-1.066956508918243340e+00
-1.086029114215212754e+00
-1.083493548924612693e+00
-1.086125222513961486e+00
-1.086688139489429883e+00
-1.062998796826737813e+00
-1.086724305538969926e+00
-1.082514715394514493e+00
-1.041959601467984609e+00
-1.071674451245504311e+00
-1.071533689288931779e+00
-1.086474131806331567e+00
-1.062863237238067082e+00
-1.078870012904095343e+00
-1.086941560278224639e+00
-1.085987967918204955e+00
-1.086903164176779679e+00
-1.086908157928424767e+00
-1.081473783137786082e+00
-1.082178492112594537e+00
-1.060647434568541936e+00
-1.069860474220055035e+00
-1.084831270868467978e+00
-1.063728268271821431e+00
-1.085503241992133550e+00
-1.086082772365349225e+00
-1.086160453049975327e+00
-1.064521078965204648e+00
-1.079560303142803601e+00
-1.086931346929210118e+00
-1.086955884019422225e+00
-1.084130417569118432e+00
-1.086911259232598237e+00
-1.083591046756642751e+00
-1.086926511502402715e+00
-1.084275548359888486e+00
-1.086636712788182191e+00
-1.065220538540321282e+00
-1.086021753507244281e+00
-1.075476700453597001e+00
-1.085805982364850930e+00
-1.086557759451257876e+00
-1.071885099182414702e+00
-1.086645621354269675e+00
-1.072786278104918889e+00
-1.080927095389502934e+00
-1.086043175789105586e+00
-1.077339207301425628e+00
-1.081449192962187222e+00
-1.086600734400140933e+00
-1.071208392283457211e+00
-1.083397060646253518e+00
-1.086915628532457045e+00
-1.083526407382028989e+00
-1.069878314635294370e+00
-1.052316163680094174e+00
-1.081346529549497060e+00
-1.085001548765736512e+00
-1.086589694036680154e+00
-1.086055810111152820e+00
-1.079255181378262929e+00
-1.072246643262493304e+00
-1.086587899378078870e+00
-1.073758092722433499e+00
-1.070017207427459649e+00
-1.081877499366688422e+00
-1.086918094674634627e+00
-1.085831498740750245e+00
-1.074102589874106339e+00
-1.079324545352297715e+00
-1.083760509746658496e+00
-1.085540543323892049e+00
-1.072753860163080386e+00
-1.075195647789674691e+00
-1.084053194163876466e+00
-1.075650217025118760e+00
-1.063283937996762685e+00
-1.084972177645700864e+00
-1.086260723894971303e+00
-1.068213374367493085e+00
-1.086482105324554137e+00
-1.086917306775736503e+00
-1.086535495719450406e+00
-1.079860768527301840e+00
-1.069987546666103295e+00
-1.072703290744262627e+00
-1.086622564601289920e+00
-1.086485635502773217e+00
-1.083449026583271912e+00
-1.079942776835101537e+00
-1.074788935030388526e+00
-1.066806731759148530e+00
-1.086541085983204535e+00
-1.086570722995835236e+00
-1.084038806161421231e+00
-1.077625342192637614e+00
-1.077117691761392049e+00
-1.083956592729824475e+00
-1.084945630295711450e+00
-1.068457590429621629e+00
-1.084577900836753539e+00
-1.086900212815540723e+00
-1.085191043573009662e+00
-1.046404275125401906e+00
-1.081117924316364221e+00
-1.086454316055911473e+00
-1.080997588126498155e+00
-1.076788575402038983e+00
-1.086614045328038625e+00
-1.082330631804230503e+00
-1.081452889381485871e+00
-1.073146698544311217e+00
-1.086151574751871518e+00
-1.086130415568637542e+00
-1.086324746734040669e+00
-1.075263253426688603e+00
-1.085557188386606864e+00
-1.086920292595910720e+00
-1.059343553161757878e+00
-1.082661025705325297e+00
-1.086907031959432057e+00
-1.082011145087468318e+00
-1.076351254726338080e+00
-1.064674346721309117e+00
-1.086886519579726151e+00
-1.053848634487527303e+00
-1.085892066373067788e+00
-1.086910150027411870e+00
-1.081008114865559033e+00
-1.086927670533346824e+00
-1.086036520557987384e+00
-1.086239713723349265e+00
-1.086544536533343486e+00
-1.081761331776666335e+00
-1.084006531177597932e+00
-1.079973754486578397e+00
-1.086593873812395028e+00
-1.064265699139374188e+00
-1.086903374190020255e+00
-1.070997119894760541e+00
-1.086910231052475861e+00
-1.081457104547458581e+00
-1.064872018075126103e+00
-1.067006554468112878e+00
-1.082728912601756743e+00
-1.082677574841814927e+00
-1.082299335873263768e+00
-1.082802464267748288e+00
-1.082672848845410041e+00
-1.077960808774965695e+00
-1.072360894656318120e+00
-1.083711755475538663e+00
-1.086327506242829255e+00
-1.083510705283420972e+00
-1.082461742232131652e+00
-1.080381407416003636e+00
-1.083768728202718190e+00
-1.065627415678041867e+00
-1.080603354624050549e+00
-1.085464050075548581e+00
-1.075515728923070125e+00
-1.086466237916189126e+00
-1.067249190075832299e+00
-1.086710115442561797e+00
-1.086022750488060407e+00
-1.082929051494735173e+00
-1.086465662824499301e+00
-1.086576901389795236e+00
-1.074335971860724381e+00
-1.072653903639453343e+00
-1.079938289257275752e+00
-1.085965302786367825e+00
-1.084116202327000789e+00
-1.086489451597022704e+00
-1.086623759022491864e+00
-1.084807185469704560e+00
-1.086078629842537335e+00
-1.086663823122667960e+00
-1.086156713789838246e+00
-1.086659590727227620e+00
-1.086553794811057738e+00
-1.067587565644222192e+00
-1.086901719229805163e+00
-1.074475042535501412e+00
-1.083367375670510224e+00
-1.084686915869402579e+00
-1.086316936197268657e+00
-1.085890933884817056e+00
-1.086952398079025439e+00
-1.079859575270253114e+00
-1.062049788436430386e+00
-1.075322148403662137e+00
-1.086266088313001088e+00
-1.067183291553097657e+00
-1.059926851666110448e+00
-1.086311021833258561e+00
-1.072043505510824613e+00
-1.061660076505082539e+00
-1.063192487707870892e+00
-1.086895322440701417e+00
-1.084628157331186227e+00
-1.083672642721372537e+00
-1.083649281425910882e+00
-1.085925239151853017e+00
-1.086179948425429753e+00
-1.048359164050358228e+00
-1.076365206404167107e+00
-1.068829830749469689e+00
-1.086897889165717057e+00
-1.086447066640990666e+00
-1.075381017303603581e+00
-1.084531636922198228e+00
-1.079865309423345021e+00
-1.069781396551567010e+00
-1.077795532545584134e+00
-1.074976338087159089e+00
-1.078788036028432540e+00
-1.068382653421300343e+00
-1.086448789587753705e+00
-1.073667178875344685e+00
-1.077396328574555806e+00
-1.070970653569835118e+00
-1.084190925131129912e+00
-1.075545577345925263e+00
-1.086714967167514256e+00
-1.084948922521012715e+00
