-1.086926012926821894e+00
-1.047528394784051686e+00
-1.069821834642825209e+00
-1.085949092069994570e+00
-1.086374160545913181e+00
-1.086888565476961777e+00
-1.086919581272981050e+00
-1.086922560097596469e+00
-1.086443001260495755e+00
-1.082722470538712845e+00
-1.086576625501010529e+00
-1.079402658189446251e+00
-1.069137915530222971e+00
-1.086445581529448923e+00
-1.070527634923818638e+00
-1.086288286841053274e+00
-1.074859789513414432e+00
-1.086919093714352691e+00
-1.086099582596908197e+00
-1.086031156108966833e+00
-1.078094970398800312e+00
-1.086414149193718259e+00
-1.086055107910683493e+00
-1.086902523067722504e+00
-1.086922639349536590e+00
-1.083741906034323632e+00
-1.081381900244551275e+00
-1.086886769432371835e+00
-1.086555939366654622e+00
-1.080189656203047521e+00
-1.066262711520112649e+00
-1.066372138945100634e+00
-1.086920640439133390e+00
-1.061135875079109780e+00
-1.086901788794302881e+00
-1.086599532824561454e+00
-1.084744797562172680e+00
-1.083334768687960858e+00
-1.072035030434739689e+00
-1.082867804104760134e+00
-1.040896789968044356e+00
-1.065367438807661271e+00
-1.086453968305708173e+00
-1.086131726516003315e+00
-1.086543102692935303e+00
-1.041692539302641940e+00
-1.084337183477260824e+00
-1.069736795029257337e+00
-1.077863671709936133e+00
-1.083705845486313102e+00
-1.086520675511999157e+00
-1.086664473677261267e+00
-1.086635462987629808e+00
-1.086583881668149010e+00
-1.079970793419214425e+00
-1.084776356044774070e+00
-1.072342269672463155e+00
-1.084696830638803178e+00
-1.083247252448360065e+00
-1.083441783977825867e+00
-1.086076125296783434e+00
-1.082874849945108409e+00
-1.071864486021959051e+00
-1.077078012968269549e+00
-1.084433363066826361e+00
-1.081865182986635032e+00
-1.086482644077595872e+00
-1.084307911361773291e+00
-1.080008925253509666e+00
-1.078205249884066630e+00
-1.086491138425788927e+00
-1.086913790355652276e+00
-1.082595063300264115e+00
-1.085928610195478594e+00
-1.066526804401594308e+00
-1.078005556019761890e+00
-1.069472294785142497e+00
-1.086889836114900421e+00
-1.084408698179659680e+00
-1.086603212387563966e+00
-1.081483919468489763e+00
-1.086590713665660290e+00
-1.058184938671931752e+00
-1.086733793192500075e+00
-1.083437366742397323e+00
-1.086934819487696657e+00
-1.086281084425804178e+00
-1.084705614945724594e+00
-1.086496378731546031e+00
-1.081606430803867314e+00
-1.052373853467576392e+00
-1.076228309115073278e+00
-1.086898758246765295e+00
-1.086885099215703976e+00
-1.073663638470045756e+00
-1.086939124753276253e+00
-1.086908920104574294e+00
-1.060674797707162220e+00
-1.074570938838877110e+00
-1.071926007856440322e+00
-1.083359312387216056e+00
-1.084383937608611514e+00
-1.081357960106867466e+00
-1.076866370001545281e+00
-1.067586466655817690e+00
-1.083793839354516564e+00
-1.076419804933974822e+00
-1.072538367551656657e+00
-1.084102779459877874e+00
-1.049677371535651771e+00
-1.086477008074147710e+00
-1.086913794544611012e+00
-1.086917933816286208e+00
-1.076228209727163820e+00
-1.066672387003461342e+00
-1.081937174731694817e+00
-1.077761794150938313e+00
-1.086526198737569615e+00
-1.068841191402029489e+00
-1.086920265176407607e+00
-1.073568086140963551e+00
-1.073192318701358339e+00
-1.086245187784693922e+00
-1.067562845777802139e+00
-1.086917396922725931e+00
-1.076403087044420559e+00
-1.086670779162233202e+00
-1.068101775844083390e+00
-1.086579398449728728e+00
-1.086490813738033134e+00
-1.083619346084958579e+00
-1.075381504322563853e+00
-1.086909771663892021e+00
-1.057715483565743853e+00
-1.086604804079318143e+00
-1.076963950165042094e+00
-1.071193329651107140e+00
-1.086063810278678154e+00
-1.086891696171438104e+00
-1.086920606464133465e+00
-1.084874076256131525e+00
-1.067624045012555367e+00
-1.080983946381842919e+00
-1.086479832008870439e+00
-1.083755938689998422e+00
-1.083301535206686150e+00
-1.074594388940016021e+00
-1.086752642902325539e+00
-1.086345886132691341e+00
-1.080309560402565427e+00
-1.086212027215390563e+00
-1.082312617957561507e+00
-1.086529066384277931e+00
-1.086893558867895848e+00
-1.083679552880460362e+00
-1.066583392092079974e+00
-1.086604173963819697e+00
-1.082112293406766401e+00
-1.047535340336489318e+00
-1.083137516015690416e+00
-1.065793975339349053e+00
-1.081692225478817271e+00
-1.047088913281730038e+00
-1.059720404818209616e+00
-1.067609969573886319e+00
-1.084068824028201483e+00
-1.069742140551984466e+00
-1.061254132754902768e+00
-1.080849166853316001e+00
-1.082654714949230046e+00
-1.041905087716599621e+00
-1.083155419830300392e+00
-1.086953006077055583e+00
-1.086544721189636853e+00
-1.086200272279872481e+00
-1.086015311055716248e+00
-1.081026802899352601e+00
-1.083473618158233398e+00
-1.082313238188054250e+00
-1.065332639679640536e+00
-1.083847929800968002e+00
-1.071832981137315288e+00
-1.071774594018297000e+00
-1.056182898879113985e+00
-1.068676821676312061e+00
-1.079066147408249909e+00
-1.081619029974718815e+00
-1.086533408022738234e+00
-1.086224489035372276e+00
-1.086565192600197349e+00
-1.081539676990614929e+00
-1.086548249837804070e+00
-1.086909833681831028e+00
-1.086324962123541349e+00
-1.067851474138532764e+00
-1.077585698566679628e+00
-1.086909267395301359e+00
-1.066440748524864812e+00
-1.086909669042958715e+00
-1.086901277527724696e+00
-1.085601471863782974e+00
-1.069550010383605754e+00
-1.077715609806134456e+00
-1.082497225305003807e+00
-1.086123107113980746e+00
-1.086435321413720345e+00
-1.086139306943946670e+00
-1.084467713467177186e+00
-1.083820200913313769e+00
-1.086526563405259216e+00
-1.075900952233511454e+00
-1.069964059243400767e+00
-1.086491473418509157e+00
-1.086632436725059714e+00
-1.073093496006867653e+00
-1.083386395538415314e+00
-1.086577882596981848e+00
-1.086542094354763011e+00
-1.067478642906587893e+00
-1.083036054250335001e+00
-1.084377788454568448e+00
-1.086906642282383872e+00
-1.075000339398282989e+00
-1.084306950586554352e+00
-1.066981626037548869e+00
-1.086026269669919220e+00
-1.083491053237158885e+00
-1.086117654808362643e+00
-1.086685439145409715e+00
-1.062980993668196650e+00
-1.086720052952551585e+00
-1.082518848997584993e+00
-1.042039101536696100e+00
-1.071681566595166890e+00
-1.071546175132153333e+00
-1.086470738329219143e+00
-1.062873708068538425e+00
-1.078864150254786436e+00
-1.086937784159335285e+00
-1.085987230993340713e+00
-1.086899636033046956e+00
-1.086905319805449022e+00
-1.081458024814338392e+00
-1.082192893205921935e+00
-1.060685241341777996e+00
-1.069882162836274686e+00
-1.084823661237725112e+00
-1.063720590893982187e+00
-1.085498298252799865e+00
-1.086080159629509545e+00
-1.086155284721073366e+00
-1.064562928548095311e+00
-1.079548442884113335e+00
-1.086927892894286041e+00
-1.086952360718608679e+00
-1.084130630721480637e+00
-1.086907520188661769e+00
-1.083586046374730882e+00
-1.086922713626488068e+00
-1.084275175702141158e+00
-1.086632791543782117e+00
-1.065195578064931370e+00
-1.086016920101411154e+00
-1.075474743697522495e+00
-1.085799765150177398e+00
-1.086555438692043074e+00
-1.071892104713732419e+00
-1.086640842946299701e+00
-1.072808556229216892e+00
-1.080926360096196026e+00
-1.086040521699405126e+00
-1.077334923930460597e+00
-1.081451939363185621e+00
-1.086598112774669112e+00
-1.071233836858495048e+00
-1.083394635034801823e+00
-1.086912210346916652e+00
-1.083528686650909956e+00
-1.069871709555679562e+00
-1.052274592965426026e+00
-1.081339947016329628e+00
-1.084999889981905552e+00
-1.086586483534059733e+00
-1.086052038392182117e+00
-1.079272762037984945e+00
-1.072267243138838477e+00
-1.086582946005877792e+00
-1.073790326773065518e+00
-1.070015621199868594e+00
-1.081873496853935190e+00
-1.086914341518206761e+00
-1.085830206599674552e+00
-1.074104522239208270e+00
-1.079333060249454190e+00
-1.083760019137706809e+00
-1.085536397538124920e+00
-1.072749057436060305e+00
-1.075231367134398264e+00
-1.084047046913707790e+00
-1.075625286243341749e+00
-1.063298802765395568e+00
-1.084965446276624945e+00
-1.086255504672400729e+00
-1.068274050823458943e+00
-1.086477285858958197e+00
-1.086913770844676108e+00
-1.086531972826929371e+00
-1.079883289725628082e+00
-1.070005455688054052e+00
-1.072753856094217140e+00
-1.086618721221130235e+00
-1.086482387857796716e+00
-1.083457146815441030e+00
-1.079956935201356494e+00
-1.074796226759572093e+00
-1.066812096840988877e+00
-1.086537804882204972e+00
-1.086567465248333475e+00
-1.084037704999273544e+00
-1.077651040224106849e+00
-1.077136958006813972e+00
-1.083954736548015330e+00
-1.084943936335932335e+00
-1.068483824110630920e+00
-1.084569855023000295e+00
-1.086897086258062251e+00
-1.085188594472011658e+00
-1.046527557349527182e+00
-1.081119873851432711e+00
-1.086450413182569408e+00
-1.080994643602249505e+00
-1.076804893712020927e+00
-1.086611638955832682e+00
-1.082327828126325331e+00
-1.081456024470913713e+00
-1.073169352799858922e+00
-1.086147338152458230e+00
-1.086125858475746053e+00
-1.086320798362888196e+00
-1.075287493027217378e+00
-1.085547974474816213e+00
-1.086916942142089670e+00
-1.059348140110797587e+00
-1.082662399056075531e+00
-1.086903746054713960e+00
-1.082020398818743345e+00
-1.076366235021049444e+00
-1.064702942128414431e+00
-1.086883783014789273e+00
-1.053874803283660899e+00
-1.085889590732869614e+00
-1.086906591110444520e+00
-1.081006734470506769e+00
-1.086924216511272023e+00
-1.086030102366809080e+00
-1.086235361966603197e+00
-1.086541541593204485e+00
-1.081764940606333880e+00
-1.084006461500411467e+00
-1.079973335994133254e+00
-1.086590826912552599e+00
-1.064189932898285340e+00
-1.086899403399211872e+00
-1.070982648298666851e+00
-1.086906606709403089e+00
-1.081451979800196916e+00
-1.064901639085521934e+00
-1.067016206924760846e+00
-1.082731625655363850e+00
-1.082663776834961622e+00
-1.082293822921681858e+00
-1.082797877785035334e+00
-1.082670042156907320e+00
-1.077971949748846026e+00
-1.072382836080803203e+00
-1.083705943512255354e+00
-1.086323422127765337e+00
-1.083510508843510856e+00
-1.082456732521565046e+00
-1.080366105062048776e+00
-1.083762298191863760e+00
-1.065627407884436106e+00
-1.080606569337544842e+00
-1.085459353314126574e+00
-1.075505475545772693e+00
-1.086463492673045650e+00
-1.067296685236017506e+00
-1.086706705786290250e+00
-1.086018088698503137e+00
-1.082925456231347061e+00
-1.086461499315614532e+00
-1.086572397929408185e+00
-1.074334594535082621e+00
-1.072719732250689839e+00
-1.079946419012825620e+00
-1.085963432377466065e+00
-1.084111684328694647e+00
-1.086486084645876371e+00
-1.086618330786396580e+00
-1.084803935321579926e+00
-1.086072733725501172e+00
-1.086659466775339533e+00
-1.086153279003676309e+00
-1.086655407473593460e+00
-1.086549300796000761e+00
-1.067598450736181537e+00
-1.086897941531412393e+00
-1.074469006496907797e+00
-1.083363716172649927e+00
-1.084685263147093126e+00
-1.086315894075817523e+00
-1.085884898369660290e+00
-1.086948686023558874e+00
-1.079859924354425349e+00
-1.062024681550801208e+00
-1.075307625716984905e+00
-1.086264416276247591e+00
-1.067169775873155535e+00
-1.059955610047938812e+00
-1.086304287983136829e+00
-1.071987724920793861e+00
-1.061650673250794430e+00
-1.063194157345616286e+00
-1.086892061648122576e+00
-1.084625935449874845e+00
-1.083659201006852424e+00
-1.083641567862025035e+00
-1.085922523340408175e+00
-1.086176713406835637e+00
-1.048462536223276231e+00
-1.076363366443360281e+00
-1.068806728436793252e+00
-1.086894351205286435e+00
-1.086443935978769426e+00
-1.075379356494289507e+00
-1.084527517743044456e+00
-1.079870081569267448e+00
-1.069845107742113166e+00
-1.077800599755703859e+00
-1.074979077208409128e+00
-1.078784672367772313e+00
-1.068425578711520885e+00
-1.086443713337942540e+00
-1.073670244252759920e+00
-1.077400008356105943e+00
-1.070978843994700780e+00
-1.084187230248916389e+00
-1.075567496258842182e+00
-1.086710830279995932e+00
-1.084942867620775298e+00
