-5.664084553299497671e-01
-5.826737961599812721e-01
-5.810088152889213431e-01
-5.808625816886079374e-01
-5.760324480327888574e-01
-5.736275872261521469e-01
-5.764463582636759620e-01
-5.821124801417170147e-01
-5.683783229216361477e-01
-5.803136124554105768e-01
-5.795134911753276885e-01
-5.791053164008127530e-01
-5.800645494778471356e-01
-5.827257127122034142e-01
-5.826588455920177489e-01
-5.798295762339525927e-01
-5.826317190288525794e-01
-5.725974614791751183e-01
-5.782919098524255119e-01
-5.760579677682449162e-01
-5.726193920385318492e-01
-5.822755898274454278e-01
-5.824003143300818808e-01
-5.823185414108923430e-01
-5.793164244549116049e-01
-5.826795590813518277e-01
-5.716554277673010498e-01
-5.826301254511346839e-01
-5.736700842139597079e-01
-5.755579485876477497e-01
-5.824390883398794516e-01
-5.825178862144526626e-01
-5.626602993943695674e-01
-5.801915421596506306e-01
-5.748230344910931766e-01
-5.807110908095184376e-01
-5.826271948644878851e-01
-5.826893278984851543e-01
-5.822241931768213918e-01
-5.791833301100263176e-01
-5.823234112349630065e-01
-5.817148536537221082e-01
-5.823990532530850528e-01
-5.826152320731183831e-01
-5.808555548872653684e-01
-5.826032880397351565e-01
-5.826331535476995116e-01
-5.820881241343202062e-01
-5.826387418111981242e-01
-5.726442910324874846e-01
-5.791860672608202254e-01
-5.804971920986691236e-01
-5.729578823311223257e-01
-5.762543905301670266e-01
-5.748413237713736468e-01
-5.822482128924847400e-01
-5.821442518541564137e-01
-5.822799605179285187e-01
-5.803412197291835106e-01
-5.776381072045868592e-01
-5.813411267294922302e-01
-5.788286579504590135e-01
-5.822820250132776376e-01
-5.813562298313326160e-01
-5.776596396662542210e-01
-5.796318199360895873e-01
-5.802880163460084617e-01
-5.803868776024465603e-01
-5.710360953917295035e-01
-5.696782916044563772e-01
-5.701513698437384869e-01
-5.685795478547066573e-01
-5.798183441769910740e-01
-5.684514856517640657e-01
-5.744842344427478764e-01
-5.784911167031021595e-01
-5.680850384586666468e-01
-5.787467375163924954e-01
-5.825435235798229749e-01
-5.739659633178481046e-01
-5.820529041956611360e-01
-5.795358002353651061e-01
-5.711246466714641201e-01
-5.725212517935137635e-01
-5.769024708286070169e-01
-5.736273014563825212e-01
-5.658450867163258291e-01
-5.822935927299596193e-01
-5.826690669027937419e-01
-5.796071797599309239e-01
-5.822409629043204804e-01
-5.798689363702653754e-01
-5.826906237044382486e-01
-5.795681681663206186e-01
-5.725307812918467576e-01
-5.707569126144161897e-01
-5.701381608063622597e-01
-5.819592813310069390e-01
-5.738995585332803406e-01
-5.718485050319246366e-01
-5.687431057960773417e-01
-5.748070995009112449e-01
-5.814619839782196875e-01
-5.825910006546146658e-01
-5.786539817050387891e-01
-5.808913535454498511e-01
-5.819706816418375173e-01
-5.790182425918863895e-01
-5.713005328009241879e-01
-5.653613899705975943e-01
-5.824348531472859358e-01
-5.732380097216768222e-01
-5.719491957668890736e-01
-5.803475625570827523e-01
-5.824563224220019597e-01
-5.812376733837434362e-01
-5.818668756523784902e-01
-5.809750648290769037e-01
-5.826802603877891951e-01
-5.821744969438060746e-01
-5.810549531627899889e-01
-5.798511768015555123e-01
-5.820944668812175760e-01
-5.822918170493942558e-01
-5.756240531114500403e-01
-5.680689693006022445e-01
-5.824489160899626317e-01
-5.703414101407920933e-01
-5.824375188861339314e-01
-5.799958334401510429e-01
-5.826761323741004306e-01
-5.720394627902430917e-01
-5.826625642040303976e-01
-5.752579743130630252e-01
-5.825126837706453564e-01
-5.810209085571911292e-01
-5.776522865521745986e-01
-5.826923111110821063e-01
-5.792722706924586795e-01
-5.789816529743370133e-01
-5.824055314308819176e-01
-5.819883793185876009e-01
-5.807715640648544175e-01
-5.800361194707274182e-01
-5.728318668495299137e-01
-5.816947487918978643e-01
-5.818429912886023958e-01
-5.776837603078524008e-01
-5.715143635028270275e-01
-5.802589629023870987e-01
-5.817246980107956267e-01
-5.820880341323885210e-01
-5.823286155597744429e-01
-5.826307445386350592e-01
-5.800754697150569683e-01
-5.823764469792858112e-01
-5.821979209019531032e-01
-5.786311631904053066e-01
-5.712323583937882754e-01
-5.737529658102632490e-01
-5.804739803373455409e-01
-5.725778318189830296e-01
-5.755850034518790181e-01
-5.824534581003042444e-01
-5.807082319288257022e-01
-5.814246630242625447e-01
-5.825069192302902987e-01
-5.821042596253326318e-01
-5.747773051048876702e-01
-5.802319862350973079e-01
-5.798276040645337082e-01
-5.819578164131907760e-01
-5.826426413880538835e-01
-5.806712903895480116e-01
-5.826615783098243462e-01
-5.798048981578017846e-01
-5.775021570200014054e-01
-5.822826863537363673e-01
-5.821058071540917700e-01
-5.824586359281457293e-01
