-1.487441559136426283e+00
-1.497390806803510444e+00
-1.489170109651342333e+00
-1.449997433979554717e+00
-1.468563541700995900e+00
-1.497953220539898211e+00
-1.497342726876197183e+00
-1.496739893429350543e+00
-1.492946316506340132e+00
-1.458521473207623487e+00
-1.491464637388752790e+00
-1.497575377550982578e+00
-1.484576800976913802e+00
-1.483776519188951148e+00
-1.496762255200361436e+00
-1.443610986983230537e+00
-1.435628567041293602e+00
-1.489681363277871817e+00
-1.465411689783542304e+00
-1.463904485644505593e+00
-1.497408891497939765e+00
-1.486374437732210785e+00
-1.497403411110359350e+00
-1.497513806088513366e+00
-1.470090444026189935e+00
-1.494768142466177174e+00
-1.497982225010551893e+00
-1.497510984400780787e+00
-1.483705443963162063e+00
-1.455462089124738734e+00
-1.497944130643201976e+00
-1.497316689512153021e+00
-1.459209892887613158e+00
-1.495000213387413845e+00
-1.496404813334009987e+00
-1.497958689741498484e+00
-1.496735266878062687e+00
-1.489489641346178228e+00
-1.475595131852159181e+00
-1.475482003395193642e+00
-1.497505309781355542e+00
-1.496792732366823753e+00
-1.491211264461644870e+00
-1.497982022431712856e+00
-1.497431716409598712e+00
-1.436397041288836274e+00
-1.481700940274327749e+00
-1.497998008879841247e+00
-1.490228477824567355e+00
-1.496260228242363155e+00
-1.497478374697025050e+00
-1.475217382199152327e+00
-1.463431461497192609e+00
-1.491413388267003537e+00
-1.463948802053825604e+00
-1.416841015152054961e+00
-1.398768182999658993e+00
-1.493155489052992113e+00
-1.497449436644328724e+00
-1.496384900095047543e+00
-1.491297650907145167e+00
-1.497393390925420897e+00
-1.495729025690857750e+00
-1.497204879288139390e+00
-1.497501606780352157e+00
-1.488784939563313481e+00
-1.493397486193234425e+00
-1.497531164849554619e+00
-1.497919732943848281e+00
-1.487011346125659328e+00
-1.496581230156029285e+00
-1.420607412905944500e+00
-1.494175415219178404e+00
-1.486622953216218068e+00
-1.498032952590715228e+00
-1.492233968158608315e+00
-1.416384127954767091e+00
-1.497190903027371789e+00
-1.492542143489589579e+00
-1.496717904780031194e+00
-1.497944536248891900e+00
-1.460860990731837727e+00
-1.492750819771652360e+00
-1.497130455446041619e+00
-1.491809984207807638e+00
-1.496315364022984706e+00
-1.496377872154705857e+00
-1.487247461291628214e+00
-1.497937711015372653e+00
-1.440966752683236152e+00
-1.496536099376344353e+00
-1.497073048922219041e+00
-1.494277852139733298e+00
-1.459010887242766952e+00
-1.497982571162280063e+00
-1.497206689977685468e+00
-1.497949950946508180e+00
-1.468668744926330483e+00
-1.497415630552528798e+00
-1.496975469186752727e+00
-1.497987180755569803e+00
-1.497428050054523174e+00
-1.472444972153311271e+00
-1.432066027400333619e+00
-1.496911562819181807e+00
-1.491567750165759154e+00
-1.490173273566013146e+00
-1.456280033704474119e+00
-1.496540460943835527e+00
-1.488283705454694017e+00
-1.476606286102398080e+00
-1.464005913236875900e+00
-1.490909391457588162e+00
-1.435133008146112443e+00
-1.494336887465222086e+00
-1.498007137792493282e+00
-1.497472439362826035e+00
-1.497399806312251558e+00
-1.496955821612570459e+00
-1.496445143323541949e+00
-1.497632483212011367e+00
-1.493979708118677641e+00
-1.474561968281621782e+00
-1.497959388406921777e+00
-1.490018072481917866e+00
-1.479851633621629858e+00
-1.497997108019583967e+00
-1.481840455937052603e+00
-1.491231492923372537e+00
-1.497950536188057402e+00
-1.490898030496753179e+00
-1.464484426329766276e+00
-1.469279304045971735e+00
-1.477260665207779766e+00
-1.467869684063394686e+00
-1.492853562605961137e+00
-1.422708452662097223e+00
-1.497491475142498363e+00
-1.476219828331405193e+00
-1.458025167338024897e+00
-1.493011436673933545e+00
-1.491860869256875333e+00
-1.497311270903513680e+00
-1.456558939650012929e+00
-1.472719882622093746e+00
-1.442302566499211958e+00
-1.403388228915541047e+00
-1.498006497229012135e+00
-1.485545482276332985e+00
-1.497968549384550929e+00
-1.460496177882436131e+00
-1.447458933043501039e+00
-1.491603228952200322e+00
-1.497894479382162469e+00
-1.485148304610993009e+00
-1.467847105633582894e+00
-1.489065584378444829e+00
-1.461505802125899978e+00
-1.437872069216768356e+00
-1.492332420921371972e+00
-1.497517772569322947e+00
-1.497990440245931199e+00
-1.497880900548090644e+00
-1.497943370213815850e+00
-1.497284296206230492e+00
-1.496891133619629111e+00
-1.428169276581355840e+00
-1.496649194275341266e+00
-1.449703867487834197e+00
-1.473672695727268334e+00
-1.497191020012284213e+00
-1.458544217195322901e+00
-1.497951048955641573e+00
-1.474968791808198620e+00
-1.497969059505138256e+00
-1.468666093524461314e+00
-1.473264023784170096e+00
-1.497149190837960164e+00
-1.495477030027663190e+00
-1.462645737922503963e+00
-1.497550428783036569e+00
-1.479735856307786701e+00
-1.497975551915905035e+00
-1.464168911839696330e+00
-1.497182050122521257e+00
-1.423803217359045359e+00
-1.490459292334823660e+00
-1.478066134329557579e+00
-1.497903404117993720e+00
-1.490951526153674100e+00
-1.497418642966092062e+00
-1.496845767001137695e+00
-1.464809934848807949e+00
-1.461812794945838823e+00
-1.497410015970050967e+00
-1.497934642215854373e+00
-1.491853249204013521e+00
-1.459103357141346979e+00
-1.394673852716682871e+00
-1.494418004113941434e+00
-1.496691170821566885e+00
-1.471498364847141138e+00
-1.487280701815882233e+00
-1.496259556444898164e+00
-1.490865518484899788e+00
-1.493127510322512341e+00
-1.488409267094631616e+00
-1.496607664472752397e+00
-1.449734052042517263e+00
-1.450051382681143641e+00
-1.437058566191449227e+00
-1.453982513051459424e+00
-1.467153869116470943e+00
-1.497357205703550909e+00
-1.483419148855579461e+00
-1.493075804317121058e+00
-1.497911884990158038e+00
-1.497962625748320065e+00
-1.441480784408549987e+00
-1.497957150581718189e+00
-1.456992760168895451e+00
-1.493940695226082305e+00
-1.493554176412127843e+00
-1.488889233362378661e+00
-1.496784920378106065e+00
-1.460879384343027665e+00
-1.496678012856142548e+00
-1.497416541484806185e+00
-1.491572579929888898e+00
-1.497910093690596911e+00
-1.458320446622412225e+00
-1.406516165165246468e+00
-1.496381933034424128e+00
-1.496453146382106691e+00
-1.456493537903655211e+00
-1.493232221619242184e+00
-1.496875824830966817e+00
-1.478784128090731897e+00
-1.494389759057678457e+00
-1.497390686493601519e+00
-1.493778056934958132e+00
-1.497383896186071706e+00
-1.486742087989351147e+00
-1.472884170642851931e+00
-1.496800398645654839e+00
-1.490979271799351746e+00
-1.477466046861494187e+00
-1.497952438081516569e+00
-1.497391979119551575e+00
-1.493466876795403131e+00
-1.448502626807554261e+00
-1.484312003854014739e+00
-1.468789041168538922e+00
-1.491247348182623611e+00
-1.486315824287380183e+00
-1.496668868299512400e+00
-1.492296824859037363e+00
-1.456680607604100564e+00
-1.497474928243807124e+00
-1.496510527408947855e+00
-1.494946957332274007e+00
-1.496473075070074765e+00
-1.496579292706585518e+00
-1.497427196238210856e+00
-1.489687145426228820e+00
-1.426000576679665732e+00
-1.497657987057485096e+00
-1.468477212790482156e+00
-1.456729420170813638e+00
-1.479363440972513155e+00
-1.489987055186882126e+00
-1.490742834358628199e+00
-1.496674266101174933e+00
-1.497964401109880273e+00
-1.492050917908924301e+00
-1.481463497808434004e+00
-1.497451351181771972e+00
-1.497606158725211856e+00
-1.497966037391565974e+00
-1.497948531506658965e+00
-1.448152229957549331e+00
-1.497195225728917167e+00
-1.472215950541619911e+00
-1.497495683065108940e+00
-1.496341660021847098e+00
-1.497233362633215048e+00
-1.493515307015427007e+00
-1.497996580468004657e+00
-1.497905033339675507e+00
-1.497359671686571803e+00
-1.467713661805976511e+00
-1.496817985371501569e+00
-1.496340565860725835e+00
-1.420554909099207119e+00
-1.496577350076152113e+00
-1.496639130616448821e+00
-1.478442493486650244e+00
-1.456684374882083910e+00
-1.496210059761738043e+00
-1.441268802858167497e+00
-1.489723482769975238e+00
-1.496229507333080244e+00
-1.446693775388273373e+00
-1.494361105414745428e+00
-1.436571711847276056e+00
-1.470078002912202919e+00
-1.468670041698294071e+00
-1.468242569330308944e+00
-1.485401646935107012e+00
-1.489478717988963696e+00
-1.497509908428657610e+00
-1.464610385047409924e+00
-1.497986823825854907e+00
-1.471131253453581866e+00
-1.491342741415858431e+00
-1.496505444032026899e+00
-1.461355547575836855e+00
-1.494365243092418583e+00
-1.497336634730117133e+00
-1.420352765510904947e+00
-1.497401086627234479e+00
-1.473228867601464653e+00
-1.497543163110890418e+00
-1.436858881847159042e+00
-1.456112690856156799e+00
-1.492570425002833101e+00
-1.477395122921557169e+00
-1.487533487538440502e+00
-1.489823564540434075e+00
-1.421488182235131070e+00
-1.478107551064225644e+00
-1.477596520375473066e+00
-1.493143099954954423e+00
-1.496957804048968388e+00
-1.465345641261689202e+00
-1.481719458709444215e+00
-1.470593068201698106e+00
-1.489205218146067322e+00
-1.464498088643788165e+00
-1.479419139542688555e+00
-1.497308932420405858e+00
-1.494807296916648598e+00
-1.497952555525439156e+00
-1.426948948196431921e+00
-1.497457766368627707e+00
-1.497902933222374999e+00
-1.469489509688813422e+00
-1.497404594099426056e+00
-1.497449051379641904e+00
-1.498021113254241810e+00
-1.447727802800105490e+00
-1.489857391936221021e+00
-1.407188758889965863e+00
-1.497317552083452963e+00
-1.497951434009325622e+00
-1.496026438234505873e+00
-1.471046059376134085e+00
-1.497916587000369670e+00
-1.491605255197586688e+00
-1.488169458980637128e+00
-1.441781565507513463e+00
-1.458925546403432083e+00
-1.491919236163896656e+00
-1.497922951545237247e+00
-1.493817450604256747e+00
-1.497306636293256776e+00
-1.494462869995833776e+00
-1.474597901283704271e+00
-1.493605122947137653e+00
-1.497982421665402519e+00
-1.496580672754488361e+00
-1.447676008186809415e+00
-1.471947493277677932e+00
-1.454619465939853917e+00
-1.455227327126664028e+00
-1.493884779441064348e+00
-1.497485044182658154e+00
-1.439623638477142586e+00
-1.497392142169424067e+00
-1.453281276898805485e+00
-1.471590909506665712e+00
-1.453852373151208743e+00
-1.418626619654048460e+00
-1.494327848246496115e+00
-1.497208158867489036e+00
-1.497911315443604119e+00
-1.476028673251236212e+00
-1.492612436674028542e+00
-1.497568674403357614e+00
-1.496064696241734104e+00
-1.432578262709103267e+00
-1.487508458688584501e+00
-1.497605176784988279e+00
-1.497944100790227662e+00
-1.461358772245227255e+00
-1.490690721835580268e+00
-1.456927070785747347e+00
-1.484185652318706250e+00
-1.494012167925548695e+00
-1.493528202107052394e+00
-1.497438954693755209e+00
-1.484755300073269391e+00
-1.496790958221256851e+00
-1.493511035807867149e+00
-1.447084109439135791e+00
-1.433939838405332345e+00
-1.473336997802442205e+00
-1.497302139764875362e+00
-1.478702368305516268e+00
-1.493427611356995088e+00
-1.492831620604644582e+00
-1.497940832224849750e+00
-1.496281827275976584e+00
-1.480771198529576171e+00
-1.490952580809844719e+00
-1.497949250654085462e+00
-1.476620866027652079e+00
-1.488872698603669775e+00
-1.488464275883377708e+00
-1.476154516091958468e+00
-1.497467650941677109e+00
-1.497567236200534335e+00
-1.468911114383277150e+00
-1.494276234940055570e+00
-1.488135576585902786e+00
-1.490759535922197454e+00
-1.487344455950561750e+00
-1.451195681082232403e+00
-1.497401080510233795e+00
-1.496154501155465555e+00
-1.443863536063984432e+00
-1.464402898532389141e+00
-1.491602319139935906e+00
-1.497894272342340294e+00
-1.497366408267138072e+00
-1.427976474149510233e+00
-1.475495413479395168e+00
-1.490499342535589022e+00
-1.459424982711512886e+00
-1.492553575270389343e+00
-1.497392684409984742e+00
-1.480854407081614976e+00
-1.476494742505153557e+00
-1.483462617441584142e+00
-1.495775509848473073e+00
-1.497456692782477061e+00
-1.445709376687487557e+00
-1.493567274231607733e+00
-1.476223459272490990e+00
-1.442765479166667086e+00
-1.497970300592140092e+00
-1.496452766057421613e+00
-1.478466688080197988e+00
-1.486886625241018001e+00
-1.448403999317924740e+00
-1.497876709560456820e+00
-1.497461046078973013e+00
-1.488414947124068188e+00
-1.497985237285133442e+00
-1.497481794126278354e+00
-1.443500967836776061e+00
-1.494692595760977127e+00
-1.471345487992166134e+00
-1.437340604153470869e+00
-1.459412299627706577e+00
-1.478070667640887903e+00
-1.497909024006459422e+00
-1.475529133212270194e+00
-1.457153833413255661e+00
-1.497071629370388512e+00
-1.469665186600426443e+00
-1.489913812537827953e+00
-1.449217419649295291e+00
-1.492694323272119927e+00
-1.497955660256932164e+00
-1.497606840309656073e+00
-1.469383594884037025e+00
-1.423434463883815226e+00
-1.477394624734951645e+00
-1.497515356038274126e+00
-1.497895161771622519e+00
-1.489929355553304191e+00
-1.497939516472912347e+00
-1.486048858816232610e+00
-1.496952744935044155e+00
-1.493544401542013622e+00
-1.497980659304802842e+00
-1.493352591378377614e+00
-1.497368055041826018e+00
-1.459263261455655103e+00
-1.484307040954008228e+00
-1.446516138687230724e+00
-1.482893372737686732e+00
-1.497964117216112445e+00
-1.497530460505108740e+00
-1.497275307872469874e+00
-1.493348689774501414e+00
-1.410775196195695802e+00
-1.496436271065682888e+00
-1.497371297105203336e+00
-1.490783736128715509e+00
-1.494326044684966881e+00
-1.448275315194478940e+00
-1.475859440834438763e+00
-1.497401086648237900e+00
-1.468754984082949022e+00
-1.485074712298199540e+00
-1.497179179885830047e+00
-1.490967165268101802e+00
-1.493751240287547466e+00
-1.477104993729054794e+00
-1.454190020202472011e+00
-1.496787319172174779e+00
-1.473893354407699530e+00
-1.496461776561177626e+00
-1.497484997228696324e+00
-1.488617321362200929e+00
-1.497930447964217260e+00
-1.475519220961244216e+00
-1.488549262592960165e+00
-1.488894528333100098e+00
-1.494035564213720191e+00
-1.497982158449605361e+00
-1.496741903141728391e+00
-1.453807072028675096e+00
-1.477110875385317934e+00
-1.494554158424372892e+00
-1.468147037830201729e+00
-1.490150616556235041e+00
-1.489270786837319394e+00
-1.477924827530269880e+00
-1.497386988941575625e+00
-1.497942979147125930e+00
-1.497254358760319981e+00
-1.492634089210614246e+00
-1.497935275197338933e+00
-1.497959985046448450e+00
-1.472099800521098789e+00
-1.496412002799230256e+00
-1.464171921693290246e+00
-1.488303316386898612e+00
-1.497977905062016557e+00
-1.496378884081883465e+00
-1.444171853643858361e+00
-1.496747744858018425e+00
-1.408935508544234549e+00
-1.488033812623781760e+00
-1.462457523747986654e+00
-1.464603447419990268e+00
-1.445230043603246584e+00
-1.497962733500248778e+00
-1.497272416558795838e+00
-1.496567929713741751e+00
-1.487691634617175573e+00
-1.478217279955911456e+00
-1.497989659087557435e+00
-1.471450116925946183e+00
-1.468262382953363199e+00
-1.496881904956066212e+00
-1.446789102986568487e+00
-1.497185622441633113e+00
-1.480576144605560973e+00
-1.451433713105678924e+00
-1.497481581730446321e+00
-1.492848235748267305e+00
-1.495876351814293681e+00
-1.479953488281644525e+00
-1.497981223629355041e+00
-1.497201499329844587e+00
-1.490740598323450739e+00
-1.497487617356592082e+00
-1.497321211140521413e+00
-1.497306877156051153e+00
-1.462264317871465380e+00
-1.479087790111349054e+00
-1.496202106925146103e+00
-1.442062319683553806e+00
-1.496915130874330035e+00
-1.466044093802603809e+00
-1.447443748329711344e+00
-1.449328241864117350e+00
-1.491648377574877893e+00
-1.490709848743194454e+00
-1.484521953717053533e+00
-1.449381238139471506e+00
-1.476551198153741362e+00
-1.497914003040462738e+00
-1.497934625227842709e+00
-1.482154431521375271e+00
-1.482318455218373687e+00
-1.494780191181463769e+00
-1.492244676680983595e+00
-1.497970210396230462e+00
-1.497915298192418421e+00
-1.497944717181746155e+00
-1.467847022736646689e+00
-1.435496608365498750e+00
-1.471463773929972962e+00
-1.486000345792267918e+00
-1.497982133150609574e+00
-1.497228568795063497e+00
-1.497367498090257376e+00
-1.491156459075767993e+00
-1.484715161587555121e+00
-1.497385110899083882e+00
-1.475422326109212756e+00
-1.494337097563047001e+00
-1.491089345611765316e+00
-1.430622120149361409e+00
-1.450979859769925717e+00
-1.494509855068024917e+00
-1.496339219805813414e+00
-1.497957615213367788e+00
-1.490239067179046195e+00
-1.472302189904238778e+00
-1.421340000739380605e+00
-1.430496482658478952e+00
-1.497508732888602312e+00
-1.497339921118450157e+00
-1.474690565036120837e+00
-1.490590515817217687e+00
-1.493310829475968715e+00
-1.497722786954337248e+00
-1.437964074876714182e+00
-1.493264644195153368e+00
-1.497182722510958630e+00
-1.459614249534180619e+00
-1.468815015402616941e+00
-1.497359450263756386e+00
-1.494829429332834803e+00
