-7.755019393333510980e-01
-7.669602358763383254e-01
-7.762538600762651786e-01
-7.710846523803935870e-01
-7.761086566423343047e-01
-7.785769911532567367e-01
-7.779366705616281852e-01
-7.782842359555230960e-01
-7.706683705144838914e-01
-7.777003437330292090e-01
-7.785991072704361304e-01
-7.600672595252560004e-01
-7.676740117420719489e-01
-7.655985458803640231e-01
-7.772045988639162406e-01
-7.779972698589132651e-01
-7.783545992386804446e-01
-7.718375295915917977e-01
-7.710445165683792457e-01
-7.775867652197645530e-01
-7.741199940027014836e-01
-7.731547610418216809e-01
-7.781196377289758548e-01
-7.612327612986133918e-01
-7.614098308657573089e-01
-7.766849339057968482e-01
-7.783193444882796630e-01
-7.772830488209889754e-01
-7.784046405975983962e-01
-7.529021646877096519e-01
-7.755127748058454618e-01
-7.785639936154054030e-01
-7.749498059091435298e-01
-7.769926065628693923e-01
-7.768503954683707580e-01
-7.773146588404939994e-01
-7.786331545611189231e-01
-7.772111889024542197e-01
-7.713347117931859120e-01
-7.786510191907451972e-01
-7.782499646817611083e-01
-7.439447917093799933e-01
-7.777082907085584029e-01
-7.710258870900885686e-01
-7.610476385851667747e-01
-7.785634664868281707e-01
-7.741632902578727826e-01
-7.781602280264066085e-01
-7.784804260407851562e-01
-7.646618593533800468e-01
-7.658254705419109687e-01
-7.782598394950197562e-01
-7.317742478152082786e-01
-7.775959052195118293e-01
-7.783718496610687598e-01
-7.786910846879051551e-01
-7.717851899613903388e-01
-7.732582537972645387e-01
-7.756670614288465604e-01
-7.779355399360226020e-01
-7.780876612340377196e-01
-7.783717406963275298e-01
-7.520093709280060157e-01
-7.778321621989177093e-01
-7.786622909878657683e-01
-7.773178085734413489e-01
-7.691759214320497140e-01
-7.765740655412243232e-01
-7.446277175148294791e-01
-7.782288571869300231e-01
-7.535778448035286292e-01
-7.759981533562110290e-01
-7.738298045986609086e-01
-7.756789676894710883e-01
-7.726960823455171212e-01
-7.779588518713878020e-01
-7.561034537901447639e-01
-7.784706415658162459e-01
-7.632887294565604552e-01
-7.694768096369968280e-01
-7.710217333914057836e-01
-7.781214868699477538e-01
-7.786529293333457336e-01
-7.660126235385702476e-01
-7.711488172461555823e-01
-7.691092084677235707e-01
-7.786425860648320540e-01
-7.747781633914725408e-01
-7.762556081687377318e-01
-7.757463109263496026e-01
-7.586729019929931983e-01
-7.783738995020554885e-01
-7.785185404171512946e-01
-7.746770552874819860e-01
-7.771582655658291205e-01
-7.701579710518287047e-01
-7.772939648528860435e-01
-7.692901278895603046e-01
-7.739614670680181607e-01
-7.660075543497966155e-01
-7.738507845022992715e-01
-7.736582123724089488e-01
-7.718149503742621764e-01
-7.780581727673576697e-01
-7.703166835525350198e-01
-7.639103118379877433e-01
-7.762541236405537948e-01
-7.658724161845908984e-01
-7.783314917286203727e-01
-7.735608300243781432e-01
-7.782323570971654281e-01
-7.695779349704550132e-01
-7.568914569963978156e-01
-7.713500148200707063e-01
-7.778141271372602805e-01
-7.783526727979348525e-01
-7.786337524702118262e-01
-7.590760082056091651e-01
-7.617782881533072814e-01
-7.745115094402150735e-01
-7.739836895888017043e-01
-7.684711083819435462e-01
-7.781429631685183868e-01
-7.770059375142024383e-01
-7.666760129903720244e-01
-7.705756091562376842e-01
-7.518191929956243857e-01
-7.786145756070779189e-01
-7.617707360585497245e-01
-7.593431720559762343e-01
-7.662910009783969745e-01
-7.779061436702774390e-01
-7.765029432301686629e-01
-7.765360890005992278e-01
-7.781865909745262488e-01
-7.651867304046915397e-01
-7.599338959952162131e-01
-7.783027734657095298e-01
-7.728366030895428285e-01
-7.784243948807285651e-01
-7.737370858484224900e-01
-7.726674509284363612e-01
-7.724802644041643962e-01
-7.553156815518902167e-01
-7.784817187165187224e-01
-7.616300644402669295e-01
-7.785313898747132644e-01
-7.786154510502980575e-01
-7.572550052826569900e-01
-7.684725053658054694e-01
-7.729111130864636525e-01
-7.786045657520459518e-01
-7.685688437012301311e-01
-7.631207933699057921e-01
-7.785851681654618606e-01
-7.723676835702077970e-01
-7.444535043140219077e-01
-7.667036620949672088e-01
-7.755880820148901567e-01
-7.534701298971937522e-01
-7.738324595664904937e-01
-7.742658465684668645e-01
-7.645675405909584388e-01
-7.751232575209157094e-01
-7.631850946744249686e-01
-7.786144862001107558e-01
-7.786730272745059356e-01
-7.770952005920277461e-01
-7.780133407612608298e-01
-7.464328590830133781e-01
-7.740543883809165582e-01
-7.750104995028392896e-01
-7.786482419868276939e-01
-7.749412768570052013e-01
-7.472795356114672050e-01
-7.786479439636038169e-01
-7.754352347509281262e-01
-7.778492864270971641e-01
-7.704495991164164170e-01
-7.676639418167339191e-01
-7.551610950430200919e-01
-7.742937566762135848e-01
-7.785622548361585959e-01
-7.722795487896816358e-01
-7.779003415306375846e-01
-7.784124106218384131e-01
-7.780037905139194354e-01
-7.681298352361933812e-01
-7.717755961747185811e-01
-7.615753054668472632e-01
-7.582517541994617805e-01
-7.752631784932033643e-01
-7.710893613801614865e-01
-7.743534323343352899e-01
-7.644712786239848956e-01
-7.713956542828397378e-01
-7.756066339605764970e-01
-7.702089039192812070e-01
-7.778996253435777053e-01
-7.786246432041095122e-01
-7.596039209564493522e-01
-7.615651428749130591e-01
-7.744589679458455667e-01
-7.763715280269549712e-01
-7.576027099092768058e-01
-7.701003454675243720e-01
-7.785558193971680030e-01
-7.592820130338238105e-01
-7.633126439576314315e-01
-7.775045368870066032e-01
-7.504087012310789451e-01
-7.740538628821538314e-01
-7.778461469386981353e-01
-7.775425721009538993e-01
-7.633778020789192542e-01
-7.587653376211689338e-01
-7.781946916182802543e-01
-7.615095047329829558e-01
-7.442572262187765464e-01
-7.780964082156585082e-01
-7.739804949195401296e-01
-7.606162695263789519e-01
-7.711648799994306192e-01
-7.704962234528081044e-01
-7.669163193603323325e-01
-7.623706540142463073e-01
-7.786257654478119239e-01
-7.786016218413875922e-01
-7.723608239137844667e-01
-7.572961343501971587e-01
-7.737259265085028037e-01
-7.544756267269419059e-01
-7.785935109530852660e-01
-7.747570787140445336e-01
-7.670661486734913215e-01
-7.780608335559533462e-01
-7.747418073521272763e-01
-7.598010391046570167e-01
-7.763453327168987617e-01
-7.763415254702137336e-01
-7.786362847362922057e-01
-7.784197801773713454e-01
-7.632031763022111281e-01
-7.786127753605411872e-01
-7.572981311057971343e-01
-7.781356988524363860e-01
-7.747466751423941478e-01
-7.625907171567247733e-01
-7.609397839804457053e-01
-7.782505048488543853e-01
-7.779587624644206389e-01
-7.768082587098048553e-01
-7.786146733959482535e-01
-7.777618482758568152e-01
-7.779463972945974692e-01
-7.786023957704470977e-01
-7.779174098794625625e-01
-7.684717519258426055e-01
-7.785599628513024673e-01
-7.739056533717827424e-01
-7.701374218848811015e-01
-7.775095772047804221e-01
-7.765114890461133346e-01
-7.782900082928405627e-01
-7.784866863911317214e-01
-7.743292714984433278e-01
-7.780729835902617797e-01
-7.778976490770743712e-01
-7.592431619813011512e-01
-7.687377178625480756e-01
