-5.322758151048806452e-01
-5.761189130896714472e-01
-5.766225239092496180e-01
-5.714280126446870112e-01
-5.764926975423482203e-01
-5.146006202155736231e-01
-5.422688895666983866e-01
-5.611492028290417933e-01
-4.753204626793053889e-01
-5.574317635798838877e-01
-5.593010863119748377e-01
-5.150690046900895380e-01
-4.977522311562684321e-01
-5.509607778692630076e-01
-5.593010863119748377e-01
-5.693630972707656168e-01
-5.726442044431355738e-01
-5.769327288324025416e-01
-5.679960088634875559e-01
-5.762960804456856989e-01
-5.755515923554089808e-01
-5.750375395471242213e-01
-5.771471416408208155e-01
-5.768818376416352534e-01
-4.991931287402299189e-01
-5.174401501024153971e-01
-5.169719127768662714e-01
-5.680475426668313288e-01
-5.429832698607829355e-01
-5.182676711881545328e-01
-5.766133894974377894e-01
-5.628383481705573343e-01
-4.753204626793053889e-01
-5.770782945508149409e-01
-4.709959892386582636e-01
-5.752560576254514002e-01
-5.768150059336808466e-01
-5.698043504560378336e-01
-5.762515893036511683e-01
-4.499480543488648676e-01
-4.591413928026345515e-01
-5.308151753449824595e-01
-5.382878785783437037e-01
-5.771471416408208155e-01
-4.933947292918351435e-01
-5.507359882647183680e-01
-5.468750866891828322e-01
-5.445720968598511957e-01
-4.840957974845555567e-01
-4.790862915867951655e-01
-5.710927290672448420e-01
-5.771373217755940699e-01
-5.689993468875077509e-01
-3.662994993681100153e-01
-4.427906391972687983e-01
-5.264729210937407755e-01
-5.711553959006455683e-01
-5.443378222005453848e-01
-5.219190219247725748e-01
-5.667053634131339335e-01
-5.096585700118926310e-01
-5.506752585822728419e-01
-5.516221398318198466e-01
-5.710927290672448420e-01
-5.637547509575274729e-01
-5.581912906670954966e-01
-5.560891168022540354e-01
-5.771742878312257075e-01
-4.618228940123704218e-01
-5.497672358358290934e-01
-5.083279726857331537e-01
-5.623982908034709238e-01
-5.768160043114808344e-01
-5.066159969026234888e-01
-4.976803069764760279e-01
-5.772499186748650812e-01
-5.263053389096644663e-01
-5.770081026310113215e-01
-5.089006559753802561e-01
-5.388524519110110544e-01
-5.417477121407178187e-01
-5.739431535655644678e-01
-5.760593270713475489e-01
-5.753063676709321284e-01
-5.112981391901162409e-01
-4.976803069764760279e-01
-5.037738052958634638e-01
-5.591340983117011332e-01
-5.767827560955670618e-01
7.860546877439944513e-02
-5.193190077150252604e-01
-5.687516169453051829e-01
-5.105881212109711909e-01
-5.395353646779444956e-01
-5.671372419053700709e-01
-5.538694454187539362e-01
-5.611511120403197550e-01
-5.761683439666417383e-01
-5.541195595467475199e-01
-5.382878785783437037e-01
-5.770718945020821833e-01
-5.762209189886239313e-01
-5.486903866583493494e-01
-5.748757501894620203e-01
-5.764749763363984369e-01
-5.629109727049258494e-01
7.860546877439944513e-02
-5.681725652718928599e-01
-5.577053023332741999e-01
-5.772484732622292780e-01
-5.623982908034709238e-01
-5.629784619266179346e-01
-5.399380289779988074e-01
-5.693320544267085337e-01
-5.182456658983615183e-01
-5.541195595467475199e-01
-5.766051230782655024e-01
-5.340806563215342306e-01
-5.050637690180924677e-01
-5.681725652718928599e-01
-5.611511120403197550e-01
-5.192764593118813776e-01
-5.687516169453051829e-01
-5.591340983117011332e-01
-5.493412935936835551e-01
-5.764325899833825373e-01
-4.496685905212548517e-01
-5.531012924218562388e-01
-5.402479512447503351e-01
-5.125463014299062037e-01
-5.743678292090085291e-01
-5.092438222670939707e-01
-5.157347885722306513e-01
-4.976803069764760279e-01
-5.769646024161961817e-01
-5.581912906670954966e-01
-4.912584913725045466e-01
-5.195888360792783045e-01
-5.137233907187369608e-01
-5.581912906670954966e-01
-5.501401597464469218e-01
-5.503939730877068781e-01
-5.767704402858403467e-01
-5.285857604647067332e-01
-5.757709635252145075e-01
-5.245610685849574351e-01
-5.165297077799227976e-01
-5.706282896751549982e-01
-5.507359882647183680e-01
-5.767874946648267054e-01
-5.763437492603448176e-01
-5.768915755504754328e-01
-5.397221935743478083e-01
-5.478658346289780878e-01
-5.763539565557626032e-01
-5.766079692000535273e-01
-5.393199683928874277e-01
-5.771723059767869257e-01
-5.591340983117011332e-01
-5.545982314104226374e-01
-4.752137256616738581e-01
-5.402649045752373480e-01
-5.299276044422772669e-01
-5.720576686615136408e-01
-5.749855680221703791e-01
-4.753204626793053889e-01
-5.262220879847195887e-01
-5.767896814102319025e-01
-5.085011632943537974e-01
-5.738569317216065668e-01
-5.440762341784325384e-01
-5.692450167441752695e-01
-5.363951777869847559e-01
-5.770633635872987055e-01
-5.176285100931313776e-01
-5.704709706658509516e-01
-5.743508605116990351e-01
-5.163058755749848627e-01
-5.701420182192710184e-01
-5.329772518778231882e-01
-5.493412935936835551e-01
-5.710275811905053400e-01
-5.352552259171393656e-01
-5.542946537787106775e-01
-5.561000225896027827e-01
-5.627852963114169382e-01
-5.741883186453965449e-01
-5.623785504901793741e-01
-5.400001225823548578e-01
-5.636889362538245463e-01
-5.371621033007291102e-01
-5.140934349799540781e-01
-5.747105670923379206e-01
-5.679960088634875559e-01
-5.766051230782655024e-01
-5.760358987206605219e-01
-5.250695818865683817e-01
-5.400375617498544001e-01
-5.166854603046563410e-01
-5.468750866891828322e-01
-5.300270920449879908e-01
-4.876933699304250025e-01
-5.111668245697406077e-01
-5.175150526518014216e-01
-5.764325899833825373e-01
-5.574317635798838877e-01
-5.179422763938096308e-01
-5.176554290408280634e-01
-4.829868716949609064e-01
-5.595415593886760020e-01
-5.765899238938477778e-01
-5.385898780839529776e-01
-5.768633862787869715e-01
-5.674453010613110804e-01
-5.763444570655015253e-01
-5.747750965708878779e-01
-5.027873707765725397e-01
-5.623982908034709238e-01
-4.984139507466939234e-01
-3.662994993681100153e-01
-4.787225467914727473e-01
-5.530231227928784632e-01
-5.508069047534850382e-01
-5.591340983117011332e-01
-5.023115468973305964e-01
-5.020786976272252344e-01
-5.187940640205529474e-01
-5.670805094594147944e-01
-5.336625446395960592e-01
-5.765559604221967005e-01
-5.400001225823548578e-01
-5.523532075637963557e-01
-5.763986116105702662e-01
-5.203442467207101130e-01
-4.875655254179623865e-01
-5.769594726914551996e-01
-5.381855620833125853e-01
-5.761157056147244715e-01
-5.298609236085799479e-01
-5.769594726914551996e-01
-4.865151723677304529e-01
-5.748757501894620203e-01
-5.490961527282384180e-01
-5.581912906670954966e-01
-5.750810695642617487e-01
-5.689993468875077509e-01
-5.126289209181454920e-01
-5.772542139345792078e-01
-5.264840485358622812e-01
-5.161609245294717097e-01
-4.618228940123704218e-01
-5.707540685141471171e-01
-5.425968636589136862e-01
-5.449815193021682047e-01
-5.579757323319104456e-01
-5.272547216916468882e-01
-5.225016647780326151e-01
-5.587073774838832163e-01
-4.790862915867951655e-01
-5.768087213689473414e-01
-5.647871853614238047e-01
-5.752790575677541041e-01
-5.208108840340760493e-01
-5.183217847550299906e-01
-5.680475426668313288e-01
-5.767972884530213618e-01
-5.769442213529732966e-01
-5.448522480035212778e-01
-5.755729196423676752e-01
-5.662046247923758768e-01
-5.770346788520005488e-01
-4.966118601912644648e-01
-5.384594822132972025e-01
-4.586097491735604548e-01
-5.624100105667498850e-01
-5.710275811905053400e-01
-5.769992103630688929e-01
-5.683807214552548670e-01
-5.399112408811238550e-01
-3.662994993681100153e-01
-5.235500471496966624e-01
-4.963882384652283930e-01
-5.763784279877331995e-01
-5.738756475800660395e-01
-4.924730626696732783e-01
-5.232635853642609858e-01
-5.191607983613398813e-01
-4.958265093917039179e-01
-5.765501564199116968e-01
-5.764926975423482203e-01
-5.753908572549012446e-01
-5.218209685588267588e-01
-5.508069047534850382e-01
-5.747986031526711725e-01
-5.768929166549828791e-01
-4.924730626696732783e-01
-5.037730304354813837e-01
-5.688907025212434077e-01
-5.261188136244204783e-01
-5.377365039492038035e-01
-5.545982314104226374e-01
-4.976459150964406275e-01
-5.767048267478135370e-01
-5.674453010613110804e-01
-5.458442383276310705e-01
-5.027332423085358881e-01
-5.699752034449961924e-01
-5.296593462878850245e-01
-5.503939730877068781e-01
-5.327120279723790430e-01
-5.264064060354617380e-01
-5.762793725186970972e-01
-5.283748289400723719e-01
-5.769240377301362299e-01
-5.768826832825330042e-01
-4.753204626793053889e-01
-5.727171270007279658e-01
-5.238880446011212610e-01
-5.689461646432069086e-01
-4.872057629579690241e-01
