-5.322206475124737768e-01
-5.761056252428855551e-01
-5.766327209187206426e-01
-5.714069337263055770e-01
-5.764827343664035153e-01
-5.145610764705101925e-01
-5.423195113751585472e-01
-5.612478575950685666e-01
-4.752583180414096109e-01
-5.574058038290711226e-01
-5.593365311362656911e-01
-5.150580769385307844e-01
-4.976672200022315140e-01
-5.509805285579918444e-01
-5.593365311362656911e-01
-5.693229595944379051e-01
-5.726354238956200549e-01
-5.769225072044841252e-01
-5.679701004601926950e-01
-5.762913967743846788e-01
-5.755441988047205193e-01
-5.750313202304488946e-01
-5.771400788053646647e-01
-5.768702120775854869e-01
-4.992355677830603855e-01
-5.174444682859744571e-01
-5.168975083281857064e-01
-5.680498143560035462e-01
-5.430450901762349236e-01
-5.181649524641513960e-01
-5.766038023709464388e-01
-5.628446657970070932e-01
-4.752583180414096109e-01
-5.770711920288346120e-01
-4.709042182904603635e-01
-5.752438147144836034e-01
-5.768052686158314790e-01
-5.698127964432094794e-01
-5.762436950507596745e-01
-4.498374807254860164e-01
-4.592460442597053882e-01
-5.307843493543925595e-01
-5.381953570711975887e-01
-5.771400788053646647e-01
-4.932846171022595150e-01
-5.507778029651148044e-01
-5.468530903156185730e-01
-5.445060181234852026e-01
-4.840126665061251776e-01
-4.791662216914286399e-01
-5.711382993364803040e-01
-5.771352666462812309e-01
-5.690189074231049027e-01
-3.663639678819763379e-01
-4.426882279180200941e-01
-5.265493105766545501e-01
-5.710846887836125152e-01
-5.442030694863194684e-01
-5.218249691526830603e-01
-5.667047622595036138e-01
-5.097598862583563317e-01
-5.506922526819948427e-01
-5.515523428567938868e-01
-5.711382993364803040e-01
-5.636809044329890162e-01
-5.581277694790197641e-01
-5.561228669385398504e-01
-5.771648019194720591e-01
-4.618281413966711102e-01
-5.496534230709763102e-01
-5.083005314768090921e-01
-5.623916484955663320e-01
-5.768095270184269152e-01
-5.065845677957998561e-01
-4.975274006907906554e-01
-5.772457866293222439e-01
-5.262910829034362914e-01
-5.770000509220590823e-01
-5.085750186999250522e-01
-5.388813973740755880e-01
-5.413575898762834626e-01
-5.739275076168007805e-01
-5.760480995241937796e-01
-5.752963258542149738e-01
-5.112233001196194726e-01
-4.975274006907906554e-01
-5.036747356915340923e-01
-5.591285173806841424e-01
-5.767740373879756133e-01
7.834419524048653882e-02
-5.193394509079805044e-01
-5.687047063549910408e-01
-5.103204149992566219e-01
-5.394980374417943647e-01
-5.671455219577723472e-01
-5.537606097766510915e-01
-5.611207378793821032e-01
-5.761549625391886309e-01
-5.541065893311722945e-01
-5.381953570711975887e-01
-5.770627077676685479e-01
-5.762118845613627416e-01
-5.486250323596343348e-01
-5.748189772673705233e-01
-5.764638545966087602e-01
-5.629057077258537989e-01
7.834419524048653882e-02
-5.681731139297959698e-01
-5.577143220167691817e-01
-5.772411131810863960e-01
-5.623916484955663320e-01
-5.629497909203995398e-01
-5.398450842935145211e-01
-5.693296115530703805e-01
-5.183629690608229090e-01
-5.541065893311722945e-01
-5.765939289759188791e-01
-5.341283812141869314e-01
-5.049948821851552028e-01
-5.681731139297959698e-01
-5.611207378793821032e-01
-5.192533765912039634e-01
-5.687047063549910408e-01
-5.591285173806841424e-01
-5.493780267206438417e-01
-5.764336142789175943e-01
-4.497551861617383739e-01
-5.530628594741919812e-01
-5.402792638280931037e-01
-5.123546019552207564e-01
-5.743575323637371000e-01
-5.092899083155761897e-01
-5.156871290342784908e-01
-4.975274006907906554e-01
-5.769560032215387269e-01
-5.581277694790197641e-01
-4.914351578046697311e-01
-5.192922191359764517e-01
-5.137503004870020984e-01
-5.581277694790197641e-01
-5.502871087230195579e-01
-5.504034315714115833e-01
-5.767676230291289841e-01
-5.283683064897420900e-01
-5.757729254656699380e-01
-5.244283582495341545e-01
-5.165055390246450218e-01
-5.706354662141684964e-01
-5.507778029651148044e-01
-5.767763383421220524e-01
-5.763465707750125011e-01
-5.768905044902398194e-01
-5.396871972535719486e-01
-5.477504276004703243e-01
-5.763427097660869247e-01
-5.765954644376968252e-01
-5.393092333677828032e-01
-5.771640500661024964e-01
-5.591285173806841424e-01
-5.546092433826479429e-01
-4.750378504578541272e-01
-5.402089310107206499e-01
-5.298114905803166241e-01
-5.720852460603997880e-01
-5.749900209636914505e-01
-4.752583180414096109e-01
-5.260770575186790587e-01
-5.767803451269011283e-01
-5.085789698417493288e-01
-5.739040912216218926e-01
-5.437751579316827399e-01
-5.692081140648406201e-01
-5.363961483551632492e-01
-5.770546352831374959e-01
-5.175853559396228487e-01
-5.704789452201283195e-01
-5.743377879196079894e-01
-5.162957047844946024e-01
-5.701092554816503677e-01
-5.329479725151421432e-01
-5.493780267206438417e-01
-5.710489262453983805e-01
-5.352430946940596179e-01
-5.542645910590433544e-01
-5.558751890918849359e-01
-5.627202567891032015e-01
-5.742319694937939589e-01
-5.623513655330116823e-01
-5.399771820471945816e-01
-5.636960046358600041e-01
-5.372320444744087542e-01
-5.140645706470422516e-01
-5.746993115146616926e-01
-5.679701004601926950e-01
-5.765939289759188791e-01
-5.760421667819670688e-01
-5.250898299821916693e-01
-5.399848413010372994e-01
-5.165593428213345328e-01
-5.468530903156185730e-01
-5.300424089994631993e-01
-4.876801077236241344e-01
-5.110592056296852093e-01
-5.175606471635173511e-01
-5.764336142789175943e-01
-5.574058038290711226e-01
-5.179650923490100034e-01
-5.177319735986055660e-01
-4.830058485433670890e-01
-5.595513453203680987e-01
-5.765846294313980991e-01
-5.385952193523877440e-01
-5.768539753516661595e-01
-5.674122598931112815e-01
-5.763384211405521151e-01
-5.747743658132613565e-01
-5.027411453238574968e-01
-5.623916484955663320e-01
-4.984111216325899374e-01
-3.663639678819763379e-01
-4.785603919029708386e-01
-5.529700728588601288e-01
-5.507569671088952123e-01
-5.591285173806841424e-01
-5.023922378636505037e-01
-5.020950493658553615e-01
-5.189194336229862037e-01
-5.670742237861631230e-01
-5.335966901160582587e-01
-5.765574574562895016e-01
-5.399771820471945816e-01
-5.523598133599565418e-01
-5.763923556001475657e-01
-5.201566893542671766e-01
-4.884481928255273164e-01
-5.769500676883024815e-01
-5.381639711964545381e-01
-5.761161225154197707e-01
-5.295350574017995138e-01
-5.769500676883024815e-01
-4.866944594968694582e-01
-5.748189772673705233e-01
-5.493802106648668637e-01
-5.581277694790197641e-01
-5.750780128208899944e-01
-5.690189074231049027e-01
-5.126889907190700368e-01
-5.772491352726029090e-01
-5.265134753585035687e-01
-5.161780814021309505e-01
-4.618281413966711102e-01
-5.707076771750148048e-01
-5.424591257768122121e-01
-5.449896045393527455e-01
-5.579757158404039519e-01
-5.272912299885524900e-01
-5.223814096698722320e-01
-5.586895718449210735e-01
-4.791662216914286399e-01
-5.767981609705362667e-01
-5.648155299599039170e-01
-5.753141597848430155e-01
-5.208126395633583261e-01
-5.182523818868116638e-01
-5.680498143560035462e-01
-5.767933440174531912e-01
-5.769357963428132230e-01
-5.448955498299938860e-01
-5.755595693943507118e-01
-5.661609363381269189e-01
-5.770279722066258277e-01
-4.965427949331864821e-01
-5.383849979645853878e-01
-4.585082238894946371e-01
-5.625073986664146375e-01
-5.710489262453983805e-01
-5.769944611105590759e-01
-5.683706626347934110e-01
-5.399445287554858197e-01
-3.663639678819763379e-01
-5.235790228670763602e-01
-4.964555947193207697e-01
-5.763666817897765693e-01
-5.738802837928075329e-01
-4.923879361578807345e-01
-5.231826588870249761e-01
-5.190309930181979947e-01
-4.959080430819876595e-01
-5.765460614494400948e-01
-5.764827343664035153e-01
-5.753625294739223017e-01
-5.215460966560870881e-01
-5.507569671088952123e-01
-5.747981643660966533e-01
-5.768887673666481808e-01
-4.923879361578807345e-01
-5.037764901636538895e-01
-5.688693986074495612e-01
-5.261113556850860462e-01
-5.376462003781196097e-01
-5.546092433826479429e-01
-4.974536857471170137e-01
-5.766945495499605778e-01
-5.674122598931112815e-01
-5.458041157128452614e-01
-5.025556852351533710e-01
-5.699763106766163601e-01
-5.296912824160338040e-01
-5.504034315714115833e-01
-5.326338296539603334e-01
-5.262928722140193250e-01
-5.762769907010062420e-01
-5.284299404211741935e-01
-5.769153234272677011e-01
-5.768840004594940618e-01
-4.752583180414096109e-01
-5.727753387330314361e-01
-5.239139202095512982e-01
-5.689953839040314820e-01
-4.873476108632102122e-01
