-7.870130407758524349e-01
-7.908263764478733471e-01
-7.863918001898100307e-01
-7.903942590713968208e-01
-7.818079217471649578e-01
-7.824471657298972538e-01
-7.780283735268285206e-01
-7.786444555171301296e-01
-7.903819032147993973e-01
-7.593159320898821285e-01
-7.808716687508394649e-01
-7.620125505276491573e-01
-7.784010729887058666e-01
-7.855040681682994297e-01
-7.803177031822969845e-01
-7.906940327160527637e-01
-7.906277733058204582e-01
-7.906797331892421177e-01
-7.783763873525431087e-01
-7.791124236904551914e-01
-7.889092731424143246e-01
-7.668085227855017116e-01
-7.802790197678377559e-01
-7.896916567482521465e-01
-7.902052308567335537e-01
-7.885228087328841617e-01
-7.798026445456316402e-01
-7.906828140043189457e-01
-7.908676191367676189e-01
-7.910041757062544754e-01
-7.813963945158293178e-01
-7.848550406419207981e-01
-7.908521368302872112e-01
-7.902335011534860065e-01
-7.573740276642610958e-01
-7.778305811010768345e-01
-7.798474746890833309e-01
-7.674896846659948757e-01
-7.845550653659274509e-01
-7.826353012718727520e-01
-7.907098596118857792e-01
-7.821376443975140980e-01
-7.903112894058694771e-01
-7.655410002120306423e-01
-7.896813209303190639e-01
-7.835926748015453747e-01
-7.910332725517918995e-01
-7.898244195752313068e-01
-7.910137725197246006e-01
-7.772803454794456890e-01
-7.910356925935020378e-01
-7.617633211561014583e-01
-7.905838134833147457e-01
-7.907071680896451404e-01
-7.798162399925758770e-01
-7.882428894885351589e-01
-7.807401036046912601e-01
-7.734859529085924557e-01
-7.706186509825756481e-01
-7.819796185143759182e-01
-7.853429619357457092e-01
-7.846371931158473423e-01
-7.713371840440204075e-01
-7.910184756987264088e-01
-7.766969175212552479e-01
-7.714790449612309864e-01
-7.863264632545878818e-01
-7.566619868524839809e-01
-7.847363892145922115e-01
-7.686118892528583935e-01
-7.771506578796079090e-01
-7.809382601775696209e-01
-7.760910782166292599e-01
-7.835279255308678081e-01
-7.902186521463563373e-01
-7.910419440962841442e-01
-7.910645649902989796e-01
-7.903934655845632484e-01
-7.890784674458672932e-01
-7.910196044616868427e-01
-7.900052609988024166e-01
-7.615686784632971218e-01
-7.906549572147896221e-01
-7.911245924555232456e-01
-7.823591082491447857e-01
-7.887406562589576176e-01
-7.896054861270358494e-01
-7.759902681358625820e-01
-7.822157278791537216e-01
-7.905946363829543522e-01
-7.825526165910532406e-01
-7.861712606758346489e-01
-7.783299432270696094e-01
-7.711440053903033665e-01
-7.906743771531155041e-01
-7.744713154755999973e-01
-7.801682165958454540e-01
-7.885035154544284275e-01
-7.902042501740624836e-01
-7.907814475842287472e-01
-7.858451743744780948e-01
-7.804677588068416050e-01
-7.911608497746756008e-01
-7.819794154860546520e-01
-7.904548308946659496e-01
-7.864818078600337437e-01
-7.862852568872740200e-01
-7.722858394630720547e-01
-7.910662283324172428e-01
-7.757196099631955555e-01
-7.885358258285095623e-01
-7.894931541890373161e-01
-7.902505117603113582e-01
-7.849555862270762852e-01
-7.787123554520776203e-01
-7.696103434212973049e-01
-7.722780116968324116e-01
-7.909769126348664692e-01
-7.887388792954852512e-01
-7.731643178634812763e-01
-7.864832150884439876e-01
-7.903950390540530613e-01
-7.910719694704284599e-01
-7.909578987531831196e-01
-7.856007264130284717e-01
-7.814631042205264500e-01
-7.907636569947471550e-01
-7.905601662718226841e-01
-7.858031037398149898e-01
-7.891548368283083370e-01
-7.791441715457012585e-01
-7.751009398274590900e-01
-7.910939407669475010e-01
-7.857020766608884266e-01
-7.836181045644452503e-01
-7.903368127666881016e-01
-7.896404042043259075e-01
-7.901102732070257595e-01
-7.907327002980282238e-01
-7.910763117619326046e-01
-7.811317536183168819e-01
-7.840597209655215671e-01
-7.905062808789780071e-01
-7.906140069611837795e-01
-7.827578046493699482e-01
-7.865735123999884060e-01
-7.905002123810818127e-01
-7.907483530365397861e-01
-7.903638602369000843e-01
-7.740928427450826099e-01
-7.908706226520707538e-01
-7.911445562862327030e-01
-7.834516222723295620e-01
-7.702459021606018474e-01
-7.776464502461721828e-01
-7.657072580554058483e-01
-7.906535676815082958e-01
-7.905233394489159515e-01
-7.709374147601892879e-01
-7.910404707439711025e-01
-7.908546337061097553e-01
-7.910304245673587253e-01
-7.731298607908656528e-01
-7.879787719943096569e-01
-7.910304753244390419e-01
-7.849162602000405720e-01
-7.910472638108303478e-01
-7.859063785657753876e-01
-7.759278946690728596e-01
-7.863025748305489948e-01
-7.909981607594063213e-01
-7.864349427767565182e-01
-7.771936384164264133e-01
-7.910188025929500988e-01
-7.907136081852486065e-01
-7.893859873660376003e-01
-7.850394518249204090e-01
-7.595518211968710354e-01
-7.744005628996064594e-01
-7.894431444950869015e-01
-7.746270475112368992e-01
-7.882934994198849132e-01
-7.721240407921841076e-01
-7.897860984452536037e-01
-7.747532407887747219e-01
-7.907652961224784782e-01
-7.842860696040561130e-01
-7.897850358061959675e-01
-7.816281513445546558e-01
-7.846288596414496830e-01
-7.819577799313237598e-01
-7.872551138647367885e-01
-7.853253501601984432e-01
-7.907901070215275219e-01
-7.893272902951111725e-01
-7.887743459217717579e-01
-7.776850582235028675e-01
-7.717479587667157581e-01
-7.803826927341988018e-01
-7.910467888363172939e-01
-7.765489359520842960e-01
-7.906515499711503914e-01
-7.902451017074754169e-01
-7.907967608556618622e-01
-7.910884897359182766e-01
-7.700753835164477756e-01
-7.898053889297416141e-01
-7.880826656841208866e-01
-7.866843165033032825e-01
-7.910154647328426769e-01
-7.871207342617680958e-01
-7.904354919814040592e-01
-7.810202202894260815e-01
-7.629418223299553325e-01
-7.887464835443069866e-01
-7.901045669936110905e-01
-7.831626515038778713e-01
-7.856666072406341961e-01
-7.836572834425141743e-01
-7.907472601294984749e-01
-7.832373556815555027e-01
-7.910904771782925060e-01
-7.849875976466109684e-01
-7.870742049202790191e-01
-7.853545201145579746e-01
-7.899350793235471180e-01
-7.894983337395360401e-01
-7.747996187903454235e-01
-7.841936675034930637e-01
-7.852426091343631676e-01
-7.866670563020279339e-01
-7.909984848596622875e-01
-7.807347280107905796e-01
-7.749068112247159412e-01
-7.906716781802942684e-01
-7.860794271477034023e-01
-7.898245322652628353e-01
-7.897040004976561001e-01
-7.782076838560869625e-01
-7.884109475784470966e-01
-7.884693340532948902e-01
-7.904303953186144760e-01
-7.663640434988310268e-01
-7.842050864495804241e-01
-7.908962824516465595e-01
-7.763124414854218891e-01
-7.669684755750467708e-01
-7.908384547703435352e-01
-7.777123953350355556e-01
-7.910376353323926857e-01
-7.671843617357780865e-01
-7.853528455965688160e-01
-7.910673943482806614e-01
-7.910465159588029316e-01
-7.909887716308703354e-01
-7.787753566302826336e-01
-7.906610089488794735e-01
-7.857157726906707218e-01
-7.789758079819848469e-01
-7.909386436589529445e-01
-7.901244199969341686e-01
-7.900485833310058048e-01
-7.908731921710541179e-01
-7.725677042402794292e-01
-7.868791985460092953e-01
-7.909245257400443485e-01
-7.904857489414980343e-01
-7.910978206567933491e-01
-7.902649295650889805e-01
-7.906241527893116405e-01
