-5.679180020858891620e-01
-5.758785600235112323e-01
-5.650199031849749698e-01
-5.399452321623809947e-01
-5.767046245207436694e-01
-5.648465188612588062e-01
-5.146331074108727588e-01
-5.334093067256160392e-01
-5.768912913670189990e-01
-5.748167070021279468e-01
-5.405466383715518131e-01
-5.766964586844094409e-01
-5.086175905933030261e-01
-5.327067332734711780e-01
-4.846312808265336169e-01
-5.178169230391629352e-01
-5.133553775419839038e-01
-4.976302938928254260e-01
-5.771891767551549091e-01
-5.538755435889013423e-01
-5.763345877101071491e-01
-4.986122282614358081e-01
-5.120664867033608569e-01
-5.573482396473534717e-01
-5.619279290010579242e-01
-5.096433492769845142e-01
-5.594243010898478641e-01
-5.183336506058819904e-01
-5.430267112722046985e-01
-5.727442758550294055e-01
-5.235042417814381732e-01
-5.382814034280725135e-01
-5.304088820164449825e-01
-5.769179085662015094e-01
-5.172967458536275043e-01
-4.826574581136353626e-01
-5.687356958558209552e-01
-5.711216399838574542e-01
-5.264376080056079044e-01
-5.768839264680989398e-01
-5.498354951312192096e-01
-5.071799377371914996e-01
-5.159076372553952350e-01
-5.396240301822670116e-01
-5.524854263683207645e-01
-5.681911440958626880e-01
-5.171542460491307391e-01
-5.771868149211056842e-01
-5.051350923647530688e-01
-5.002413535883076801e-01
-5.530651178603418483e-01
-4.755514519681580676e-01
-5.571672203411706104e-01
-5.629917266239770068e-01
-5.205403561164982928e-01
-5.763889359702714099e-01
-5.755420247485287799e-01
-4.838939490189202441e-01
-5.763703728487141742e-01
-5.189680340160973682e-01
-5.771871501972325458e-01
-5.769364977647908344e-01
-5.392000455801733150e-01
-5.635436954369195117e-01
-5.407143956442721500e-01
-5.171535270681031360e-01
-5.022074239720948352e-01
-5.315976510216839923e-01
-4.956828015317567004e-01
-5.256476927941091670e-01
-5.227470243742116107e-01
-4.820309648682721271e-01
-5.295937708040125980e-01
-4.755514519681580676e-01
-5.706155406703599109e-01
-5.132000627388604297e-01
-5.493974605967648639e-01
-5.312595278417118205e-01
-5.061555015315659656e-01
-5.764545606841691150e-01
-5.763092743625291003e-01
-5.349762946759708537e-01
-5.767381968369134082e-01
-5.476647284274347438e-01
-5.668704653551228656e-01
-5.342451822405107631e-01
-5.491549516489155902e-01
-5.762259843220360889e-01
-5.155974360575326099e-01
-5.757587472369321002e-01
-4.910284312834389819e-01
-5.648465114106782092e-01
-5.702987792362816943e-01
-5.275802746807582988e-01
-5.414742896725781574e-01
-5.506481253003128185e-01
-5.407152906452663554e-01
-5.744750047495015277e-01
-5.767885217835553302e-01
-5.191202344765313281e-01
-5.215154545774109973e-01
-5.580721659978278293e-01
-4.705427768101342334e-01
-5.335824177061565532e-01
-5.612406613697655811e-01
-4.733130516876824512e-01
-5.674622798730977191e-01
-5.763795854916222705e-01
-5.760068813731320514e-01
-5.479790656288512363e-01
-5.750668639709599628e-01
-5.752276661266930713e-01
-4.786400417258389606e-01
-5.758934351076729907e-01
-5.367709737663515224e-01
-5.473911398482866897e-01
-5.771868149211056842e-01
-4.835959555973656787e-01
-5.619279290010579242e-01
-5.408910414596446170e-01
-5.673229391147740497e-01
-5.189654393514044894e-01
-5.768049316873200549e-01
-5.772510128488190784e-01
-5.724818515052445544e-01
-5.392000455801733150e-01
-5.481963757817991389e-01
-5.342281204109438075e-01
-5.705149317552693500e-01
-5.447711641361363544e-01
7.789339549640339477e-02
-5.181907223930009021e-01
-5.764906587471612109e-01
-5.580709292014487399e-01
-5.768722216059811725e-01
-5.560097502936967029e-01
-5.238020079602845325e-01
-4.927664319445737018e-01
-5.768703105320580615e-01
-5.487537593041904582e-01
-5.714844422807343616e-01
-4.955472270419247760e-01
-5.711216399838574542e-01
-5.473904893194683208e-01
-5.768305207063801898e-01
-5.756365018357880725e-01
-5.464581627791174068e-01
-5.449418206160314693e-01
-5.382814034280725135e-01
-5.484998174404152049e-01
-5.544459153359182491e-01
-5.768440025319703235e-01
-5.229341978599675311e-01
-5.766792813708432330e-01
-5.203901673128255023e-01
-4.977619009484894885e-01
-5.366719387864120616e-01
-5.077817695607789172e-01
-5.390784334783800258e-01
-4.921627523769982471e-01
-4.948184596767075671e-01
-5.479790656288512363e-01
-5.722791994382985248e-01
-5.375187792276390208e-01
-5.394768001904137744e-01
-5.701765673627503528e-01
-5.758785600235112323e-01
-5.219591813554413928e-01
-5.756365018357880725e-01
-4.428501310219414844e-01
-5.768839264680989398e-01
-4.955472270419247760e-01
-4.977038497497685565e-01
-5.756621765365250720e-01
-4.611756163110383167e-01
-5.396846760456808223e-01
-5.560097502936967029e-01
-5.571672203411706104e-01
-5.055751460065491809e-01
-5.471205929686673297e-01
-5.432622148116477145e-01
-5.439822463711150302e-01
-5.524854263683207645e-01
-5.345748238657959117e-01
-5.716735603680260791e-01
-5.674622798730977191e-01
-5.538755435889013423e-01
-5.255411569421537532e-01
-5.660946457107909335e-01
-5.386988841389663829e-01
-5.358513802682407512e-01
-5.706549281646855487e-01
-5.762154976298459186e-01
-5.143038886060364856e-01
-5.702987792362816943e-01
-5.276905991529472484e-01
-5.594243010898478641e-01
-5.099563779701836719e-01
-5.424450728503413810e-01
-5.706549281646855487e-01
-5.285950037111886157e-01
-5.474091995899923457e-01
-5.772778982689030780e-01
-5.358906820808895244e-01
-5.763506809641965045e-01
-5.351092372482069148e-01
-5.133553812672742023e-01
-5.447711641361363544e-01
-5.306630967577345981e-01
-5.771611998250134601e-01
-5.053613888492234363e-01
-5.758785600235112323e-01
-5.045031676461346759e-01
-5.498354951312192096e-01
-5.739103960265763416e-01
-5.351954413970358981e-01
-4.958502607812531604e-01
-5.661469282974846973e-01
-5.708988862504609241e-01
-4.987836363186486377e-01
-5.748812811841614856e-01
-5.208974847962506427e-01
-4.977038497497685565e-01
-5.088729406168110980e-01
-5.392000455801733150e-01
-5.771611998250134601e-01
-5.761232370903142108e-01
-5.629499623944409503e-01
-5.011060493459351672e-01
-5.769374998678811206e-01
-5.107280308773167743e-01
-5.278853852694280757e-01
-5.477211423610695018e-01
-5.320361093079097881e-01
-5.497131817435272350e-01
-5.768234650065549030e-01
-4.743771138062127246e-01
-5.707867065837033405e-01
-5.772504764070160999e-01
-5.429538976793535365e-01
-5.350098967944629802e-01
-5.493702045102961673e-01
-5.306573905443199290e-01
-5.402361493950136317e-01
-5.762213835885174884e-01
-5.501566822101719989e-01
-5.664492095281727924e-01
-5.116457673182137622e-01
-5.153822148611195697e-01
-5.287212212031133785e-01
-5.382814034280725135e-01
-4.618876981010087146e-01
-5.371979460512645854e-01
-5.688712256421692981e-01
-4.857374797036297931e-01
-5.147721426953919543e-01
-4.705427768101342334e-01
-5.399685315248914375e-01
-4.931296440233834399e-01
-5.753108928372510089e-01
-5.169231290390141620e-01
-5.204316372444279803e-01
-5.372659083848245754e-01
-5.429538976793535365e-01
-4.861708464493401660e-01
-5.618812138607152118e-01
-5.162977254410632266e-01
-5.707867065837033405e-01
-4.914890820552952899e-01
-5.267414585148342265e-01
-5.142223438640483035e-01
-5.530580938254840984e-01
-5.392000455801733150e-01
-5.146589627881892337e-01
-4.733130665888436450e-01
-5.153120639195092334e-01
-5.152675541510232105e-01
-5.336057771389730586e-01
-5.765226478149541034e-01
-5.192500273158200397e-01
-5.276294690017946376e-01
-5.335800316577203883e-01
-4.402796285619385852e-01
-4.784926804175027026e-01
-5.572086194922574176e-01
-5.580590585639126910e-01
-5.469007971157677783e-01
-5.194464153071292056e-01
-5.762154976298459186e-01
-5.710715832581170215e-01
-5.767155060937054767e-01
-5.739398928751595630e-01
-5.399452321623809947e-01
-5.540380984937198772e-01
-5.701765673627503528e-01
-5.750762107243188037e-01
-5.586429102738745822e-01
-5.621292734911091937e-01
-5.768909970690854205e-01
-4.984883176555283679e-01
-5.332067175229437961e-01
-5.211809235086091174e-01
-5.223079914619572772e-01
-3.730760323276169910e-01
-5.388402998839862956e-01
-4.611756163110383167e-01
-5.591264771690018787e-01
-5.215851957370885028e-01
-5.745414005984910144e-01
-5.066127101351864948e-01
-5.772729846109994067e-01
-5.085785793532975330e-01
-5.717821637560971393e-01
-5.271082859878786220e-01
-5.771077381839402332e-01
-5.752821149696953906e-01
-5.239914874007352008e-01
-5.768227683772690906e-01
-4.838939490189202441e-01
-4.982396806051381244e-01
