-5.678921853588838609e-01
-5.758587971055239008e-01
-5.649261484708708592e-01
-5.399771820471945816e-01
-5.766820002000518919e-01
-5.647726375364249263e-01
-5.145610764705101925e-01
-5.334638433619774966e-01
-5.768661504078580471e-01
-5.748189772673705233e-01
-5.405786030102008866e-01
-5.766747194199034476e-01
-5.085789698417493288e-01
-5.324244318695068312e-01
-4.846576367140351671e-01
-5.177546489073455716e-01
-5.134007670612606988e-01
-4.975274006907906554e-01
-5.771648019194720591e-01
-5.537606097766510915e-01
-5.763044144479199105e-01
-4.984111216325899374e-01
-5.120511586504238322e-01
-5.572613411753500889e-01
-5.618966388339599050e-01
-5.095680296967431966e-01
-5.593365311362656911e-01
-5.183119111979247462e-01
-5.430617767167827958e-01
-5.726913623066026693e-01
-5.232317881744971144e-01
-5.381953570711975887e-01
-5.304086342817447841e-01
-5.768954451772488889e-01
-5.172503829461785330e-01
-4.827153688771361195e-01
-5.687047063549910408e-01
-5.710489262453983805e-01
-5.263823981479502923e-01
-5.768430334234373458e-01
-5.498839582084457112e-01
-5.071818279641266969e-01
-5.159928031982372598e-01
-5.395348937501326381e-01
-5.523598133599565418e-01
-5.681731139297959698e-01
-5.171770895601789375e-01
-5.771629281379881959e-01
-5.050888431784932298e-01
-5.002079108165867760e-01
-5.529187327711725386e-01
-4.752583180414096109e-01
-5.570779956578519876e-01
-5.630158244822421887e-01
-5.204666344508060982e-01
-5.763723605552437679e-01
-5.755044005347512703e-01
-4.840126665061251776e-01
-5.763427097660869247e-01
-5.189741143169838145e-01
-5.771640500661024964e-01
-5.769161836735601234e-01
-5.393092333677828032e-01
-5.634773944178201877e-01
-5.406525285257164359e-01
-5.169662753768262675e-01
-5.022374997562100152e-01
-5.316062450309322340e-01
-4.957295740696460729e-01
-5.257099928650948995e-01
-5.227503394999335473e-01
-4.819757577823634564e-01
-5.297304736735273245e-01
-4.752583180414096109e-01
-5.705923144098873356e-01
-5.131508173404489836e-01
-5.494407196301903662e-01
-5.312700904664642287e-01
-5.061041448963975453e-01
-5.764241547225751328e-01
-5.762757651079734034e-01
-5.349505775494809434e-01
-5.767165466762184112e-01
-5.476063450644107489e-01
-5.667879835615109441e-01
-5.341283812141869314e-01
-5.491788940848884026e-01
-5.762118845613627416e-01
-5.156981616293927484e-01
-5.757486738521652159e-01
-4.910263964706493289e-01
-5.647726375364249263e-01
-5.702693506077648467e-01
-5.275896811433630207e-01
-5.414479209055882425e-01
-5.506922526819948427e-01
-5.406696438729464704e-01
-5.744611744093053307e-01
-5.767649541752924991e-01
-5.190418401304867091e-01
-5.214196786538224382e-01
-5.579148920883604257e-01
-4.709042182904603635e-01
-5.335347060889629178e-01
-5.611207378793821032e-01
-4.729396775863672353e-01
-5.674702346374456141e-01
-5.763641127758680760e-01
-5.760066250605897498e-01
-5.478883239875123046e-01
-5.750273112157043842e-01
-5.752189054515168820e-01
-4.785681658337144762e-01
-5.758878392921820133e-01
-5.366260162271475620e-01
-5.474035929326133143e-01
-5.771629281379881959e-01
-4.835938022462082930e-01
-5.618966388339599050e-01
-5.408947278687793458e-01
-5.672213541107531398e-01
-5.189545640856854103e-01
-5.767803451269011283e-01
-5.772248297361671776e-01
-5.724811589527584177e-01
-5.393092333677828032e-01
-5.480932522396106954e-01
-5.342807842025104614e-01
-5.704789452201283195e-01
-5.448298471229011675e-01
7.834419524048653882e-02
-5.181475546411684618e-01
-5.764672201759177828e-01
-5.581277694790197641e-01
-5.768383079602750207e-01
-5.559628610852839214e-01
-5.234945070660445010e-01
-4.923879361578807345e-01
-5.768480182284072555e-01
-5.485772372870830749e-01
-5.714069337263055770e-01
-4.955947775811030964e-01
-5.710489262453983805e-01
-5.473097652621099485e-01
-5.768095270184269152e-01
-5.755954057034964322e-01
-5.463625725363856489e-01
-5.448861289195849889e-01
-5.381953570711975887e-01
-5.484773700874827629e-01
-5.546092433826479429e-01
-5.768257727883542296e-01
-5.228493813912249433e-01
-5.766618557182403570e-01
-5.204241269130674974e-01
-4.976798726560464070e-01
-5.364898329387318698e-01
-5.077369344243627403e-01
-5.390424379604399352e-01
-4.922096965853450246e-01
-4.947673642789744974e-01
-5.478883239875123046e-01
-5.721903483498093079e-01
-5.371393911219988215e-01
-5.393933305350498975e-01
-5.701092554816503677e-01
-5.758587971055239008e-01
-5.219958965671304130e-01
-5.755954057034964322e-01
-4.426882279180200941e-01
-5.768430334234373458e-01
-4.955947775811030964e-01
-4.976672200022315140e-01
-5.756504830761880465e-01
-4.611491320771595182e-01
-5.396956510887540581e-01
-5.559628610852839214e-01
-5.570779956578519876e-01
-5.055362249364623306e-01
-5.470640062229158440e-01
-5.432236597175029713e-01
-5.437751579316827399e-01
-5.523598133599565418e-01
-5.345475120938527613e-01
-5.716071543551364265e-01
-5.674702346374456141e-01
-5.537606097766510915e-01
-5.254891790718028144e-01
-5.661025781241342258e-01
-5.386758205405109967e-01
-5.358735833706619323e-01
-5.706354662141684964e-01
-5.761977159167852580e-01
-5.142370485842603367e-01
-5.702693506077648467e-01
-5.275927769019022051e-01
-5.593365311362656911e-01
-5.099842740887943204e-01
-5.423195113751585472e-01
-5.706354662141684964e-01
-5.285393533071052197e-01
-5.473787605695785707e-01
-5.772517925054938548e-01
-5.358679142452623667e-01
-5.763235768454668673e-01
-5.352069735371437487e-01
-5.134007670612606988e-01
-5.448298471229011675e-01
-5.306471194688038295e-01
-5.771400788053646647e-01
-5.052556743102600834e-01
-5.758587971055239008e-01
-5.044469601790833035e-01
-5.498839582084457112e-01
-5.738684001273423041e-01
-5.352791175750931663e-01
-4.959080430819876595e-01
-5.661609363381269189e-01
-5.709055429628068223e-01
-4.987240763207315131e-01
-5.748654415429930165e-01
-5.207888676224872171e-01
-4.976672200022315140e-01
-5.084380801371352065e-01
-5.393092333677828032e-01
-5.771400788053646647e-01
-5.761097681065502352e-01
-5.629489120801282054e-01
-5.011590037051794067e-01
-5.769153234272677011e-01
-5.108423960841954603e-01
-5.269888899588877074e-01
-5.477504276004703243e-01
-5.319474588203395582e-01
-5.497323398895119784e-01
-5.768052686158314790e-01
-4.744286434511225115e-01
-5.707253245408605569e-01
-5.772263266419945804e-01
-5.429771078199489009e-01
-5.349654850314893295e-01
-5.493780267206438417e-01
-5.307799482928932111e-01
-5.401866415126195253e-01
-5.762081723933423216e-01
-5.500157176724330688e-01
-5.663966401884322766e-01
-5.117187990998957048e-01
-5.149079346763553167e-01
-5.287193006012821384e-01
-5.381953570711975887e-01
-4.618281413966711102e-01
-5.369926558120697857e-01
-5.688789876766996434e-01
-4.856583737166648151e-01
-5.148584977781274219e-01
-4.709042182904603635e-01
-5.399580413345986818e-01
-4.930926023748134490e-01
-5.752963258542149738e-01
-5.168208665618628794e-01
-5.204001150093746642e-01
-5.371269109830464350e-01
-5.429771078199489009e-01
-4.861066931999219465e-01
-5.618538871443271576e-01
-5.160302590921235222e-01
-5.707253245408605569e-01
-4.914125215448827966e-01
-5.265972517340599124e-01
-5.142141855596598088e-01
-5.530628594741919812e-01
-5.393092333677828032e-01
-5.147087000706938031e-01
-4.729396775863672353e-01
-5.154287924641640650e-01
-5.152309811463637867e-01
-5.345360514700715493e-01
-5.764966438582344033e-01
-5.199695504858957706e-01
-5.276437387668592160e-01
-5.335895057308450706e-01
-4.402331861648216549e-01
-4.787757549546333147e-01
-5.572191568782485227e-01
-5.579757158404039519e-01
-5.469414911815209113e-01
-5.195156259851954061e-01
-5.761977159167852580e-01
-5.710403279693293532e-01
-5.766818287261620268e-01
-5.739275076168007805e-01
-5.399771820471945816e-01
-5.541065893311722945e-01
-5.701092554816503677e-01
-5.750586875064273018e-01
-5.585797053833195802e-01
-5.620369920999881419e-01
-5.768770631390567338e-01
-4.980673498872429383e-01
-5.332173593453585214e-01
-5.211828090264815083e-01
-5.222795867127996150e-01
-3.731336981418776899e-01
-5.388030878421145031e-01
-4.611491320771595182e-01
-5.590240564657400490e-01
-5.214885519183984908e-01
-5.745369688273243014e-01
-5.066804322026173812e-01
-5.772488962878283836e-01
-5.086094719011753362e-01
-5.717445417296104226e-01
-5.270162645338394292e-01
-5.770818615372441673e-01
-5.752602548062103471e-01
-5.239767073160135347e-01
-5.768043168115768449e-01
-4.840126665061251776e-01
-4.981652360104799060e-01
