-1.066889492734742984e+00
-1.074027293790399407e+00
-1.073057454036905778e+00
-1.073791067771496577e+00
-1.076469916045639019e+00
-1.074114407706276086e+00
-1.075931139328226482e+00
-1.073233317400381637e+00
-1.044716524213018971e+00
-1.058454277212182326e+00
-1.052541369676770255e+00
-1.075345033999899336e+00
-1.072890626614168896e+00
-1.076018839170643560e+00
-1.071573027986533200e+00
-1.060875611466563839e+00
-1.075565037017857106e+00
-1.071263147240927305e+00
-1.072717848396204987e+00
-1.072240832749097095e+00
-1.075599422657177451e+00
-1.071568526091142504e+00
-1.059856049496068264e+00
-1.076460732042010093e+00
-1.072270981779826826e+00
-1.073796289912300361e+00
-1.076057488124537054e+00
-1.062261180979493069e+00
-1.076508201204815274e+00
-1.053154786527105813e+00
-1.074378193743989574e+00
-1.063426848686392479e+00
-1.054275850985890495e+00
-1.068613773044077231e+00
-1.075397396258764848e+00
-1.053427793537388801e+00
-1.064816122936321552e+00
-1.076481929536963200e+00
-1.064842690992939156e+00
-1.072044237081315243e+00
-1.074050637218610715e+00
-1.054086771697042568e+00
-1.076503308118759383e+00
-1.073177905704954416e+00
-1.060393976133170879e+00
-1.076205562618378631e+00
-1.076509075520126757e+00
-1.068832647728923169e+00
-1.076489198826110050e+00
-1.068031833257391261e+00
-1.073846909572562458e+00
-1.076511914260842806e+00
-1.064748873840449361e+00
-1.076516148616417867e+00
-1.075620781014982486e+00
-1.076134575123514736e+00
-1.075471866857834025e+00
-1.066716045308302219e+00
-1.073672303395097671e+00
-1.058811145488995020e+00
-1.055124247030129636e+00
-1.076511420678238240e+00
-1.076494942956482515e+00
-1.075949923737123726e+00
-1.076536039768404285e+00
-1.065150403029312409e+00
-1.076492623712355545e+00
-1.076513013644960770e+00
-1.038270770124403386e+00
-1.072989032960964817e+00
-1.075710361193890741e+00
-1.076168506495210009e+00
-1.072547061888663666e+00
-1.069714226447460614e+00
-1.058359876008159173e+00
-1.076167027122379993e+00
-1.060134119014279452e+00
-1.074027694005063704e+00
-1.072789026523932598e+00
-1.075270322992043948e+00
-1.075259358137859556e+00
-1.047634767893483199e+00
-1.073127114057847775e+00
-1.065671086031280579e+00
-1.058829267941407748e+00
-1.061493995131908230e+00
-1.076500056669376093e+00
-1.068979535242724710e+00
-1.049868293434996325e+00
-1.074635006235325374e+00
-1.075628130274086880e+00
-1.076504040173184240e+00
-1.073829248697775407e+00
-1.067678927450405935e+00
-1.066133789317904590e+00
-1.075023008452077766e+00
-1.070889142025895691e+00
-1.069311281608723574e+00
-1.075740007079056149e+00
-1.075291176287242134e+00
-1.061144865681872940e+00
-1.075447128151759912e+00
-1.075090163264035281e+00
-1.076479054437264438e+00
-1.076491987081867441e+00
-1.075639442777964305e+00
-1.061275579907670297e+00
-1.076513479438574228e+00
-1.057223338205826035e+00
-1.073209644790434680e+00
-1.071678027544022749e+00
-1.076059877142625520e+00
-1.075677530113334557e+00
-1.028246964064314373e+00
-1.067267683981377058e+00
-1.076493985933267394e+00
-1.066777421675930482e+00
-1.076057475665549656e+00
-1.075509897068228859e+00
-1.064401187821264694e+00
-1.056867926182847750e+00
-1.046887680004706001e+00
-1.073678084616424888e+00
-1.068994013628064454e+00
-1.076112615453174381e+00
-1.075629386403067045e+00
-1.075855232487316737e+00
-1.076528197341737103e+00
-1.073375867318651089e+00
-1.071385594188366763e+00
-1.071233398595846875e+00
-1.038711125026005488e+00
-1.069104525937136341e+00
-1.075383870266662267e+00
-1.075237290740630236e+00
-1.075735985185280130e+00
-1.076461293655559537e+00
-1.073774738114648963e+00
-1.053335250978852278e+00
-1.075366234025860512e+00
-1.071335384549785497e+00
-1.071641818282180747e+00
-1.070297438426097925e+00
-1.069165043857422948e+00
-1.076048327124909498e+00
-1.075223950668364958e+00
-1.054310450089044338e+00
-1.063796091489216611e+00
-1.055942524359602563e+00
-1.072058399130924489e+00
-1.049976925660558447e+00
-1.061173317975971919e+00
-1.073936486869483398e+00
-1.066030707505870812e+00
-1.076587187867258377e+00
-1.072330717502756325e+00
-1.071135065555003818e+00
-1.057617827599349303e+00
-1.069387557571342073e+00
-1.073487887867493829e+00
-1.076151130547176926e+00
-1.057469540075673065e+00
-1.076529811443422746e+00
-1.068994052687022078e+00
-1.076468707018612525e+00
-1.072675599153219084e+00
-1.075683412329589972e+00
-1.059225035936910198e+00
-1.076603589436060604e+00
-1.076000907677091112e+00
-1.076471206992606344e+00
-1.075980870072217765e+00
-1.076126669224883425e+00
-1.076525737258717363e+00
-1.054694331468114976e+00
-1.076491683594103632e+00
-1.053874246233085232e+00
-1.076489085419203739e+00
-1.075747291079182766e+00
-1.032564568504607871e+00
-1.064021657410698429e+00
-1.067778405782359163e+00
-1.059696112434804327e+00
-1.070662605736221851e+00
-1.063069619605875316e+00
-1.076521601458040545e+00
-1.065003830554274389e+00
-1.075308106801622143e+00
-1.076502591499328476e+00
-1.071798429531134023e+00
-1.052117271800054876e+00
-1.055429212466677757e+00
-1.075931234789139879e+00
-1.076504547287751912e+00
-1.061383124339137396e+00
-1.060441468670937359e+00
-1.076518904879218530e+00
-1.070988262627125653e+00
-1.075377359200895500e+00
-1.076487029733866896e+00
-1.073462583845860241e+00
-1.053427740880416463e+00
-1.048348275484247250e+00
-1.076493232738877426e+00
-1.076121664041905124e+00
-1.076117912065930549e+00
-1.054384816447201167e+00
-1.073766918169933637e+00
-1.070213725260457549e+00
-1.072599484982472262e+00
-1.075719626888438807e+00
-1.072293627620621193e+00
-1.068327432046498604e+00
-1.049344843696239149e+00
-1.076607429136963612e+00
-1.075998360456136060e+00
-1.055278229893209074e+00
-1.073955982936777742e+00
-1.056288882413852326e+00
-1.065967629441629594e+00
-1.071234071442327851e+00
-1.053005988557840000e+00
-1.075904108777980595e+00
-1.073715817045079124e+00
-1.076472754690346756e+00
-1.076508291390748884e+00
-1.076488537972642767e+00
-1.076525246392117330e+00
-1.062525919713419142e+00
-1.076078284164815990e+00
-1.072883537658861242e+00
-1.073454354253493337e+00
-1.073340629167005789e+00
-1.042576376865342880e+00
-1.072692691198446235e+00
-1.075527791868844174e+00
-1.068927551744555782e+00
-1.028125241324271189e+00
-1.060998810860419805e+00
-1.062317858658864633e+00
-1.053552478801044856e+00
-1.076528062839828603e+00
-1.076519275580917201e+00
-1.074263278207486794e+00
-1.059192991276690421e+00
-1.068987361588401575e+00
-1.075881702616018565e+00
-1.069692910238618566e+00
-1.070153103417240681e+00
-1.075597285847905704e+00
-1.047792989621152859e+00
-1.065177051869856006e+00
-1.075590959967986260e+00
-1.075923313508521328e+00
-1.075062511823288380e+00
-1.067964551120540895e+00
-1.061422912663108065e+00
-1.065898433201306617e+00
-1.076202342355969899e+00
-1.075950354147755306e+00
-1.071615837949092986e+00
-1.059631910658447973e+00
-1.075613209526085967e+00
-1.075236888385954881e+00
-1.076524715517531039e+00
-1.076472316063687762e+00
-1.076456572379366428e+00
-1.057139010903672460e+00
-1.067806415038810020e+00
-1.073761696597137494e+00
-1.076517877061021089e+00
-1.048333022482523802e+00
-1.076549743198403464e+00
-1.070778081891287981e+00
-1.073452069095324424e+00
-1.065472611904004330e+00
-1.063466362411595201e+00
-1.039599685176915811e+00
-1.050070532220231279e+00
-1.076489072749213793e+00
-1.054384111806771829e+00
-1.075945861817370730e+00
-1.074102420273943759e+00
-1.075632956120202044e+00
-1.042743434751890463e+00
-1.054819380011458918e+00
-1.058306973529742567e+00
-1.071308100917750528e+00
-1.075807510164733527e+00
-1.068058310962092472e+00
-1.076181866644440932e+00
-1.065325368905503112e+00
-1.044668817964405694e+00
-1.051272953901537965e+00
-1.069871766607653596e+00
-1.061203441956736659e+00
-1.062689845145505796e+00
-1.046674358568395080e+00
-1.072747983418965489e+00
-1.070915598784609735e+00
-1.076509330200919878e+00
-1.052074245302698108e+00
-1.075983310921230895e+00
-1.059222051063307468e+00
-1.072663984512545854e+00
-1.076489779421651471e+00
-1.075969301723508798e+00
-1.074816183008518555e+00
-1.076506302882341837e+00
-1.056202872661057723e+00
-1.076504686173648695e+00
-1.072271735468242504e+00
-1.054595212655859537e+00
-1.072957067208697657e+00
-1.051913476239079159e+00
-1.076084713821635397e+00
-1.045468524650823960e+00
-1.057547031842327012e+00
-1.075779062904626882e+00
-1.076508041952961126e+00
-1.073942382496738901e+00
-1.075937417451186207e+00
-1.067992243194266777e+00
-1.053322330010247443e+00
-1.051554072944304696e+00
-1.076521333971259820e+00
-1.072273191516048163e+00
-1.064266465689680308e+00
-1.076582230770249504e+00
-1.075776786974439458e+00
-1.076516647960013229e+00
-1.065695723082446422e+00
-1.075739014872834076e+00
-1.072772529923213813e+00
-1.059127731969195851e+00
-1.064964450310954103e+00
-1.051410947429499032e+00
-1.070771281847767264e+00
-1.060755149725500113e+00
-1.075586299582755423e+00
-1.076501681482058492e+00
-1.075914315893772732e+00
-1.060502091239163169e+00
-1.059350386494012586e+00
-1.051069964019916592e+00
-1.070281633690828516e+00
-1.067132342121283495e+00
-1.047342004429089535e+00
-1.076121328336170135e+00
-1.069224690411432199e+00
-1.076506277882370632e+00
-1.075990059372796681e+00
-1.073006353539033508e+00
-1.075622566336553509e+00
-1.055645952223255968e+00
-1.076119282215810768e+00
-1.074292480159976915e+00
-1.072311684548086008e+00
-1.073274449625270188e+00
-1.069010271219963837e+00
-1.072448275804147366e+00
-1.068285104122563833e+00
-1.076013771149732179e+00
-1.060449632158383615e+00
-1.072058836347555388e+00
-1.075241417476295203e+00
-1.058720376765035054e+00
-1.042212885154868651e+00
-1.069612904452996505e+00
-1.070357209414997124e+00
-1.076480725786934434e+00
-1.076162972582658917e+00
-1.063980518351815396e+00
-1.076510966470583197e+00
-1.076222856055470301e+00
-1.063453188078178346e+00
-1.076028112929191316e+00
-1.057805561961256524e+00
-1.073075645182261173e+00
-1.073857769566838538e+00
-1.075980645490388632e+00
-1.074373842039505922e+00
-1.075408630075725069e+00
-1.075931310435078725e+00
-1.075541811581538720e+00
-1.062778669676010201e+00
-1.075823296550024066e+00
-1.065096878394378832e+00
-1.056173050628056220e+00
-1.066677682369201685e+00
-1.076132670023037363e+00
-1.062137330010145320e+00
-1.064872637857853688e+00
-1.076515038477306341e+00
-1.073263347092201503e+00
-1.075169905855858810e+00
-1.071288609543416648e+00
-1.076461442817459035e+00
-1.076168030922575403e+00
-1.076061899947993172e+00
-1.072186694741653179e+00
-1.048771991298262929e+00
-1.076487396053566803e+00
-1.076507461090426387e+00
-1.060580394528130466e+00
-1.076528911642157693e+00
-1.076194644358167141e+00
-1.076189586877239313e+00
-1.065754529103132286e+00
-1.070442611849270920e+00
-1.076550744435587958e+00
-1.074900974012279020e+00
-1.076010883011044861e+00
-1.069494307157432322e+00
-1.042294200464441101e+00
-1.076496324546375893e+00
-1.072346035518433993e+00
-1.068028290495241839e+00
-1.076094748505556087e+00
-1.076494244377063314e+00
-1.048554029962674994e+00
-1.075921495023986596e+00
-1.070809404176088497e+00
-1.076482351308624130e+00
-1.076458845283553512e+00
-1.039997350585881053e+00
-1.063839018951689974e+00
-1.054160156266008563e+00
-1.065876996065549642e+00
-1.063454336409272116e+00
-1.076534068417004164e+00
-1.051866276656056254e+00
-1.063786477676955666e+00
-1.073887304563060141e+00
-1.066940312443831251e+00
-1.065583961364389376e+00
-1.076522982450936361e+00
-1.076003354305113957e+00
-1.044251347054366397e+00
-1.065354851901776589e+00
-1.064157842715092839e+00
-1.073772028224842412e+00
-1.076497114123736276e+00
-1.056749696577989006e+00
-1.073948780011586779e+00
-1.054848418352094530e+00
-1.076498827320360618e+00
-1.065763403548977806e+00
-1.076509209756008278e+00
-1.064473750738854863e+00
-1.076132927546823437e+00
-1.072847349573989195e+00
-1.050271519118479491e+00
-1.075970790838326696e+00
-1.076536488271059522e+00
-1.062456156704563170e+00
-1.075952813953777509e+00
-1.073997528345345120e+00
-1.076048064934140402e+00
-1.064189928118283612e+00
-1.075289324759739706e+00
-1.076091758079975813e+00
-1.075898625428405753e+00
-1.061837415616530000e+00
-1.066043181433832032e+00
-1.067080393369109537e+00
-1.071594081146583832e+00
-1.076524262232898765e+00
-1.073332768313337127e+00
-1.067261982157963862e+00
-1.071228880871481159e+00
-1.075351073424063442e+00
-1.073755016943532592e+00
-1.076530345569989722e+00
-1.070905357915848066e+00
-1.063866330239702451e+00
-1.075600560045268272e+00
-1.076506138759493858e+00
-1.076551620087883965e+00
-1.042596100545468918e+00
-1.073435975233286488e+00
-1.076113816150202407e+00
-1.069007010841594996e+00
-1.055589463958736429e+00
-1.076534434617702596e+00
-1.061526286430919841e+00
-1.048561760327463732e+00
-1.055883152297381944e+00
-1.074773365809967851e+00
-1.070450951939556195e+00
-1.072515738017847831e+00
-1.075968968822795135e+00
-1.069412658526136095e+00
-1.075952884429726142e+00
-1.075517040573478855e+00
-1.050247883133513360e+00
-1.073042740059743982e+00
-1.055875766612305311e+00
-1.064948110046109786e+00
-1.076491015636664272e+00
-1.076514359054871361e+00
-1.075968100239484082e+00
-1.064505525796299423e+00
-1.072416221680955406e+00
