-5.971449633264230838e-01
-5.834415637557642809e-01
-5.964043376636939398e-01
-5.965789569211440435e-01
-5.961261944514947286e-01
-5.955327026215629926e-01
-5.938822569926517358e-01
-5.937617256907062879e-01
-5.920134844393717399e-01
-5.972928873864250532e-01
-5.975132099022405496e-01
-5.961706658029245487e-01
-5.978127353494303575e-01
-5.908906863671975485e-01
-5.959260804713951698e-01
-5.960641795438962331e-01
-5.952610300057815662e-01
-5.852527551953928819e-01
-5.961058667064892402e-01
-5.978456166242497316e-01
-5.978598481645124307e-01
-5.860434224498706213e-01
-5.917934257206755033e-01
-5.972335737799542299e-01
-5.972847886053161970e-01
-5.953811864503907314e-01
-5.945962263406502357e-01
-5.974624295388596407e-01
-5.952762338468121639e-01
-5.961394129456268898e-01
-5.956318037254052511e-01
-5.952475765855299583e-01
-5.925819087908851257e-01
-5.923432042957531563e-01
-5.848974956800477853e-01
-5.920213408437805525e-01
-5.902677081660615555e-01
-5.978507128213780275e-01
-5.975756373857395998e-01
-5.978069043387906900e-01
-5.975699297753410688e-01
-5.852443537344472757e-01
-5.972157678236501566e-01
-5.949703779672520509e-01
-5.875330626634197584e-01
-5.932408916899251095e-01
-5.978507584561841837e-01
-5.966312041175799719e-01
-5.940164612741457573e-01
-5.894150416036384454e-01
-5.839832759131925455e-01
-5.978598397826092592e-01
-5.904612744828002802e-01
-5.978003655229943147e-01
-5.945911348001348129e-01
-5.978356980388300768e-01
-5.924625297677951208e-01
-5.973726072018282762e-01
-5.882373804827468744e-01
-5.978454289627509466e-01
-5.971294637904750457e-01
-5.978399793287055841e-01
-5.872192428116934648e-01
-5.892527362932699075e-01
-5.895369005059140077e-01
-5.859858601955013624e-01
-5.976011956711547723e-01
-5.976352988411920419e-01
-5.972419184302227846e-01
-5.978629243229763857e-01
-5.974111155276434770e-01
-5.978150091734962812e-01
-5.882665336733000627e-01
-5.931736436807798496e-01
-5.828945775185959688e-01
-5.974630758767264238e-01
-5.856732324366705766e-01
-5.956395085570650449e-01
-5.978066193540828577e-01
-5.837384852250354639e-01
-5.926708463714706054e-01
-5.959236685787575594e-01
-5.816183033068912378e-01
-5.975709779788987985e-01
-5.978104936559932581e-01
-5.940990616702722660e-01
-5.898107747682618252e-01
-5.902441594419317594e-01
-5.945649716207074276e-01
-5.973586215307252756e-01
-5.935583651201116195e-01
-5.976588859823780409e-01
-5.975991802891033045e-01
-5.948231659033583751e-01
-5.958927798685865751e-01
-5.852255447437303415e-01
-5.978402326484458795e-01
-5.832167564560907236e-01
-5.978387844418423525e-01
-5.976409864281552187e-01
-5.855578438979821554e-01
-5.861066485424774042e-01
-5.956416417514222017e-01
-5.978225552146571031e-01
-5.974841768522994867e-01
-5.825250026439564577e-01
-5.969911607583301416e-01
-5.974297778350549093e-01
-5.841294265021818033e-01
-5.916021481291638962e-01
-5.972236430873411051e-01
-5.871609736834900728e-01
-5.955941498880522600e-01
-5.976097098221319071e-01
-5.959699886054979912e-01
-5.955876413402395597e-01
-5.909723731358783594e-01
-5.955580648635762087e-01
-5.970596313611852279e-01
-5.947368658283042064e-01
-5.803589242180126062e-01
-5.813759172936218134e-01
-5.964916470595883480e-01
-5.974129567523734918e-01
-5.978482960392969003e-01
-5.978183032614426962e-01
-5.901765572973775020e-01
-5.909935681750314584e-01
-5.939140143939541927e-01
-5.953719263100313297e-01
-5.888376653795378557e-01
-5.945690431301730028e-01
-5.803632679065006128e-01
-5.840014413600104204e-01
-5.921252058954226127e-01
-5.975302531053560129e-01
-5.941074654595243087e-01
-5.974209791650312296e-01
-5.888132935990827432e-01
-5.952539044567631832e-01
-5.829849577178495279e-01
-5.948277275213288418e-01
-5.972537210812108865e-01
-5.976196637978093973e-01
-5.919039990888225189e-01
-5.954707943503992906e-01
-5.949585355022238842e-01
-5.918828392070966116e-01
-5.976294883196490160e-01
-5.978584190500216833e-01
-5.869790109475391260e-01
-5.868781212386923185e-01
-5.887217487809496275e-01
-5.972355276947157732e-01
-5.973487443891601911e-01
-5.856005008002059808e-01
-5.970946283680634847e-01
-5.826396428649561754e-01
-5.815186108132140985e-01
-5.803768642847674242e-01
-5.897234842316495529e-01
-5.978349678819315782e-01
-5.971161875543432584e-01
-5.863398926933544031e-01
-5.971938540363000980e-01
-5.978692573164837709e-01
-5.973338041124182096e-01
-5.945127416537391296e-01
-5.904493183964180103e-01
-5.919273084630506387e-01
-5.881723611285226694e-01
-5.975117910322981229e-01
-5.978568018083708635e-01
-5.834654363473193994e-01
-5.868372119632797590e-01
-5.959519719374614111e-01
-5.974950314169066301e-01
-5.954103589658873430e-01
-5.933195898444639793e-01
-5.937140408107327572e-01
