-7.999182247758371833e-01
-8.078523035076795589e-01
-8.086080163245076280e-01
-8.057992244489552425e-01
-8.041915249018012357e-01
-8.085400123852192200e-01
-8.088450041957848669e-01
-7.918268972765463154e-01
-7.867043434300532434e-01
-7.891755593692959536e-01
-8.084797425477450172e-01
-8.084515288394370502e-01
-8.088573392418567654e-01
-8.043601851270658631e-01
-8.076136463237432173e-01
-7.921332833789697103e-01
-8.088801697874897778e-01
-8.086865075823451710e-01
-8.022597411794462063e-01
-7.936306486959424644e-01
-8.062127313581759491e-01
-8.051990227419688617e-01
-8.079119474866839345e-01
-8.088670863850242476e-01
-8.079541726827061954e-01
-8.023610564709114934e-01
-8.088139861687486665e-01
-8.082371597759511195e-01
-8.087216759930265786e-01
-7.953216232130639884e-01
-8.088944446100028163e-01
-8.005190735493000753e-01
-7.919740308531456607e-01
-8.088327983616065975e-01
-7.997839291339136070e-01
-8.089021786417575077e-01
-8.088100767238975974e-01
-8.088206679513653130e-01
-7.988323019027775418e-01
-8.081573202702123648e-01
-7.786708197592381309e-01
-8.086932912598914225e-01
-8.064447650324513273e-01
-8.018803284797960673e-01
-8.084104231385189632e-01
-8.085280717868525979e-01
-8.084158753231461825e-01
-8.004206651635039638e-01
-8.087910477762018102e-01
-7.965172314268894604e-01
-8.083359548804590622e-01
-7.798242072710216410e-01
-7.950973048295960632e-01
-7.862227137306625480e-01
-8.077209726713744375e-01
-8.071211807040691300e-01
-8.088521418840249888e-01
-8.049062814495602236e-01
-8.085486485772960252e-01
-7.919876422131942872e-01
-7.909853515847994343e-01
-8.088323583479691825e-01
-7.775091983951033514e-01
-8.087888877089524087e-01
-8.088931697650293406e-01
-8.034916455070415520e-01
-8.043736544052274562e-01
-8.085992097715910543e-01
-8.059669719949462685e-01
-8.088495188261374258e-01
-8.076064632155447454e-01
-8.044380726113630198e-01
-7.938291287991910972e-01
-7.976175822393529735e-01
-7.948985520435422059e-01
-7.879573969286290946e-01
-8.068460337715156472e-01
-8.058709419332379387e-01
-8.065648079308226359e-01
-7.941224251881702223e-01
-8.071570563542007637e-01
-7.989048785273512587e-01
-7.872669214023222395e-01
-7.951769920464812902e-01
-8.085763585819797372e-01
-8.031340076008565143e-01
-8.088687113107112525e-01
-8.045039914013193405e-01
-8.082607264949933645e-01
-8.087270170247292667e-01
-8.083690537478155358e-01
-7.922582272944400650e-01
-8.054531740014539976e-01
-8.089073605306033032e-01
-7.960494740043143613e-01
-8.026250250514828100e-01
-8.087980262655941610e-01
-8.081587269890829761e-01
-8.074190688183340292e-01
-7.986488519364055572e-01
-8.018569330176156251e-01
-7.851756154763345208e-01
-8.085394670376850890e-01
-8.082442411382633196e-01
-8.088757430820405769e-01
-8.050844901161550160e-01
-7.967159999589270569e-01
-8.082791041811999699e-01
-8.088145402932973571e-01
-8.088719666300767663e-01
-8.071859585479376209e-01
-7.978931305825839315e-01
-7.946537549255578980e-01
-7.933452372036168265e-01
-7.891110666931975270e-01
-7.841684051349132600e-01
-8.085851582949048488e-01
-8.083773557871466453e-01
-7.895770179322005866e-01
-8.081313279221408186e-01
-8.054118708756851097e-01
-8.083806149915008232e-01
-8.088538327016691065e-01
-7.940987122602416459e-01
-7.527168103794056320e-01
-8.088893808960569975e-01
-7.839246620700766055e-01
-8.082262499897506780e-01
-8.088993813620293238e-01
-7.945833717531991525e-01
-8.089381634448080671e-01
-8.080719063239617528e-01
-8.081675498489705456e-01
-8.085645614974699136e-01
-7.997908867163133761e-01
-8.079537137060627261e-01
-8.088494218832319449e-01
-7.919199660686633280e-01
-8.088640490164525909e-01
-8.019889425403762262e-01
-7.974476936640667590e-01
-8.082661759516217570e-01
-7.992182612631454353e-01
-8.087706750876022532e-01
-8.007777455521308818e-01
-7.985193199686410059e-01
-8.018200275293287937e-01
-7.986315481903419888e-01
-8.041466850158897062e-01
-7.915797727274260787e-01
-7.953805131236830750e-01
-8.067547154240073404e-01
-7.962324349100856624e-01
-7.966276229610456117e-01
-8.025896896789112001e-01
-8.068765399859647580e-01
-8.088385956499405394e-01
-8.079909207661221116e-01
-7.868394244933475390e-01
-8.073467005465789770e-01
-8.042909980127475045e-01
-8.010975274167552174e-01
-8.043351942261581788e-01
-7.888077864342656342e-01
-7.988873521494703756e-01
-8.043864451189196574e-01
-7.873765730330637425e-01
-8.076900682672492060e-01
-8.064961466550801816e-01
-8.088305263094448527e-01
-7.981846413549750219e-01
-7.899956940072706546e-01
-7.994959373226977473e-01
-8.088162611739235786e-01
-8.088559277319994356e-01
-8.048432082623381278e-01
-7.777378380480900466e-01
-8.085468143517512418e-01
-8.088634671629104655e-01
-8.001035015357386149e-01
-8.088623979087931071e-01
-8.088330309774223181e-01
-8.069204922565798022e-01
-7.939854600493980730e-01
-7.934869445475730698e-01
-8.084902893252581269e-01
-8.088781487581079288e-01
-8.079028046790389661e-01
-8.052172687372854964e-01
-7.799848911057046807e-01
-7.988720149278096816e-01
-8.085811881770857967e-01
-8.079926438237358122e-01
-8.023151970038051584e-01
-7.929763280415215165e-01
-8.056192413597957902e-01
-7.916748483279067994e-01
-8.078732339448487787e-01
-8.087151148983270366e-01
-8.069867682182331192e-01
-8.049601038432697697e-01
-7.841945403948986648e-01
-8.012981400213150529e-01
-8.084676377254912394e-01
-8.084797079257538543e-01
-8.038564375604654311e-01
-8.088323765739441340e-01
-8.082725358634983426e-01
-8.087732689825087862e-01
-8.056038271932115524e-01
-7.840123053405475551e-01
-8.087633042255434335e-01
-8.049248925795915444e-01
-8.080930904988924413e-01
-8.088558330340661628e-01
-7.997205444139420250e-01
-8.074271040798634003e-01
-8.085754514287063488e-01
-8.069167802055713379e-01
-8.055767571759865353e-01
-7.911911524721750855e-01
-8.077921907950657010e-01
-8.041850437399973295e-01
-8.045444353217683364e-01
-7.998212643968684032e-01
-8.066803016428738538e-01
-8.088606394321874449e-01
-8.084480967721966449e-01
-8.072820164716241198e-01
-8.083257213836860799e-01
-8.009123965227471498e-01
-8.066833877693887489e-01
-7.948125002948068785e-01
-8.084099096089493175e-01
-8.086942219661312770e-01
-7.868553509915273692e-01
-7.879267469813056035e-01
-8.087959105422866113e-01
-8.089282754217637095e-01
-8.050345790473342200e-01
-7.907115181791917191e-01
-7.979644571931886476e-01
-8.082559524568381226e-01
-8.082412734556596590e-01
-7.891744368911935981e-01
-8.059463924925054368e-01
-7.929725362525621435e-01
-8.045086112476187434e-01
-8.000416031975554620e-01
-7.878555430286104944e-01
-8.079467505436900288e-01
-7.904524365216890613e-01
-8.083502784039299227e-01
-8.080171734910053249e-01
-8.003811487202785457e-01
-7.869805444177725429e-01
-8.088821684158645775e-01
-8.088522496459580324e-01
-8.065982771959078201e-01
-7.996951987793212702e-01
-7.967416650102743247e-01
-8.082577072514144367e-01
-8.088719504751047396e-01
-8.048983522139673275e-01
-7.975950953544294064e-01
-7.972205257258857536e-01
-8.088488867866612253e-01
-8.008389117779088906e-01
-8.077343197136319652e-01
-8.083781930704500018e-01
