-5.978412081936278488e-01
-5.976302808983576798e-01
-5.978482508069495882e-01
-5.951594920357973217e-01
-5.975393161495707872e-01
-5.971079474037186419e-01
-5.975233069044644241e-01
-5.962493962856713070e-01
-5.970815457639769841e-01
-5.877320800782104282e-01
-5.837196667322824828e-01
-5.935173358573504476e-01
-5.953399492665595316e-01
-5.954847411700295856e-01
-5.978309608378721274e-01
-5.975825403397949653e-01
-5.971154603056854082e-01
-5.959920499217733481e-01
-5.978323254367695627e-01
-5.935590156478298685e-01
-5.920961870490627499e-01
-5.974279644821850477e-01
-5.892680734480811866e-01
-5.925676409636485564e-01
-5.912326220660363285e-01
-5.971813357536783773e-01
-5.904687814727586082e-01
-5.911339123044918598e-01
-5.952102751009189507e-01
-5.904787149847690042e-01
-5.956978756925114249e-01
-5.978307625610242981e-01
-5.954193497356563558e-01
-5.878654122289103112e-01
-5.971817515233327489e-01
-5.964426033611898159e-01
-5.975190492768714945e-01
-5.932991141129763113e-01
-5.978286596297209821e-01
-5.855546098895905160e-01
-5.955279212752903062e-01
-5.860208148463746936e-01
-5.974974735722332619e-01
-5.978384799578218001e-01
-5.828014276432632590e-01
-5.915026404567381713e-01
-5.944219989903063439e-01
-5.945692008818399543e-01
-5.974515999771612407e-01
-5.901234458606875455e-01
-5.958486923311356875e-01
-5.969605466003399252e-01
-5.795750994207456985e-01
-5.935154582288775238e-01
-5.881212805839919344e-01
-5.953141600603325534e-01
-5.956403201028259708e-01
-5.837895623320578098e-01
-5.978064794015508499e-01
-5.834765465939629747e-01
-5.973112950010847078e-01
-5.915491429443233695e-01
-5.920559626804295927e-01
-5.935222347324206060e-01
-5.868259128864559138e-01
-5.963895437378754494e-01
-5.977992696263639827e-01
-5.953213170335680537e-01
-5.974882266706728062e-01
-5.945242398260363048e-01
-5.955186606407405492e-01
-5.976526317753645401e-01
-5.978149319757479763e-01
-5.972412883584053978e-01
-5.972084789658127502e-01
-5.940773385116956407e-01
-5.865974744903024174e-01
-5.960175846482337336e-01
-5.978007999421397489e-01
-5.894631041411193539e-01
-5.902327095897496045e-01
-5.843340135368768617e-01
-5.856680125683101368e-01
-5.972999892041853665e-01
-5.889155773247578551e-01
-5.978394461220197798e-01
-5.833023635421398234e-01
-5.885566285386238938e-01
-5.973570482022619865e-01
-5.846926615922641846e-01
-5.959465378614114961e-01
-5.865737840273580472e-01
-5.974618137449353439e-01
-5.872297162374783275e-01
-5.886796627216211997e-01
-5.816396590662460397e-01
-5.958798256710934327e-01
-5.956717807865176129e-01
-5.859483559877128878e-01
-5.958880723264483592e-01
-5.974836658813696966e-01
-5.960730706975784221e-01
-5.954328146208200945e-01
-5.953146743409170050e-01
-5.969437826248502610e-01
-5.969670941130829078e-01
-5.950813218157171569e-01
-5.978629376081188163e-01
-5.947816368028757683e-01
-5.977257370305469886e-01
-5.956253701878649887e-01
-5.889638628938870246e-01
-5.847183460395934951e-01
-5.867171821559608036e-01
-5.974841192819909663e-01
-5.976599676594790411e-01
-5.951917189218595139e-01
-5.953026730965543800e-01
-5.920507900886017305e-01
-5.950828321794974229e-01
-5.971395481783010606e-01
-5.822984256460828068e-01
-5.896850349535036617e-01
-5.973076711639998537e-01
-5.971245197974015539e-01
-5.970675746542138951e-01
-5.972671807965748147e-01
-5.938589477084509349e-01
-5.926028215813305966e-01
-5.976770266287408928e-01
-5.976028051774731065e-01
-5.955199387847044390e-01
-5.962279456669219435e-01
-5.975754177985231896e-01
-5.908917111224037955e-01
-5.956698347300775076e-01
-5.971066388207820763e-01
-5.978032642131519969e-01
-5.869769782588912799e-01
-5.978488561244695854e-01
-5.890348818197258529e-01
-5.890055341443604098e-01
-5.977148275663358712e-01
-5.963409881119625666e-01
-5.896902250483440078e-01
-5.890581840979963735e-01
-5.962992844765123701e-01
-5.972980382857325798e-01
-5.972570917246872169e-01
-5.975896676000613805e-01
-5.943547968483960942e-01
-5.974669521568145569e-01
-5.975638139268554250e-01
-5.953048782338058453e-01
-5.974203810052767238e-01
-5.969682115201879746e-01
-5.836959879593482947e-01
-5.804949090305174808e-01
-5.978345013550208087e-01
-5.975825511007855084e-01
-5.871746942457788387e-01
-5.972334802817053090e-01
-5.912524391430927784e-01
-5.976512460855010200e-01
-5.936724158855529732e-01
-5.958299458202268584e-01
-5.865041296924302650e-01
-5.803214479171019402e-01
-5.978256620771185137e-01
-5.960443917216572407e-01
-5.945383417966907391e-01
-5.926592625949097526e-01
-5.920872212742768204e-01
-5.976733166897196803e-01
-5.843322479743182640e-01
-5.969953761283101068e-01
-5.953205756141691785e-01
-5.919112855708725807e-01
-5.974214636244079557e-01
-5.978241250153701891e-01
