-7.285672368084217254e-01
-8.073765494335704007e-01
-8.026195912668432353e-01
-8.107492016023205572e-01
-8.089062260035113638e-01
-7.802411079015267870e-01
-8.085787432190507662e-01
-7.668430960219111414e-01
-8.044428835615164974e-01
-8.049385617755987488e-01
-8.107514303865288596e-01
-7.894036768967024331e-01
-8.024990153348892097e-01
-7.969722938696627290e-01
-8.107286094608978644e-01
-8.101024045008651253e-01
-7.597186725204718716e-01
-7.594871232798320326e-01
-7.997454707658606665e-01
-8.040883398848407415e-01
-8.102557318664589392e-01
-8.079489182429161476e-01
-7.960152624068553839e-01
-7.806298205486890129e-01
-8.096802135126351940e-01
-8.050027717139248695e-01
-8.049628427140597120e-01
-7.899559282242704095e-01
-8.023021623133116398e-01
-7.795231916812788153e-01
-8.107579387223073919e-01
-7.550057089793518195e-01
-8.099625580624023602e-01
-7.556903690473688595e-01
-7.702272870123930693e-01
-7.724366601363507057e-01
-7.879117630443501774e-01
-7.791341846563275553e-01
-8.032819402968156552e-01
-8.030211943246359230e-01
-8.031428682317310885e-01
-7.362535836776255005e-01
-8.058319174396358919e-01
-8.098147911203129601e-01
-7.864235962949891467e-01
-8.104940637586504071e-01
-8.100760671000468705e-01
-8.102905016024765095e-01
-8.071037008841375204e-01
-8.059795495268194943e-01
-7.953475498082039907e-01
-8.056518248035763330e-01
-7.953605451347618427e-01
-8.042795140789918973e-01
-8.085588587920615744e-01
-8.107252734125738325e-01
-7.766040197765553543e-01
-7.831943639628143883e-01
-8.107194744442624001e-01
-8.107689422674453361e-01
-8.107387103627724523e-01
-7.602483458032281982e-01
-8.102652848777689432e-01
-7.973352673525477829e-01
-8.005511084925013288e-01
-7.937118869105397323e-01
-8.103875137444136456e-01
-7.826322540221675172e-01
-7.841615479124310895e-01
-7.928135087385455027e-01
-7.981155228556252590e-01
-7.799405292984112892e-01
-8.107055506554705637e-01
-7.873725944732512527e-01
-8.107285056159848624e-01
-8.107294756682127401e-01
-7.924381517046266143e-01
-8.060470987904614359e-01
-7.900233619619989600e-01
-8.094169733594834826e-01
-8.039832655253941196e-01
-7.813749430940410967e-01
-8.107630129462233270e-01
-7.818168053484300106e-01
-8.074954714058623084e-01
-7.985487202699858011e-01
-8.104113126752572338e-01
-7.835977397371882702e-01
-8.095078179383669026e-01
-8.056871420151450192e-01
-7.854038199086752492e-01
-8.107262973007626217e-01
-8.100753299946336083e-01
-8.107719423790228364e-01
-8.092460863659892700e-01
-7.873646713946483855e-01
-7.771050725463165554e-01
-8.070193850399876023e-01
-7.911886622211983244e-01
-8.005575373163381636e-01
-8.095624514224082358e-01
-8.100101887900753583e-01
-7.560514573987684450e-01
-8.051215057843646994e-01
-7.910467594773795685e-01
-8.101789976842084240e-01
-8.096344353454790754e-01
-8.101347899078040760e-01
-8.096367142286227114e-01
-7.678449528366606547e-01
-8.103160940468737694e-01
-8.096984640599407257e-01
-8.057658023138624115e-01
-8.038807042199427322e-01
-8.075821220331278472e-01
-8.107647705347935663e-01
-8.100506745934890063e-01
-7.430673083771139886e-01
-7.616298645114154553e-01
-8.069495503312030804e-01
-7.950939917822756886e-01
-8.073199344541162059e-01
-7.848608812296455906e-01
-8.051618025729330164e-01
-7.684674343196838953e-01
-7.669640061166154155e-01
-7.727523414593048257e-01
-8.072189863953692646e-01
-7.913176759283477857e-01
-8.075112699641328051e-01
-8.100700741128826765e-01
-7.883861174945947514e-01
-8.107930678510348876e-01
-7.980576726241702668e-01
-8.102133058495921691e-01
-8.107375604066971997e-01
-7.914530376174276904e-01
-8.022652638900024114e-01
-8.107066772165472113e-01
-7.779052602043531328e-01
-8.102544764074629535e-01
-8.101074457918053806e-01
-7.888623036303946678e-01
-7.957571184295924027e-01
-7.910686005718181590e-01
-8.099884712185317914e-01
-7.852497625486605237e-01
-8.045353283620990670e-01
-7.846929074948064686e-01
-8.055079696843523429e-01
-7.834229672298178571e-01
-8.107549317747175799e-01
-8.101941620760091389e-01
-8.051028127944190871e-01
-7.890069240650053883e-01
-8.027791809514042143e-01
-8.107576877594973030e-01
-7.851731951572870072e-01
-7.789490261413570815e-01
-8.085687656530851086e-01
-8.101171353829902388e-01
-7.842240821331002421e-01
-7.898242653122197199e-01
-8.010409373752995776e-01
-8.089383828716403269e-01
-7.990235910878190628e-01
-8.098054426638318093e-01
-7.928597400393295747e-01
-8.048754647353626446e-01
-8.079111905882810918e-01
-7.894760703924486034e-01
-8.107581053591673692e-01
-8.098795934031655097e-01
-7.753372443440413875e-01
-7.845230933364768511e-01
-7.319588915239061411e-01
-7.904593892230771246e-01
-7.913301663103055050e-01
-7.998781767560818601e-01
-7.969746589747388477e-01
-8.078846685586237308e-01
-8.103193166323007235e-01
-8.102592618516105683e-01
-8.107485179678768361e-01
-7.929314390856400108e-01
-7.641407627286836979e-01
-7.971574119716664519e-01
-7.868395628452442558e-01
-8.095188419654795187e-01
-8.093547434915636662e-01
-8.107650626925646531e-01
-7.870520844082113943e-01
-7.826470943932409829e-01
-8.049252404043202302e-01
-8.016551763489815352e-01
-7.818267552614305282e-01
-8.068888521360524368e-01
-8.037529060247675661e-01
-8.055060222189071029e-01
-7.795865990472523599e-01
-8.107678897942874885e-01
-8.032829825889559183e-01
-7.789978346580651580e-01
-7.851083559134808265e-01
-8.107671066629088541e-01
-7.647753782049565574e-01
-8.083565426018697320e-01
-8.108677127129571005e-01
-8.104200343042312626e-01
-8.069216794056300879e-01
-7.976248000525204551e-01
-8.101569228579766913e-01
-8.096959932829203010e-01
-8.095371587407433900e-01
-8.101191034554088288e-01
-8.102591213507368550e-01
-8.078225798586063933e-01
-8.107355996792665609e-01
-7.944543900680115511e-01
-8.094713961666648583e-01
-8.107431253252050940e-01
-8.096770122192009644e-01
-7.802162914154998630e-01
-7.945564223269030446e-01
-8.042091576375988149e-01
-7.674511545455783290e-01
-8.067548045779359134e-01
-8.099806626498239348e-01
-7.557269679379056138e-01
-8.103164305886042529e-01
-7.997862753790273560e-01
-7.786879876374338538e-01
-8.107858559388213537e-01
-7.871899332212721756e-01
-8.106953543026585995e-01
-7.997901030199549011e-01
-7.956424565838700058e-01
-7.281381718347260668e-01
-8.107425587846708304e-01
-8.102460649322468234e-01
-7.517866313279985002e-01
-8.010226200080404757e-01
-7.813163524041811803e-01
-7.997618082037135645e-01
-7.980842732977712073e-01
-8.007977749889957364e-01
-7.570573216302816100e-01
-8.100611867260180121e-01
-8.107345523811294585e-01
-8.107398977488161629e-01
-7.914950044876608581e-01
-8.050372564091605732e-01
-8.063025642378670588e-01
-7.726489971384635780e-01
-8.043022294376966919e-01
-8.107634894898282374e-01
-7.952385449829426634e-01
-8.091119440089573622e-01
-8.107948811735660177e-01
-8.058363305980872360e-01
-8.010261827751918862e-01
-7.862021621161923157e-01
-7.588941785930041206e-01
-8.085543066517335564e-01
-7.820595498680704694e-01
-7.985482352663818562e-01
-8.042340500615690058e-01
-8.098436862170693695e-01
-8.107486388917791720e-01
-8.101817395430120916e-01
-7.768198928068388298e-01
-8.102015876740297218e-01
-8.025812599476933595e-01
-8.102577011538761864e-01
-8.040960462196335978e-01
-7.716676813961976800e-01
-8.006374463980244771e-01
-8.086141163496057827e-01
-8.027675050138216584e-01
-8.032313152705389259e-01
-7.781442493810153405e-01
-8.102913699637858125e-01
-7.980320580837875211e-01
-8.054166522598381617e-01
-7.943890524955765642e-01
-7.928955287075326597e-01
-8.056289780339637163e-01
-8.095504700070322857e-01
-8.107444716071213753e-01
-8.091218736729557381e-01
-8.097651253602909938e-01
-8.065391067895191224e-01
-8.100111011703243769e-01
-7.666155792720164008e-01
-7.911505105508963576e-01
-8.107850640504652429e-01
-7.759719347412442625e-01
-7.983807119781842765e-01
-8.107242643983917363e-01
-7.996285407109580134e-01
-8.066756013596638741e-01
-8.107452245385254885e-01
-8.104362854221536239e-01
-8.070004812721996990e-01
-8.107659224818648536e-01
-7.956459515910774272e-01
-8.033070443586114440e-01
-7.894783910125831028e-01
-8.071078195128289501e-01
-7.809116975488371581e-01
-8.107634715348539522e-01
-7.766727328862634838e-01
-8.011710057586286515e-01
-7.870668051953512157e-01
-7.934531866197463978e-01
-8.103676897863530959e-01
-8.101092516903363183e-01
-8.100964576516479498e-01
-8.102362695131110071e-01
-7.884616710578058463e-01
-7.956479841954184895e-01
-8.045296089327017564e-01
-8.042271855250919810e-01
-8.107429300673657524e-01
-8.074799418663584083e-01
-8.096788391207330182e-01
-7.678810849545706363e-01
-8.081278245699432539e-01
-8.097441329291708012e-01
-7.623256381604657239e-01
-7.970686095281377392e-01
-7.996088738927930040e-01
-8.102589870748376777e-01
-8.100885008240544805e-01
-7.805594806472964109e-01
-7.706435420753947607e-01
-8.107386500748330338e-01
-7.913460200125596034e-01
-8.107537155487051228e-01
-8.093585332524937392e-01
-7.541093417257528353e-01
-8.099764673812019922e-01
-7.989655487375294518e-01
-8.106923764850521019e-01
-8.077949860808002480e-01
-8.102763551558616051e-01
-8.058318913026550900e-01
-8.000127921447360846e-01
-8.070625058472932212e-01
-7.795881131040327539e-01
-7.773731059086195216e-01
-7.756875100471473106e-01
-7.933402605426402854e-01
-7.914377635277225487e-01
-8.101886344484592328e-01
-8.060716887436809586e-01
-7.855684795751869398e-01
-8.100965458155775512e-01
-7.581534651621236742e-01
-7.949303947879303722e-01
