-4.987240763207315131e-01
-5.432236597175029713e-01
-5.215460966560870881e-01
-5.764043568484606972e-01
-5.679701004601926950e-01
-5.290401154021104890e-01
-5.541065893311722945e-01
-5.177826105438859683e-01
-5.697123751540190684e-01
-5.752963258542149738e-01
-5.572191568782485227e-01
-5.393092333677828032e-01
-5.267955166465161376e-01
-5.441022874604430903e-01
-5.143940959328719975e-01
-5.710846887836125152e-01
-5.040124128628216127e-01
-5.264071897960094226e-01
-5.356168605802722471e-01
-5.442302170004741368e-01
-5.761042792939576884e-01
-5.396075896796526106e-01
-5.542645910590433544e-01
-5.272636129647910730e-01
-5.448955498299938860e-01
-5.441867770024513273e-01
-5.214247371707776413e-01
-5.230802246094878871e-01
-5.756504830761880465e-01
-5.183119111979247462e-01
-5.306126347595561121e-01
-5.347538241368198220e-01
-5.423195113751585472e-01
-5.701119692954684792e-01
-5.674702346374456141e-01
-5.764855847531330513e-01
-5.726913623066026693e-01
-5.768430334234373458e-01
-5.647726375364249263e-01
-5.157177553235888778e-01
-5.390760034254309385e-01
-5.214196786538224382e-01
-4.709042182904603635e-01
-5.546092433826479429e-01
-5.189545640856854103e-01
-5.766128815466700086e-01
-5.344348536425378438e-01
-5.271548944972874740e-01
-5.367255766009990658e-01
-5.478966861067644523e-01
-5.715425894951446928e-01
-5.216918603907836349e-01
-5.486250323596343348e-01
-5.099637493892769102e-01
-5.448955498299938860e-01
-5.696867111446961562e-01
-5.583479361178417255e-01
-5.581277694790197641e-01
-4.940546665085478462e-01
-5.707253245408605569e-01
-4.945951915285403122e-01
-5.770960035148899880e-01
-4.798690483327752165e-01
-5.755445124144417113e-01
-5.769909003334373621e-01
-5.764672201759177828e-01
-5.168975083281857064e-01
-5.084380801371352065e-01
-5.618538871443271576e-01
-5.696867111446961562e-01
-5.440470341608655280e-01
-5.579757158404039519e-01
-5.755441988047205193e-01
-5.101956030187332347e-01
-5.282532544153718534e-01
-5.063194002021852436e-01
-5.298114905803166241e-01
-5.405709087943868507e-01
-5.008632890551522054e-01
-4.785681658337144762e-01
-5.326884608839914659e-01
-5.305552794417219831e-01
-5.701092554816503677e-01
-5.559628610852839214e-01
-5.430617767167827958e-01
-5.765359552105979724e-01
-5.354816630740668604e-01
-5.114651894840021029e-01
-5.750780128208899944e-01
-5.767148869425486879e-01
-4.892402225460773524e-01
-5.282492828825221531e-01
-5.215460966560870881e-01
-5.345360514700715493e-01
-5.222101749776575375e-01
-5.577143220167691817e-01
-5.665916647774870141e-01
-5.768257727883542296e-01
-5.771303984961910771e-01
-5.762818625530778949e-01
-5.766921825078327180e-01
-5.312700904664642287e-01
-5.770074996150874602e-01
-5.063927519061318661e-01
-5.717445417296104226e-01
-5.448955498299938860e-01
-5.711382993364803040e-01
-5.674122598931112815e-01
-5.515766540012263519e-01
-5.501253224221993587e-01
-5.569666055695470241e-01
-5.648155299599039170e-01
-5.430617767167827958e-01
-5.657291245046612849e-01
-5.710489262453983805e-01
-5.765738807290284873e-01
-5.752049527927147743e-01
-5.761549625391886309e-01
-5.504034315714115833e-01
-5.771400788053646647e-01
-5.764355700173474650e-01
-5.572191568782485227e-01
-5.351606649394335946e-01
-5.394495126328341383e-01
-5.770062107741387170e-01
-5.678921853588838609e-01
-5.365514348831473823e-01
-5.408608589390176968e-01
-4.861138167871685289e-01
-5.629497909203995398e-01
-5.530628594741919812e-01
-5.766038023709464388e-01
-5.770153162128079938e-01
-5.327375821294905167e-01
-5.574049865907021450e-01
-5.722791458773525131e-01
-5.571901143426288838e-01
-5.140143074865031192e-01
-5.701092554816503677e-01
-5.281410594536094516e-01
-5.479559983310461346e-01
-5.757729254656699380e-01
-5.372320444744087542e-01
-5.672213541107531398e-01
-5.747777508635287802e-01
-5.482269768909880936e-01
-5.130955834058739118e-01
-5.229566223399587654e-01
-5.760480995241937796e-01
-5.516202786980908268e-01
-5.276684159910274285e-01
-5.186722726779067205e-01
-5.455681420177252994e-01
-4.426882279180200941e-01
-5.629497909203995398e-01
-5.591285173806841424e-01
-5.477504276004703243e-01
-5.315903479307523272e-01
-5.239585868595989515e-01
-5.611207378793821032e-01
-5.680498143560035462e-01
-5.569666055695470241e-01
-5.492766866192063668e-01
-5.542645910590433544e-01
-5.766452117076767969e-01
-4.770252752893797688e-01
-4.646751678124896312e-01
-5.755828644795754068e-01
-5.506159706773804396e-01
-4.821588808300195650e-01
-5.766818287261620268e-01
-5.197475022545714474e-01
-5.769500676883024815e-01
-5.769752236190509587e-01
-5.679701004601926950e-01
-5.711382993364803040e-01
-5.506922526819948427e-01
-5.430617767167827958e-01
-5.743467592564042157e-01
-5.714069337263055770e-01
-5.516202786980908268e-01
-5.027411453238574968e-01
-5.761097681065502352e-01
-5.692081140648406201e-01
-5.073061635670564895e-01
-5.449896045393527455e-01
-5.424882112004157930e-01
-5.711382993364803040e-01
-5.755441988047205193e-01
-5.706354662141684964e-01
-5.764966438582344033e-01
-5.711382993364803040e-01
-5.339796985608554758e-01
-5.291251182916759666e-01
-5.767148869425486879e-01
-5.142330678574498215e-01
-5.352069735371437487e-01
-5.274005590836000623e-01
-5.768503903975231717e-01
-5.051663142041372678e-01
-5.017688646123253937e-01
-4.752583180414096109e-01
-5.636809044329890162e-01
-5.258877415800402577e-01
-5.021410360148645946e-01
-4.426882279180200941e-01
-5.693296115530703805e-01
-5.491693763605517420e-01
-5.549908115505775008e-01
-5.459530755399778501e-01
-5.167022820462807697e-01
-5.763089500512602603e-01
-5.306471194688038295e-01
-5.048483126240789209e-01
-4.957065628191288931e-01
-5.138079386255718362e-01
-5.669668697285527026e-01
-5.129932681272099115e-01
-5.070137153464320257e-01
-4.964353671886019836e-01
-5.647726375364249263e-01
-4.943768339932774758e-01
-5.766127088308092841e-01
-4.402331861648216549e-01
-5.245362435887291896e-01
-5.710489262453983805e-01
-5.766820002000518919e-01
-5.506159706773804396e-01
-5.772808353891085709e-01
-5.611207378793821032e-01
-5.353433598914043579e-01
-5.393092333677828032e-01
-5.407724086992456991e-01
-4.609721645015738001e-01
-5.629489120801282054e-01
-5.641937151453112476e-01
-5.664252410304655427e-01
-5.768052686158314790e-01
-5.026510495183992289e-01
-5.764966438582344033e-01
-4.890338706341915143e-01
-5.772248297361671776e-01
-5.437751579316827399e-01
-5.761097681065502352e-01
-5.371393911219988215e-01
-5.750178292383459899e-01
-4.960272004891287390e-01
-5.768258846402531947e-01
-5.764178530916407306e-01
-5.138187309439185002e-01
-5.569666055695470241e-01
-5.756336151137620982e-01
-5.352430946940596179e-01
-5.764336142789175943e-01
-5.766747194199034476e-01
-5.507778029651148044e-01
-5.454700816986536305e-01
-5.680498143560035462e-01
-4.810908913584887037e-01
-5.084718798579299648e-01
-5.707253245408605569e-01
-5.334691093967506292e-01
-5.772317097916240813e-01
-5.011440170622371015e-01
-4.966421454082216025e-01
-5.252471163146117394e-01
-5.755044005347512703e-01
-5.477504276004703243e-01
-5.765420760226489527e-01
-4.976672200022315140e-01
-4.947673642789744974e-01
-4.618281413966711102e-01
-5.712339465625043688e-01
-5.445960076850980824e-01
-5.688693986074495612e-01
-5.768990068153772022e-01
-4.975274006907906554e-01
-5.405709087943868507e-01
-5.764178530916407306e-01
-5.541065893311722945e-01
-5.768702120775854869e-01
-5.765696816214608278e-01
-5.192435815161127177e-01
-4.618281413966711102e-01
-4.788565209096400932e-01
-5.049112484824295199e-01
-5.232197144692436463e-01
-5.764444141112191611e-01
-5.376462003781196097e-01
-5.149899661292954844e-01
-5.762185229840532941e-01
-5.263100158772072712e-01
-5.766818287261620268e-01
-5.654135812926013305e-01
-5.288471401883804157e-01
-5.707253245408605569e-01
-5.761161225154197707e-01
-5.770546748541400817e-01
-5.324315546057513115e-01
-5.287467552022102613e-01
-5.764634267669505041e-01
-4.840126665061251776e-01
-5.762611688966952084e-01
-5.623122829524306310e-01
-5.688693986074495612e-01
-5.237609228026854913e-01
-5.671455219577723472e-01
-5.757737263329768540e-01
-5.712339465625043688e-01
-3.663639678819763379e-01
-5.759673197382280119e-01
-5.420304269088296323e-01
-5.750281487630167776e-01
-5.764692933702073585e-01
-5.207649805007417143e-01
-5.113341728354016125e-01
-5.772607280953117037e-01
-5.226937882884554742e-01
-5.766464588416195802e-01
-5.312700904664642287e-01
