-5.978362566265982281e-01
-5.949298523476077571e-01
-5.839556354723939302e-01
-5.978413991544493378e-01
-5.864740721006042046e-01
-5.953834481705740922e-01
-5.898023264141104560e-01
-5.937449396031855287e-01
-5.977756681463485267e-01
-5.952102751009189507e-01
-5.976440627652768178e-01
-5.861814234601367968e-01
-5.860239940608195086e-01
-5.971999665566610771e-01
-5.959119703702215887e-01
-5.978353847182908964e-01
-5.945429521209860679e-01
-5.964968170855414753e-01
-5.803124393553428240e-01
-5.976691435400763863e-01
-5.973068413986587499e-01
-5.940099703348969973e-01
-5.898222354540811896e-01
-5.862598566430042846e-01
-5.969650790766979354e-01
-5.853085038566474552e-01
-5.862876687556382027e-01
-5.976788734532499925e-01
-5.956456403775457487e-01
-5.917442874712753875e-01
-5.964748690972249134e-01
-5.945788830010486636e-01
-5.970777955869814857e-01
-5.838320585748476566e-01
-5.857283436897617879e-01
-5.957508171309213729e-01
-5.960598014002581602e-01
-5.949573641374599209e-01
-5.976653855061043741e-01
-5.915759422287553138e-01
-5.873273212059453297e-01
-5.933176642470555651e-01
-5.909580723050064099e-01
-5.941139682862034421e-01
-5.978572017167386177e-01
-5.978459262608136759e-01
-5.863836357183884740e-01
-5.957332855610235622e-01
-5.978275941875771382e-01
-5.963455061713064387e-01
-5.972575856993124210e-01
-5.976195177200273045e-01
-5.935481011946179830e-01
-5.978195565070496542e-01
-5.828162753903328719e-01
-5.951434014657579485e-01
-5.959153212625103446e-01
-5.959363079246252637e-01
-5.881520615822055653e-01
-5.970881574026386529e-01
-5.974786642873685105e-01
-5.900073568601060803e-01
-5.950318808305075091e-01
-5.935500993469865483e-01
-5.938603624023046645e-01
-5.932830517729191788e-01
-5.871163941736893266e-01
-5.944307253252864021e-01
-5.862456446564349166e-01
-5.803411075712683331e-01
-5.978376484414774650e-01
-5.975130478577034276e-01
-5.978253920823513035e-01
-5.884639950301786548e-01
-5.888346623918817579e-01
-5.908919202892479738e-01
-5.976997919554140060e-01
-5.955467556421227826e-01
-5.975146551224103098e-01
-5.956951891896887785e-01
-5.946193263895005465e-01
-5.834805949656948210e-01
-5.976823395524757387e-01
-5.943698752222466020e-01
-5.944917436441813363e-01
-5.929579496355362744e-01
-5.972653212820669966e-01
-5.976405025501371204e-01
-5.913908742396987162e-01
-5.978345013550208087e-01
-5.971119152635199212e-01
-5.943360105005146554e-01
-5.972337331514969705e-01
-5.956978756925114249e-01
-5.931087757501498636e-01
-5.865502256533209335e-01
-5.956081988336836552e-01
-5.940289207426440177e-01
-5.954423856771158263e-01
-5.757117538768754539e-01
-5.956720263173181928e-01
-5.883357931933372864e-01
-5.941915734227587453e-01
-5.920559626804295927e-01
-5.949158024309025850e-01
-5.956040321820337269e-01
-5.950363505648840201e-01
-5.952897799529514034e-01
-5.950769841292070650e-01
-5.974939451930773027e-01
-5.970842174108126343e-01
-5.880428595691021831e-01
-5.862167627516896573e-01
-5.857118932929851196e-01
-5.978436744696197236e-01
-5.952009866544129002e-01
-5.972685679734611730e-01
-5.865554050461740943e-01
-5.972087175006153270e-01
-5.975673666979859355e-01
-5.884374266925558317e-01
-5.971092707776702868e-01
-5.969755761202669708e-01
-5.978505636370976539e-01
-5.896902250483440078e-01
-5.949374261855000512e-01
-5.971752247645886191e-01
-5.972879078259007990e-01
-5.962397257434398634e-01
-5.899353523270493005e-01
-5.920153723671206514e-01
-5.978205865182075751e-01
-5.956946313411315419e-01
-5.976948439844098626e-01
-5.978710427996162258e-01
-5.886418388670519031e-01
-5.977883410841525746e-01
-5.960697088712678671e-01
-5.978286596297209821e-01
-5.932186604057235746e-01
-5.974978608799276225e-01
-5.919855831200693252e-01
-5.919239065467283289e-01
-5.948282756193440379e-01
-5.955869787047510799e-01
-5.970031422380595032e-01
-5.978571838417713336e-01
-5.940461755167776303e-01
-5.823773955995299456e-01
-5.950579794914894194e-01
-5.920301329292172454e-01
-5.857862956391076681e-01
-5.977148874772615361e-01
-5.978224132407398139e-01
-5.978624129315636138e-01
-5.818660061240747972e-01
-5.973070537044793404e-01
-5.931180400136942810e-01
-5.837395212613057938e-01
-5.955330515471700670e-01
-5.811067509781017160e-01
-5.972531883518452656e-01
-5.974422081577128729e-01
-5.848217966753345154e-01
-5.961570405259979388e-01
-5.836628482630169534e-01
-5.950402859647317966e-01
-5.786827421648838010e-01
-5.955186606407405492e-01
-5.930988072631793173e-01
-5.852235375050074406e-01
-5.849456394686725069e-01
-5.901152345382923992e-01
-5.947418423688962674e-01
-5.959125369887732226e-01
-5.978094234321953415e-01
-5.910350872510296005e-01
-5.964067521610413314e-01
-5.874173404334893656e-01
-5.977968964842885757e-01
