-7.781060782897337713e-01
-7.786542608025611711e-01
-7.750529279078208766e-01
-7.641047855946417888e-01
-7.785145082170265018e-01
-7.731194225878741388e-01
-7.656575494310039476e-01
-7.728374043348427147e-01
-7.786598416700690750e-01
-7.587313588170329082e-01
-7.714979390657931146e-01
-7.720895073057171265e-01
-7.771160294405093927e-01
-7.593219288217561980e-01
-7.588376570255006559e-01
-7.786304345077440514e-01
-7.675408526813772836e-01
-7.781856631216711451e-01
-7.589661212491068953e-01
-7.775609353594420403e-01
-7.786342712116653964e-01
-7.737899739502349661e-01
-7.717935511378892777e-01
-7.786066585138835539e-01
-7.686083574372725158e-01
-7.783672660695277745e-01
-7.756947258033221049e-01
-7.782023957592103525e-01
-7.769853397736641298e-01
-7.393889830323278067e-01
-7.602084276363306747e-01
-7.767060908174199252e-01
-7.782653115945963318e-01
-7.783725022623256828e-01
-7.756032116469915305e-01
-7.575276116917946112e-01
-7.786464296768681459e-01
-7.453236063822831214e-01
-7.408737883753939713e-01
-7.729983072423510793e-01
-7.753504195614145944e-01
-7.592847044697152992e-01
-7.658652243658903291e-01
-7.773957366193982033e-01
-7.780427581197040254e-01
-7.552658466349969624e-01
-7.762603041481650479e-01
-7.544976796722131507e-01
-7.711458995151216911e-01
-7.739699064614113944e-01
-7.781252697262862617e-01
-7.643917240527076107e-01
-7.713562979748060933e-01
-7.746502191929314218e-01
-7.665682045261241750e-01
-7.732518117103394095e-01
-7.502718295430603757e-01
-7.769946880131458622e-01
-7.753762962665889935e-01
-7.610777873956972028e-01
-7.572602433329514993e-01
-7.783336836235738021e-01
-7.785351728243992131e-01
-7.718979906338524488e-01
-7.784894408782098152e-01
-7.731404093819793655e-01
-7.781683071756557712e-01
-7.737020883349490230e-01
-7.754822453293314100e-01
-7.602435093641082275e-01
-7.661009303721797448e-01
-7.774538504456252053e-01
-7.781051182855098780e-01
-7.717450405199340890e-01
-7.702095585016507373e-01
-7.768006990332696482e-01
-7.613908148697885458e-01
-7.767076938211191495e-01
-7.780135369772038789e-01
-7.781765635480157872e-01
-7.785013617186157253e-01
-7.614456372206550583e-01
-7.693177358793703569e-01
-7.744508738493590672e-01
-7.572846887983029074e-01
-7.681980222214931375e-01
-7.786521284692790035e-01
-7.780513723777704449e-01
-7.766062357167611285e-01
-7.707328160455454436e-01
-7.775529123609041804e-01
-7.765301703179980919e-01
-7.691082251279782733e-01
-7.778062762820040499e-01
-7.786646977771801703e-01
-7.590690730162642508e-01
-7.741852609491081116e-01
-7.786187571371401273e-01
-7.782559299851271595e-01
-7.682524276267010954e-01
-7.747534736138181888e-01
-7.786257021315463600e-01
-7.586678871181170569e-01
-7.770852277672808395e-01
-7.776236922149410979e-01
-7.783542338810086614e-01
-7.726472188578957789e-01
-7.715044759515538031e-01
-7.707522947508842481e-01
-7.785204909042282573e-01
-7.713978876313350996e-01
-7.783829464659153263e-01
-7.732006982394735717e-01
-7.756617263528935435e-01
-7.773534039484735203e-01
-7.676954557619607433e-01
-7.781957031486131937e-01
-7.725523735832101613e-01
-7.680257289061508397e-01
-7.659730067231401707e-01
-7.762796328966212744e-01
-7.766890268021432453e-01
-7.765803153066214159e-01
-7.761449842779848396e-01
-7.632261694667356045e-01
-7.642319263683252650e-01
-7.743068547702569582e-01
-7.671234763712732052e-01
-7.514334110892649798e-01
-7.762472574996581720e-01
-7.636148373069383544e-01
-7.675433834133487121e-01
-7.662151273262792772e-01
-7.713526657287103072e-01
-7.750418558027537541e-01
-7.692221152103427828e-01
-7.786985434549325014e-01
-7.754234349056714493e-01
-7.706077485112000636e-01
-7.784300528350149850e-01
-7.731139885462590122e-01
-7.643509994634996030e-01
-7.694465474817256956e-01
-7.704290264520281539e-01
-7.703177090556255768e-01
-7.693943609097250169e-01
-7.692346535862403245e-01
-7.697968008378540672e-01
-7.751128972315766141e-01
-7.785712498753766253e-01
-7.763825180898146217e-01
-7.739792691228810639e-01
-7.786741832355412729e-01
-7.786620399703133577e-01
-7.786584169732311267e-01
-7.777075996654041479e-01
-7.572371495825489518e-01
-7.764746081176896464e-01
-7.640585948028045804e-01
-7.786233316474671096e-01
-7.786090256949649291e-01
-7.754031569459848283e-01
-7.785182494140197029e-01
-7.785799199123958347e-01
-7.778383847521787020e-01
-7.755073721381114948e-01
-7.755957192090086050e-01
-7.781550806542811838e-01
-7.786048656113109256e-01
-7.784687883408168974e-01
-7.786742782604660906e-01
-7.715527783736633172e-01
-7.694331993744507603e-01
-7.769720813753501210e-01
-7.745978937790309882e-01
-7.666193999039421225e-01
-7.457984163771672614e-01
-7.747465302024144629e-01
-7.786661638629853721e-01
-7.529076994377896792e-01
-7.776405469163765183e-01
-7.667014810048792262e-01
-7.785899656572979888e-01
-7.689715228950080306e-01
-7.742846079721588115e-01
-7.744089567790936046e-01
-7.704209010755909137e-01
-7.548690666983332020e-01
-7.742801033227920682e-01
-7.786090307069589711e-01
-7.614174915703209034e-01
-7.752337672692957149e-01
-7.777496989115465498e-01
-7.783393388500011723e-01
-7.779922496563345113e-01
-7.767623919021118262e-01
-7.744862057509324105e-01
-7.744540370368149240e-01
-7.604389711888078773e-01
-7.743295256270239513e-01
-7.637268321038004348e-01
-7.781647408575274039e-01
-7.720077614465027382e-01
-7.784982499661134980e-01
-7.707562942056535027e-01
-7.783042738832313123e-01
-7.756552621330863317e-01
-7.771209763385096281e-01
-7.774259176021005580e-01
-7.655459904657839765e-01
-7.579094400594973413e-01
-7.781169589519760788e-01
-7.609752438962333887e-01
-7.625037562231141708e-01
-7.782597564610499452e-01
-7.786297821322669677e-01
-7.786256663705846126e-01
-7.785721310626541047e-01
-7.781202258353585588e-01
-7.786430459895911094e-01
-7.785593131319854532e-01
-7.585312353481069580e-01
-7.595853948107302855e-01
-7.772103174516129531e-01
-7.759165918437911369e-01
-7.778778386794035216e-01
-7.785244499190302481e-01
-7.484889257399250928e-01
-7.780986677147061492e-01
-7.784037921881264976e-01
-7.719625200689119726e-01
-7.786253466568230364e-01
-7.764165839973824479e-01
-7.750933499532913773e-01
-7.730152128667517886e-01
-7.738187715640454378e-01
-7.775454755438775400e-01
-7.743670410228195022e-01
-7.734369574093176158e-01
-7.692368961144372408e-01
-7.783481352729171299e-01
-7.755144972963666783e-01
-7.775295134097344185e-01
-7.663638101706330419e-01
-7.765547372472071386e-01
-7.707100624888613138e-01
-7.782707243742319481e-01
-7.669942419962734181e-01
-7.767343934886196122e-01
-7.785095023340791176e-01
-7.642825302835984935e-01
-7.779014173784423170e-01
-7.771616594207719775e-01
-7.720297212648348228e-01
-7.643987602880606413e-01
-7.440598503033116762e-01
-7.555267607550186781e-01
-7.699110218399121131e-01
-7.772042072365310528e-01
-7.782885020959157130e-01
-7.786719877533072598e-01
-7.675558454233007977e-01
-7.782314205538710672e-01
-7.636258502950680205e-01
-7.693710659424504161e-01
-7.766986914213521720e-01
-7.761307001214773349e-01
-7.636960761295458200e-01
-7.585644809193418103e-01
-7.763610304391140859e-01
