-7.999104070829747837e-01
-8.078532202987520616e-01
-8.086072861103861253e-01
-8.057967513220904987e-01
-8.041910287345348518e-01
-8.085406518428175371e-01
-8.088448152764289301e-01
-7.918252356237320821e-01
-7.867114011085181158e-01
-7.891720447576193731e-01
-8.084797545223085802e-01
-8.084507633818833749e-01
-8.088575310892014425e-01
-8.043595657570807855e-01
-8.076123854032306593e-01
-7.921374298519043844e-01
-8.088800807370393198e-01
-8.086865169814376753e-01
-8.022682427315561693e-01
-7.936272218710331838e-01
-8.062133754490463655e-01
-8.051960547807215374e-01
-8.079118982775657098e-01
-8.088667316249160688e-01
-8.079544019772260111e-01
-8.023579309581367891e-01
-8.088136657959370535e-01
-8.082370062245576303e-01
-8.087215416951625269e-01
-7.953104337564258497e-01
-8.088944068065433424e-01
-8.005191230102031152e-01
-7.919825220367460172e-01
-8.088324920161216181e-01
-7.997864222040920179e-01
-8.089021484254448335e-01
-8.088095814807860773e-01
-8.088204588627962988e-01
-7.988380755184738558e-01
-8.081569702251403253e-01
-7.786891262865214269e-01
-8.086938236726968210e-01
-8.064427550768999975e-01
-8.018865320252774875e-01
-8.084103048665969293e-01
-8.085281022711245935e-01
-8.084152436702101152e-01
-8.004163029024897735e-01
-8.087905932104735296e-01
-7.965180760136394422e-01
-8.083364947585909288e-01
-7.798446442818789404e-01
-7.951135745158939283e-01
-7.862115770465283315e-01
-8.077213948479442518e-01
-8.071198764144031923e-01
-8.088521028755752962e-01
-8.049084614383577030e-01
-8.085481676159946840e-01
-7.919807944333701055e-01
-7.909877363479285162e-01
-8.088323690815417688e-01
-7.775110721475033682e-01
-8.087885787597446363e-01
-8.088928985296337526e-01
-8.034966991169898431e-01
-8.043737598116098564e-01
-8.085998839585630815e-01
-8.059678178167490881e-01
-8.088496022744624536e-01
-8.076055276094524782e-01
-8.044350729676483791e-01
-7.938211250937132757e-01
-7.976287857516257684e-01
-7.948940953126697462e-01
-7.879632141328005712e-01
-8.068439688420443456e-01
-8.058725658691077154e-01
-8.065631713605074804e-01
-7.941226743048577230e-01
-8.071580042949466627e-01
-7.988991218505947511e-01
-7.872710021099595945e-01
-7.951802129744141023e-01
-8.085770302339045923e-01
-8.031343310492633503e-01
-8.088686329199521463e-01
-8.045071878357379358e-01
-8.082605300358085554e-01
-8.087273335902540605e-01
-8.083695231823770921e-01
-7.922525357341914098e-01
-8.054538974891005676e-01
-8.089072795471696775e-01
-7.960448179280905645e-01
-8.026352117656319063e-01
-8.087979161998777311e-01
-8.081586973628549497e-01
-8.074180975443272512e-01
-7.986447634527980011e-01
-8.018492474573253315e-01
-7.851785559094099920e-01
-8.085392292475848119e-01
-8.082438444605617445e-01
-8.088757333232610147e-01
-8.050863973683266561e-01
-7.967178121096043508e-01
-8.082788216768352907e-01
-8.088144751152543943e-01
-8.088721356241552751e-01
-8.071851206830291670e-01
-7.978980362302212637e-01
-7.946488627119510095e-01
-7.933411698675303381e-01
-7.891223531103281896e-01
-7.841653253770022314e-01
-8.085849082915632646e-01
-8.083771162553279321e-01
-7.895854653677492063e-01
-8.081315544320790689e-01
-8.054121213852016847e-01
-8.083811716994790952e-01
-8.088538584186284464e-01
-7.941027421391158025e-01
-7.527018811440615575e-01
-8.088896202741711061e-01
-7.839299019313006323e-01
-8.082261344304828565e-01
-8.088992734326569956e-01
-7.945780668294577520e-01
-8.089383070244042795e-01
-8.080715786552576940e-01
-8.081665744891910474e-01
-8.085646613387911241e-01
-7.997943337893633764e-01
-8.079534161722807806e-01
-8.088492134472875517e-01
-7.919111203289179723e-01
-8.088637602402417581e-01
-8.019909547063110988e-01
-7.974538852347581308e-01
-8.082652653454391878e-01
-7.992173703739939850e-01
-8.087703225089757364e-01
-8.007825438751428049e-01
-7.985121035369633358e-01
-8.018282305336146276e-01
-7.986315638179479759e-01
-8.041524032949058931e-01
-7.915838517135529440e-01
-7.953816701544969003e-01
-8.067548976166694086e-01
-7.962378610743729990e-01
-7.966344983203856867e-01
-8.025896097885965030e-01
-8.068770456946043890e-01
-8.088385288490502756e-01
-8.079903654641060751e-01
-7.868418905770926397e-01
-8.073454362227170389e-01
-8.042921005169449966e-01
-8.010997039152829569e-01
-8.043381688537596386e-01
-7.887904092556385915e-01
-7.988961611761300485e-01
-8.043821109811364334e-01
-7.873854979759602468e-01
-8.076899669020025652e-01
-8.064987904279081743e-01
-8.088303322790710848e-01
-7.981896063199787061e-01
-7.899839112422017973e-01
-7.994915652441381138e-01
-8.088164378775803964e-01
-8.088559897503404539e-01
-8.048412725681959312e-01
-7.777367669975905340e-01
-8.085467482803909700e-01
-8.088636997042744081e-01
-8.001137716116903942e-01
-8.088620633705108087e-01
-8.088333260154871862e-01
-8.069196397325544279e-01
-7.939819645023493688e-01
-7.934825558102278631e-01
-8.084903753249494951e-01
-8.088780271707622926e-01
-8.079013468584566038e-01
-8.052208973447381180e-01
-7.799955315774826925e-01
-7.988761051444857042e-01
-8.085814814901499670e-01
-8.079922192616908472e-01
-8.023148670679478567e-01
-7.929850702992229383e-01
-8.056165338846443813e-01
-7.916800740993170660e-01
-8.078730621262042444e-01
-8.087151635325102728e-01
-8.069862558393328111e-01
-8.049585018659530800e-01
-7.841939840352682989e-01
-8.012940828109680336e-01
-8.084671276508419435e-01
-8.084793857185690324e-01
-8.038576073365806263e-01
-8.088326591885237615e-01
-8.082724579496829431e-01
-8.087728389425723474e-01
-8.056033430973588150e-01
-7.840071402377037924e-01
-8.087633794991819780e-01
-8.049222855249940078e-01
-8.080932291111497801e-01
-8.088560521489529531e-01
-7.997216757273821752e-01
-8.074275164751856249e-01
-8.085754590927212160e-01
-8.069169831349103372e-01
-8.055752520802019756e-01
-7.912041896841077726e-01
-8.077918256519882600e-01
-8.041814084051697176e-01
-8.045452128051369112e-01
-7.998178939221947115e-01
-8.066823066099135797e-01
-8.088607138841001909e-01
-8.084477105064837854e-01
-8.072824410981087606e-01
-8.083260523042230528e-01
-8.009084000139086168e-01
-8.066825017219929617e-01
-7.948192272222189825e-01
-8.084092920532970350e-01
-8.086936970128266733e-01
-7.868437215572743337e-01
-7.879176258927731435e-01
-8.087955948783605020e-01
-8.089283819197266023e-01
-8.050331510955988090e-01
-7.907128397262244146e-01
-7.979538326969890516e-01
-8.082560350074021738e-01
-8.082420810012667101e-01
-7.891808280608205717e-01
-8.059464679452179592e-01
-7.929763745403437536e-01
-8.045069007555543106e-01
-8.000415524354724806e-01
-7.878656022137551229e-01
-8.079460140204577367e-01
-7.904534822216777723e-01
-8.083502047582118433e-01
-8.080176546125261705e-01
-8.003734110741465013e-01
-7.869829626640825193e-01
-8.088819210304467600e-01
-8.088519915825276296e-01
-8.065977597496061247e-01
-7.996890303100048225e-01
-7.967356441429405134e-01
-8.082584471328704279e-01
-8.088721831216065805e-01
-8.048953463210313242e-01
-7.975980395338087003e-01
-7.972267798966317098e-01
-8.088487305565326135e-01
-8.008309938366113823e-01
-8.077327178678064268e-01
-8.083782082310466688e-01
