-5.847081138131797751e-01
-5.854438251195133169e-01
-5.784209171620786627e-01
-5.555747641561210592e-01
-5.511850944099605520e-01
-5.456868085389614542e-01
-5.788281081555068930e-01
-5.467309133460402926e-01
-5.504904711929738959e-01
-5.849957658288658102e-01
-5.166350292352617224e-01
-5.107715769050300558e-01
-4.942198289869010885e-01
-5.246444797454059561e-01
-5.846427237925708731e-01
-5.047762846884906729e-01
-4.995273804602802237e-01
-5.384480884609401663e-01
-5.679705558655441244e-01
-5.541571966683149775e-01
-5.857420346079051932e-01
-5.212839959500015219e-01
-5.462285518956959685e-01
-5.456312886749983271e-01
-5.279707281229675253e-01
-4.818202896354377707e-01
-5.541571966683149775e-01
-5.525270007861435850e-01
-4.986101283071220358e-01
-5.668714667049825628e-01
-4.828812523124397238e-01
-5.353122098682105978e-01
-5.180045148668468435e-01
-5.611057678548276861e-01
-5.444132221242070635e-01
-5.858406579432666739e-01
-5.070023281810462912e-01
-5.779662659702480276e-01
-5.138603901801288565e-01
-5.552368854483247240e-01
-5.728893714336336096e-01
-5.863579145012081106e-01
-5.581636416105211218e-01
-5.238079564956605871e-01
-5.678981939641416510e-01
-5.786270747271955450e-01
-5.786614666072309454e-01
-5.676728977201164206e-01
-5.332696052578866919e-01
-5.097943364021957358e-01
-5.223752582756460150e-01
-5.510812184152782400e-01
-4.967798149523914297e-01
-5.865073731479824026e-01
-5.240287227866828879e-01
-5.847168831465423544e-01
-5.316213915435255011e-01
-5.661407081721008261e-01
-5.630488792745054205e-01
-5.832997380135238608e-01
-5.103606177804649313e-01
-4.991856521306217154e-01
-5.813497497079551657e-01
-5.243592100528657873e-01
-4.935922516820610007e-01
-5.855245558855712851e-01
-5.530764890214086016e-01
-5.338947685746133764e-01
-5.336110076246440848e-01
-5.815426079867065390e-01
-5.420781878133893450e-01
-5.338947685746133764e-01
-5.002222625849426230e-01
-5.330476263848722418e-01
-4.934514245329082449e-01
-5.024133069751441916e-01
-5.807917235729873617e-01
-5.771412948457181891e-01
-5.845761193273246725e-01
-5.771412948457181891e-01
-5.808721935687244375e-01
-5.856665341494262655e-01
-5.305878581789911230e-01
-5.509331534927368601e-01
-5.010285495159805258e-01
-5.186197987137020071e-01
-5.404587989983737906e-01
-5.167497793523252447e-01
-5.859571291444480856e-01
-5.339572565940797766e-01
-5.021307884094894369e-01
-5.054401500461280783e-01
-5.854797108409584006e-01
-5.591646178004920920e-01
-5.226162603435695608e-01
-5.104496596691787680e-01
-5.517819329475641688e-01
-5.811401052711189230e-01
-5.082972614405334433e-01
-5.726658633289516409e-01
-5.679705558655441244e-01
-5.633605389235198935e-01
-5.748652784464538534e-01
-4.993548734424293478e-01
-5.479350892206311663e-01
-5.854267074105918844e-01
-5.357875643608749350e-01
-5.289540389863431891e-01
-5.678981939641416510e-01
-5.854615500507533987e-01
-5.694596512553871115e-01
-5.342574181345880469e-01
-5.788281081555068930e-01
-4.831656260726631125e-01
-5.412553238061845740e-01
-3.873906625745475729e-01
-5.161314910588443716e-01
-5.605619350758970221e-01
-5.442794641790569266e-01
-5.852260558245361288e-01
-5.347508849886835058e-01
-5.676728977201164206e-01
-5.472755014275789698e-01
-5.082972614405334433e-01
-5.019209912357509573e-01
-5.688558878687799414e-01
-5.369168898401439627e-01
-5.541571966683149775e-01
-5.721519427684724768e-01
-5.422803686311126192e-01
-5.552289603588760336e-01
-5.416481482175767859e-01
-5.788281081555068930e-01
-4.537605239389121969e-01
-5.859565629003227194e-01
-5.558252414999187430e-01
-5.405694675942540606e-01
-5.518963827130973776e-01
-5.813515154955566366e-01
-5.830331338880241354e-01
-5.764594419238746603e-01
-5.295230863926589926e-01
-5.479025660393417319e-01
-5.575546777186572989e-01
-5.711514285144985159e-01
-5.778308051017702063e-01
-5.267236462173641165e-01
-5.861092998025596579e-01
-5.634828104016960104e-01
-5.856618440089405020e-01
-5.161548188266933401e-01
-5.850457517740905722e-01
-5.841246439454734762e-01
-5.849498814282596548e-01
-5.559274560151279410e-01
-5.567801721704781492e-01
-5.679705558655441244e-01
-4.973264491496265371e-01
-5.484779697222292860e-01
-3.794397903917015036e-01
-5.861950857875526388e-01
-5.088524079261005362e-01
-5.845761193273246725e-01
-5.853441624281585653e-01
-5.180045148668468435e-01
-5.235229457107961615e-01
-5.854285514292896231e-01
-5.852457328078926047e-01
-5.232395666030824621e-01
-4.941905072269618948e-01
-5.805536812482059439e-01
-5.856903462050140341e-01
-4.828812523124397238e-01
-5.179699087826192816e-01
-5.162203578589141806e-01
-5.355215078530490835e-01
-5.630254658249795874e-01
-5.566340336886823614e-01
-5.326195253369987448e-01
-5.168871512947261770e-01
-5.813515154955566366e-01
-5.824898226497352560e-01
-5.136396220264614065e-01
-4.914477212665260275e-01
-5.774154035685241659e-01
-5.338947685746133764e-01
-5.863207249281585653e-01
-5.814822620091617544e-01
-5.824574647782028158e-01
-5.829300253031433066e-01
-5.808721935687244375e-01
-5.863019420144737204e-01
-5.444217944828451117e-01
-5.311517795858562430e-01
-5.398432003644884070e-01
-5.416573981133878668e-01
-5.155784083841026266e-01
-5.800433388290584524e-01
-5.846427237925708731e-01
-5.811401052711189230e-01
-5.245106933949172934e-01
-5.816264009413898428e-01
-5.858996032116592367e-01
-5.203616140721023520e-01
-5.338947685746133764e-01
-5.031667581138790091e-01
-5.067603966531932791e-01
-5.824574647782028158e-01
-5.862111119864166220e-01
-4.949231786964118918e-01
-5.077647535441101034e-01
-5.860830439565360983e-01
-5.796109630105674704e-01
-5.693678936300456961e-01
-5.857420346079051932e-01
-5.511508329150855978e-01
-5.575546777186572989e-01
-5.861544056174934347e-01
-5.044851122734725912e-01
-4.890800534126937826e-01
-5.334147090403020819e-01
-5.399434106735170324e-01
-5.212886022714555700e-01
-5.850048555371940573e-01
-5.858293367860496481e-01
-4.815363554594696005e-01
-5.315500447837293585e-01
-5.776681216744363745e-01
-5.693678936300456961e-01
-5.297324775097549399e-01
-5.802400490579784353e-01
5.889808700106735628e-02
-5.367751909730613669e-01
-5.376708234039724310e-01
-5.221700059560716589e-01
-5.043188674686134298e-01
-5.856668358979404410e-01
-5.321542756942689856e-01
-5.320303911653936346e-01
-5.271259123770177801e-01
-5.152452631232917746e-01
-5.389260860470712622e-01
-5.418253225585103472e-01
-5.853859303829849203e-01
-5.246428313044488867e-01
-5.694596512553871115e-01
-5.019209912357509573e-01
-5.169513045189559897e-01
-4.894770762262523611e-01
-5.605585152594030340e-01
-5.832343032894313772e-01
-5.861972539065063437e-01
-5.118078260061920126e-01
-5.761458153215825995e-01
-5.858494049248874624e-01
-5.536029181753874262e-01
-5.330514876482665976e-01
-5.798709174928844412e-01
-5.569858426538885077e-01
-5.618949389395893057e-01
-5.472581369181752642e-01
-5.514023705696344813e-01
-5.858293367860496481e-01
-5.854897430477321585e-01
-5.044851122734725912e-01
-5.863024970827281912e-01
-5.530764890214086016e-01
-5.859645275709808310e-01
-5.382653387574136694e-01
-5.524466304419219931e-01
-5.773869479385793646e-01
-5.456868085389614542e-01
-4.537605239389121969e-01
-4.839011399386108359e-01
-5.851655794618308981e-01
-5.801305180726230581e-01
-5.677999710974872549e-01
-5.862025922475040396e-01
-5.525270007861435850e-01
-5.846427237925708731e-01
-5.857234975633800467e-01
-5.842332734105766257e-01
-5.831605835197151144e-01
-5.156974984643638571e-01
-5.285569994089782675e-01
-5.402763999377966364e-01
-5.693678936300456961e-01
-5.861214964029968222e-01
-5.237819576946676214e-01
-5.298075644610107382e-01
-5.703818673578679999e-01
-5.863019420144737204e-01
-5.356250802365720709e-01
-5.611057678548276861e-01
-5.342014754501760443e-01
-5.837602248726070364e-01
-5.378376344529569586e-01
-5.347508849886835058e-01
-5.861278740999877890e-01
-5.088077416954219778e-01
-5.788281081555068930e-01
-5.530764890214086016e-01
-5.764909634677350958e-01
-5.479350892206311663e-01
-5.611057678548276861e-01
-5.856172485587776144e-01
-5.081679417131126364e-01
-5.856618440089405020e-01
-5.532767606278539141e-01
-5.754170069781721075e-01
-5.687741792140186270e-01
-5.831536395785987814e-01
-5.720652925161302527e-01
-5.771412948457181891e-01
-5.575153880132019957e-01
-5.289006257740438421e-01
-5.423198720750987967e-01
-5.421465953191400011e-01
-5.462327624050558050e-01
-5.091523720262229880e-01
