-5.846922470706029662e-01
-5.854345394091914345e-01
-5.784046053257553277e-01
-5.556068512998489917e-01
-5.510887551408982787e-01
-5.457229002811829766e-01
-5.787747301678537459e-01
-5.465942701499213463e-01
-5.504205625426502602e-01
-5.849900014939722892e-01
-5.166336612905233494e-01
-5.107787998483949155e-01
-4.944456221999133927e-01
-5.246514404130262488e-01
-5.846386683197265510e-01
-5.047318932547690817e-01
-4.995269181566225902e-01
-5.384207094808521887e-01
-5.680848258478357060e-01
-5.541094669018631347e-01
-5.857364700932419233e-01
-5.213105101786893458e-01
-5.462070418535907024e-01
-5.456663915036806811e-01
-5.279385173756226957e-01
-4.816674243304945313e-01
-5.541094668268867762e-01
-5.523725054197400341e-01
-4.986194094659806009e-01
-5.668564301094611846e-01
-4.828406185053443211e-01
-5.352836406354707366e-01
-5.180131298553467545e-01
-5.611093022105630990e-01
-5.444004874984370579e-01
-5.858341127196478038e-01
-5.071201382967833737e-01
-5.779812355564598603e-01
-5.138655358632705505e-01
-5.551789619431746203e-01
-5.728407611673752564e-01
-5.863517867280340079e-01
-5.580964044013166925e-01
-5.238341878916951133e-01
-5.678922916747890515e-01
-5.786148745195165422e-01
-5.786512492162368959e-01
-5.676708990739638416e-01
-5.332386533602279099e-01
-5.096118389155351869e-01
-5.223351086191252435e-01
-5.511054132004720163e-01
-4.968627034627056127e-01
-5.865036201458727616e-01
-5.241064073686201308e-01
-5.847037537223391812e-01
-5.315998128631528319e-01
-5.662631299589375722e-01
-5.629310665014795045e-01
-5.832907895544514609e-01
-5.103034982438826583e-01
-4.991561003410551756e-01
-5.813321169507419395e-01
-5.243558065399333001e-01
-4.936132165438444352e-01
-5.855158004007996464e-01
-5.531078817239154510e-01
-5.338848700411628068e-01
-5.336010451325888804e-01
-5.815260670756714489e-01
-5.420666284586852512e-01
-5.338848700441753969e-01
-5.001981864123994370e-01
-5.330049904572506936e-01
-4.934958892192756741e-01
-5.023187452788429042e-01
-5.807795049664949971e-01
-5.771228569502340200e-01
-5.845656777894778777e-01
-5.771228569552362409e-01
-5.808796135258996740e-01
-5.856628855314406357e-01
-5.306371792148105726e-01
-5.509442264782081766e-01
-5.009020829549398757e-01
-5.185674387052874312e-01
-5.403922344461993266e-01
-5.167306394715007745e-01
-5.859529128380515095e-01
-5.339148797510303579e-01
-5.021036510089101901e-01
-5.053307989268230882e-01
-5.854745086730651638e-01
-5.590405704724787928e-01
-5.226264589406934835e-01
-5.104528174677324115e-01
-5.517437283997613795e-01
-5.811135189866554196e-01
-5.084904052430406773e-01
-5.726322286401850370e-01
-5.680848258618760305e-01
-5.633322819786158453e-01
-5.748522293665944138e-01
-4.992805703048933119e-01
-5.479621080571437375e-01
-5.854192961854947086e-01
-5.357961291540402904e-01
-5.289719602029580026e-01
-5.678922916847934932e-01
-5.854657939850649306e-01
-5.694467542028245344e-01
-5.342055120680934133e-01
-5.787747301048712378e-01
-4.831903421489073813e-01
-5.411991605297958863e-01
-3.875757149672704460e-01
-5.161499247578443805e-01
-5.604522826363678156e-01
-5.442413832354778824e-01
-5.852171992361001607e-01
-5.347679916094397745e-01
-5.676708991079562061e-01
-5.472383704395820114e-01
-5.084904052550346387e-01
-5.019566075522493565e-01
-5.688282442555783192e-01
-5.368401632008286128e-01
-5.541094669048758359e-01
-5.721184205077106677e-01
-5.423049354139164446e-01
-5.552235797722682165e-01
-5.415815122470736265e-01
-5.787747301008923095e-01
-4.538042481761546121e-01
-5.859449873674226206e-01
-5.558113878422168419e-01
-5.405652134339907766e-01
-5.518650954251170804e-01
-5.813611095744124491e-01
-5.830221802896243810e-01
-5.764721175429723399e-01
-5.295024610540022270e-01
-5.478601015822073261e-01
-5.575239080870268982e-01
-5.711365521409073054e-01
-5.778056857427636972e-01
-5.267582138405130232e-01
-5.861090376013802228e-01
-5.634829036953736825e-01
-5.856559450930305388e-01
-5.161523600998429995e-01
-5.850356903232125649e-01
-5.841189563749488167e-01
-5.849390778459518936e-01
-5.558853442637017306e-01
-5.567813890275646882e-01
-5.680848258698341091e-01
-4.972418031216084278e-01
-5.484412741185299422e-01
-3.794468167912363188e-01
-5.861909908284598236e-01
-5.088458465939879050e-01
-5.845656777914673974e-01
-5.853388948121733826e-01
-5.180131298643848581e-01
-5.235322123757309987e-01
-5.854228754246050270e-01
-5.852389329186189482e-01
-5.231712457492138091e-01
-4.942464726152262511e-01
-5.805564144910062563e-01
-5.856841588113429475e-01
-4.828406185223404479e-01
-5.179695622884028516e-01
-5.161976552284137654e-01
-5.355177126021192224e-01
-5.630416065295402728e-01
-5.566199205525386162e-01
-5.323834031445028314e-01
-5.166430617619879317e-01
-5.813611095654312999e-01
-5.824819941893765174e-01
-5.137318500848591096e-01
-4.913656159516751609e-01
-5.774168069386701463e-01
-5.338848700381499945e-01
-5.863100045536867588e-01
-5.814866944603623855e-01
-5.824459849053347238e-01
-5.829080912124235958e-01
-5.808796135369272973e-01
-5.863006273222374221e-01
-5.444035840059445741e-01
-5.311751509598582333e-01
-5.398280547322391598e-01
-5.416488543549046186e-01
-5.157059510231077892e-01
-5.800388108165740464e-01
-5.846386682997177786e-01
-5.811135190056979649e-01
-5.244678778237601424e-01
-5.816082769854824530e-01
-5.858933457159770652e-01
-5.202646771913685964e-01
-5.338848700311583650e-01
-5.032218045770779913e-01
-5.067947221826984983e-01
-5.824459849553569324e-01
-5.862059739593912244e-01
-4.948684270666449114e-01
-5.077792944963335220e-01
-5.860800663807176347e-01
-5.795919081022096186e-01
-5.693769077010294444e-01
-5.857364701352492098e-01
-5.511610644377105128e-01
-5.575239080870268982e-01
-5.861508764777311198e-01
-5.042483999648881277e-01
-4.890833532603374167e-01
-5.334575548790680966e-01
-5.399542725646581109e-01
-5.213413664338911735e-01
-5.849967592025381302e-01
-5.858221915732539919e-01
-4.813462132670087157e-01
-5.314831859829775018e-01
-5.776600240909777195e-01
-5.693769076980168542e-01
-5.296916921927307120e-01
-5.802502914873963746e-01
5.881859714418070928e-02
-5.367701497051404758e-01
-5.376240190120126217e-01
-5.221391855088044487e-01
-5.041564416068995413e-01
-5.856694258471871750e-01
-5.321823871032824727e-01
-5.320461196059570463e-01
-5.271268799568293861e-01
-5.152504386996974439e-01
-5.389421129662365084e-01
-5.417646168827063846e-01
-5.853773662852251869e-01
-5.245257984571255472e-01
-5.694467541758239104e-01
-5.019566075522493565e-01
-5.169074565032109048e-01
-4.894668763206968531e-01
-5.605683841518989130e-01
-5.832160339786345293e-01
-5.861927879979802469e-01
-5.118160882035904802e-01
-5.761436111483441147e-01
-5.858415798966631893e-01
-5.534129735154090790e-01
-5.330646277902699737e-01
-5.798990959989985816e-01
-5.569853357674701133e-01
-5.619403637227655679e-01
-5.471838941574237447e-01
-5.514294714506896566e-01
-5.858221915752435116e-01
-5.854789702474616497e-01
-5.042483999528942773e-01
-5.862991065484460806e-01
-5.531078817869548025e-01
-5.859593812318106831e-01
-5.382285388654575176e-01
-5.525334963242005681e-01
-5.773830512588703501e-01
-5.457229002421883912e-01
-4.538042480701417469e-01
-4.838776784317502244e-01
-5.851619287016118776e-01
-5.801338756960534582e-01
-5.677652735010348950e-01
-5.861994575356532788e-01
-5.523725054017775138e-01
-5.846386683047198884e-01
-5.857185071516901598e-01
-5.842200224836541222e-01
-5.831498469628765280e-01
-5.156748849181455041e-01
-5.285423439946875801e-01
-5.402737160635617819e-01
-5.693769076980168542e-01
-5.861172804247527512e-01
-5.237377815103154699e-01
-5.299292826585031424e-01
-5.703553960735560091e-01
-5.863006273151888381e-01
-5.356762577724756280e-01
-5.611093021935669167e-01
-5.341610919928885259e-01
-5.837536001860054169e-01
-5.378372289333921419e-01
-5.347679916204673978e-01
-5.861210257637236021e-01
-5.087839877247450904e-01
-5.787747301688769275e-01
-5.531078817839421014e-01
-5.764711661537312848e-01
-5.479621080231513730e-01
-5.611093022085735793e-01
-5.856110797361150366e-01
-5.082310426627744127e-01
-5.856559450830260971e-01
-5.532263620995958586e-01
-5.753681497464040451e-01
-5.688324405441693710e-01
-5.831432105032150481e-01
-5.720807569090485822e-01
-5.771228569492676819e-01
-5.574680684379943463e-01
-5.288290331870020289e-01
-5.423344296141322518e-01
-5.420581764464702523e-01
-5.462299596241575461e-01
-5.090498244797985183e-01
