-7.751396285401379593e-01
-7.906028703817820080e-01
-7.788096881502961644e-01
-7.887066082128977307e-01
-7.906272635826563366e-01
-7.902475428798889645e-01
-7.877612515384053715e-01
-7.885638834939991959e-01
-7.877889500030970105e-01
-7.879236611569022664e-01
-7.564104968713318833e-01
-7.849878567302321919e-01
-7.684175545381104477e-01
-7.897907831737494000e-01
-7.909880924069976338e-01
-7.905617841550802716e-01
-7.840672881373857983e-01
-7.791665774801468380e-01
-7.880719603070711621e-01
-7.842353331887816914e-01
-7.909791079381203183e-01
-7.911338574284410008e-01
-7.824153062918877133e-01
-7.755090711669718750e-01
-7.907844661766385563e-01
-7.821081821838116177e-01
-7.815807355599200257e-01
-7.907487015271281727e-01
-7.767027664029693135e-01
-7.910111016625260838e-01
-7.910239138671850689e-01
-7.691929644005095490e-01
-7.748362576620375641e-01
-7.873238055998181828e-01
-7.862768397697901257e-01
-7.713990589635169037e-01
-7.327439697490727433e-01
-7.907279917070364483e-01
-7.903429829546904095e-01
-7.832769328759705552e-01
-7.906928771206831463e-01
-7.905048877963518628e-01
-7.896197783792113789e-01
-7.883500560218190678e-01
-7.853891207867955693e-01
-7.859975915433561333e-01
-7.739305129306113251e-01
-7.894378091240024098e-01
-7.911282899820899495e-01
-7.751345807717835434e-01
-7.705940721587931641e-01
-7.900223965787982472e-01
-7.894734396630620488e-01
-7.854982377992665299e-01
-7.903624829867577084e-01
-7.863802035370563992e-01
-7.898403509551381596e-01
-7.847698099011277684e-01
-7.708464363621270188e-01
-7.800234640979861744e-01
-7.836275865355228909e-01
-7.859148845107948311e-01
-7.867654274249171742e-01
-7.884792928615307339e-01
-7.864303384938930996e-01
-7.899893346273993977e-01
-7.882965263941978939e-01
-7.909436394491886624e-01
-7.836436686137413510e-01
-7.910433924788331517e-01
-7.908666209349131115e-01
-7.873386206136738785e-01
-7.903722143763398655e-01
-7.910395097950195797e-01
-7.767947177434062489e-01
-7.904903414690589436e-01
-7.903526277312731274e-01
-7.907994567447995671e-01
-7.868652517007386216e-01
-7.862314350003098973e-01
-7.769031004080271252e-01
-7.910360033655261525e-01
-7.703453177617585190e-01
-7.869088841633593567e-01
-7.600964574174677857e-01
-7.814450167150890358e-01
-7.899753172913288601e-01
-7.908506608599519261e-01
-7.867237702974771985e-01
-7.848367072673236855e-01
-7.876190073819553383e-01
-7.895870638111328610e-01
-7.835802315765714177e-01
-7.911073920348381527e-01
-7.791103167490756043e-01
-7.897157670030092724e-01
-7.908259780177568921e-01
-7.828542805308198460e-01
-7.903790996441339978e-01
-7.902414166399931439e-01
-7.836727463671659955e-01
-7.889466379800533780e-01
-7.891242616841291913e-01
-7.687681751357113846e-01
-7.909352575460171231e-01
-7.908381224641298779e-01
-7.686286183105504044e-01
-7.791121910357570179e-01
-7.895070203611349591e-01
-7.859375328788256176e-01
-7.908646530503129490e-01
-7.871916006350612172e-01
-7.694184878872429856e-01
-7.911300883659815320e-01
-7.868758375787829884e-01
-7.901870125004744061e-01
-7.787746569173132904e-01
-7.786676623889898785e-01
-7.908994044208621510e-01
-7.910186295428967007e-01
-7.680643485890423783e-01
-7.902737027996873387e-01
-7.853252604635154732e-01
-7.741507008703147896e-01
-7.890759856471514233e-01
-7.753891820119416245e-01
-7.842613059127425679e-01
-7.911244007790183552e-01
-7.903322457367276677e-01
-7.887525266067778595e-01
-7.903260217079615124e-01
-7.903476670415794381e-01
-7.901000651562308796e-01
-7.824617550739740857e-01
-7.879054985040521153e-01
-7.679358726398741730e-01
-7.908266318062042721e-01
-7.911275505119657048e-01
-7.911010953629111775e-01
-7.910320936733579167e-01
-7.911077897095775135e-01
-7.889512810887491234e-01
-7.822300802016353138e-01
-7.792966147916113862e-01
-7.775404864022230633e-01
-7.884809352488910683e-01
-7.809969937460219391e-01
-7.905584816852306851e-01
-7.908109799990152844e-01
-7.889823090316450127e-01
-7.908488475748991497e-01
-7.910341965997313984e-01
-7.909518667528128155e-01
-7.908032379144525059e-01
-7.821111023457443245e-01
-7.840989102640842923e-01
-7.910580747792219647e-01
-7.825886263543462285e-01
-7.819441483387445935e-01
-7.827850502015745171e-01
-7.902106718191599377e-01
-7.910592361384725102e-01
-7.655410753594433793e-01
-7.910203236186599263e-01
-7.845628607118224629e-01
-7.722611414300000199e-01
-7.674731953100955018e-01
-7.872973485881185063e-01
-7.863785141179060467e-01
-7.910211618089770802e-01
-7.794064028219973572e-01
-7.909001802125668057e-01
-7.897623224215304383e-01
-7.895927695588862427e-01
-7.842813083933388718e-01
-7.738360181482231148e-01
-7.739346796678101548e-01
-7.884265287810658940e-01
-7.893905566105341443e-01
-7.895798246407603749e-01
-7.802089849518334397e-01
-7.797357445614134797e-01
-7.898431374722814091e-01
-7.736410662563240059e-01
-7.832722757974361905e-01
-7.910825899833535679e-01
-7.810119451986348160e-01
-7.870170116455947884e-01
-7.658523494409119614e-01
-7.901514844068979748e-01
-7.882067450353598126e-01
-7.886183179015016087e-01
-7.718584738703166970e-01
-7.844972453111505040e-01
-7.879702147127782830e-01
-7.897213502818440922e-01
-7.874615565905069836e-01
-7.903641798564886578e-01
-7.782817670175528058e-01
-7.839694904194867142e-01
-7.907643160814141758e-01
-7.894051075944399365e-01
-7.832434611426388749e-01
-7.848541812071299084e-01
-7.903134991446232327e-01
-7.910401617208218106e-01
-7.907579774999713429e-01
-7.861278090657388695e-01
-7.901914567718004712e-01
-7.884305888818299302e-01
-7.871812871688699254e-01
-7.899993100234961041e-01
-7.808138137714659699e-01
-7.856522277960276135e-01
-7.904006150582527646e-01
-7.854952845753824242e-01
-7.907265565389489659e-01
-7.894623820701336392e-01
-7.864772748233472832e-01
-7.829854438112771042e-01
-7.899332457253431805e-01
-7.661821102754866608e-01
-7.779976004766022690e-01
-7.909812686064934262e-01
-7.827701527656709679e-01
-7.816115288095271119e-01
-7.785183262111341485e-01
-7.908865437874292859e-01
-7.900029039973115452e-01
-7.859780910456275471e-01
-7.910129847967719563e-01
-7.910574060896133908e-01
-7.908089217761253842e-01
-7.901867796698307522e-01
-7.903949670524990090e-01
-7.892962965214347371e-01
-7.879841277407204636e-01
-7.908294611641859539e-01
-7.876069206775819787e-01
-7.904844694802259930e-01
-7.755381582336222657e-01
-7.905424536237215527e-01
-7.868358791837191113e-01
-7.911427338638996609e-01
-7.888665763692652710e-01
-7.683970728920495041e-01
-7.783687492863928803e-01
-7.908533961543535717e-01
-7.886705995568727978e-01
-7.882403704369163044e-01
-7.830901160867607125e-01
-7.892169161731099614e-01
-7.902569203668927678e-01
-7.845937317268645295e-01
-7.905331804448461064e-01
-7.817266970904266365e-01
-7.859106027552580365e-01
-7.562616566227471360e-01
-7.908955077672099598e-01
-7.713925546066557892e-01
-7.848920278282558449e-01
-7.445132048831974991e-01
-7.909938703322505482e-01
-7.760148035393750199e-01
-7.909093695724105366e-01
-7.891599159719144829e-01
-7.888938482882177361e-01
-7.865562351451909073e-01
-7.879951820740198620e-01
-7.899964881160950192e-01
