-7.751460095369554493e-01
-7.906060039301048281e-01
-7.788152259340590522e-01
-7.887057127844104842e-01
-7.906303547685205046e-01
-7.902478834843054134e-01
-7.877619160039524004e-01
-7.885663117865925331e-01
-7.877866926480328047e-01
-7.879281301032062812e-01
-7.563888115982948523e-01
-7.849884179140188545e-01
-7.684001905648216724e-01
-7.897962115818044637e-01
-7.909907112675166330e-01
-7.905642917286708204e-01
-7.840587758321565515e-01
-7.791602139214196532e-01
-7.880718412295545372e-01
-7.842274146344612173e-01
-7.909808563944474846e-01
-7.911365010031677913e-01
-7.824248152881296825e-01
-7.755040212808314015e-01
-7.907858287394033958e-01
-7.821107667808648856e-01
-7.815723089722265149e-01
-7.907509851204440610e-01
-7.766882870447525677e-01
-7.910141861896272664e-01
-7.910269694423138764e-01
-7.691885888003234806e-01
-7.748457678965811057e-01
-7.873209784158254898e-01
-7.862713635615276031e-01
-7.714089075314700672e-01
-7.326843778860684386e-01
-7.907316226780215507e-01
-7.903476603190291438e-01
-7.832817274815018216e-01
-7.906938370174242392e-01
-7.905057331567946211e-01
-7.896234843868217279e-01
-7.883523981187596785e-01
-7.853791345945649871e-01
-7.859964054248018694e-01
-7.739097552038678440e-01
-7.894398145806369449e-01
-7.911306561128859105e-01
-7.751101013148320451e-01
-7.705891844951664460e-01
-7.900231872161542768e-01
-7.894759769205198507e-01
-7.854939685601451949e-01
-7.903668749945452765e-01
-7.863869070785486359e-01
-7.898405630121277943e-01
-7.847711782918525003e-01
-7.708396145936399213e-01
-7.800322808305998334e-01
-7.836322166794494892e-01
-7.859137388693235859e-01
-7.867603766609765348e-01
-7.884786152401817017e-01
-7.864339543126630527e-01
-7.899896454791504041e-01
-7.882957081083835638e-01
-7.909453691710004453e-01
-7.836333317485583150e-01
-7.910456212803290699e-01
-7.908699990556504744e-01
-7.873362141935520420e-01
-7.903724272660848094e-01
-7.910431164963341866e-01
-7.767792586585419157e-01
-7.904947181156813940e-01
-7.903582466475076451e-01
-7.908021197842816097e-01
-7.868594891212123965e-01
-7.862304139274727266e-01
-7.768894018109181454e-01
-7.910383265661929952e-01
-7.703550967205463618e-01
-7.869154868031497108e-01
-7.600731596542268376e-01
-7.814469519990988600e-01
-7.899775872048548919e-01
-7.908530894692665791e-01
-7.867212459264698587e-01
-7.848382410268680554e-01
-7.876142815397779717e-01
-7.895892357653828686e-01
-7.835725245644820092e-01
-7.911093652850078595e-01
-7.791073307189602115e-01
-7.897155661197136078e-01
-7.908281594433199668e-01
-7.828485240851438265e-01
-7.903812656839752648e-01
-7.902431173571561329e-01
-7.836667256946677762e-01
-7.889452556036467001e-01
-7.891247919641474207e-01
-7.687775722251142252e-01
-7.909374879283527227e-01
-7.908403622265155475e-01
-7.686202832046847844e-01
-7.791020755692098509e-01
-7.895123567702626577e-01
-7.859330934447653627e-01
-7.908686263037647546e-01
-7.871960192863968198e-01
-7.694120372414975373e-01
-7.911329035030670864e-01
-7.868759481219725904e-01
-7.901897401841073698e-01
-7.787733288167553170e-01
-7.786728964205972270e-01
-7.909021085568218590e-01
-7.910208260262682201e-01
-7.680574505176586131e-01
-7.902733532818208007e-01
-7.853180868047117125e-01
-7.741393259141021721e-01
-7.890771020765348087e-01
-7.753827047114727478e-01
-7.842643816537099299e-01
-7.911274959314212873e-01
-7.903340507759788469e-01
-7.887536030488923045e-01
-7.903277689940396700e-01
-7.903502042609742428e-01
-7.901040921970344799e-01
-7.824617674764021702e-01
-7.879011830318877196e-01
-7.679151569991544690e-01
-7.908289310917120396e-01
-7.911304127560885302e-01
-7.911039029704084458e-01
-7.910341378295566717e-01
-7.911107160839260244e-01
-7.889505603533613076e-01
-7.822354508495311665e-01
-7.792931998243830538e-01
-7.775436633333663305e-01
-7.884831460405411496e-01
-7.809948606519341308e-01
-7.905601732690030747e-01
-7.908148495540332501e-01
-7.889806738871382175e-01
-7.908504057754160987e-01
-7.910373987579419897e-01
-7.909538136132130415e-01
-7.908056500834360625e-01
-7.821025266254930663e-01
-7.840881452205253899e-01
-7.910601610416186924e-01
-7.825846964734659572e-01
-7.819361767493907545e-01
-7.827819033527719794e-01
-7.902150469627299278e-01
-7.910622248869638717e-01
-7.655361836476977100e-01
-7.910235305890832569e-01
-7.845564582146542509e-01
-7.722660837276358325e-01
-7.674819406697920288e-01
-7.873005383692783798e-01
-7.863775630280540607e-01
-7.910234534401487938e-01
-7.794035994345329676e-01
-7.909016118962052255e-01
-7.897648744120266961e-01
-7.895954718303571651e-01
-7.842818750506109771e-01
-7.738224254471379737e-01
-7.739351745954083928e-01
-7.884311122344236367e-01
-7.893920225361036325e-01
-7.895815037486120236e-01
-7.802127585303479940e-01
-7.797396455411059746e-01
-7.898429694161882564e-01
-7.736235001352226304e-01
-7.832807953792739752e-01
-7.910848461757411521e-01
-7.810149399767736256e-01
-7.870151866749020009e-01
-7.658360493443910899e-01
-7.901526142779959905e-01
-7.882143568428482405e-01
-7.886170498647601113e-01
-7.718647358946274517e-01
-7.845023456801752948e-01
-7.879709220317512308e-01
-7.897235574622907261e-01
-7.874685617650460934e-01
-7.903650874139903637e-01
-7.782943799032220333e-01
-7.839637716206145912e-01
-7.907664743159608101e-01
-7.894067000712916560e-01
-7.832337825060975423e-01
-7.848541523560527144e-01
-7.903159541035421620e-01
-7.910425229268045477e-01
-7.907623525352757143e-01
-7.861219518427664532e-01
-7.901918557724120218e-01
-7.884324191543504723e-01
-7.871796878435303180e-01
-7.899991150985321564e-01
-7.808159602789092046e-01
-7.856464268534611994e-01
-7.904035667960300771e-01
-7.854948348964660987e-01
-7.907284516545647346e-01
-7.894626636532303676e-01
-7.864846558378701946e-01
-7.829791859579954272e-01
-7.899360473852700126e-01
-7.661736270006960225e-01
-7.779879993387927017e-01
-7.909848822342051555e-01
-7.827688861992397884e-01
-7.816172073340811322e-01
-7.785210782157788723e-01
-7.908888448244961733e-01
-7.900063852416654431e-01
-7.859845089863749523e-01
-7.910158880162410089e-01
-7.910598661058551029e-01
-7.908122413601477163e-01
-7.901923832619751620e-01
-7.903964904377254186e-01
-7.892963218561062089e-01
-7.879821709827196097e-01
-7.908321533251079227e-01
-7.876091489358988396e-01
-7.904845436758477506e-01
-7.755340590666640610e-01
-7.905448025783622379e-01
-7.868285123041437457e-01
-7.911454907519305246e-01
-7.888646670815059325e-01
-7.683976055898908974e-01
-7.783802352331204988e-01
-7.908576003516227804e-01
-7.886720572535107499e-01
-7.882409547084433532e-01
-7.830919161432597919e-01
-7.892173877616472932e-01
-7.902564006304712008e-01
-7.845983518479139329e-01
-7.905344091097284975e-01
-7.817254994719380345e-01
-7.859111499654072297e-01
-7.562674254479863079e-01
-7.908976016314465118e-01
-7.714020715429855679e-01
-7.848968427817167859e-01
-7.444926894840204756e-01
-7.909967289166612847e-01
-7.760050340196134044e-01
-7.909126393773485697e-01
-7.891596855070780459e-01
-7.888941127798010378e-01
-7.865605073528406654e-01
-7.879983514146853274e-01
-7.900000292607923802e-01
