-1.075518500116830367e+00
-1.075923929047947425e+00
-1.073805777878677148e+00
-1.076490482372408408e+00
-1.070296482705687779e+00
-1.058227908854549426e+00
-1.060254165028398532e+00
-1.076520667468374270e+00
-1.076072429363792438e+00
-1.051852152739828128e+00
-1.068899902106439370e+00
-1.075984447320168513e+00
-1.076608214584355849e+00
-1.075399586056535739e+00
-1.063435461429124373e+00
-1.072737103850757379e+00
-1.076477035005753535e+00
-1.075997923557823199e+00
-1.050977657606070537e+00
-1.072130105515187282e+00
-1.065051158015792865e+00
-1.076126521510248679e+00
-1.043348877747719783e+00
-1.069937161692594785e+00
-1.076488874909644622e+00
-1.073939332795506019e+00
-1.075222465732311505e+00
-1.036357310657566089e+00
-1.064657365028923053e+00
-1.054274710883563060e+00
-1.059833384175961513e+00
-1.068442053218548793e+00
-1.038946923856800097e+00
-1.075915559251969356e+00
-1.076496937369173068e+00
-1.066640070696537990e+00
-1.042911796887581843e+00
-1.074172602092092532e+00
-1.071989041810100574e+00
-1.070110469182198543e+00
-1.075347147007649440e+00
-1.069726784770553607e+00
-1.060526931249713201e+00
-1.070514541641985673e+00
-1.075474686046307582e+00
-1.074971438442533511e+00
-1.075207090062265891e+00
-1.067145346255218286e+00
-1.069911413883035678e+00
-1.070441450980668563e+00
-1.072710799110298652e+00
-1.056686353926723498e+00
-1.062527287342762250e+00
-1.038276332487528819e+00
-1.065020452776169080e+00
-1.072971659769480723e+00
-1.068237564583485621e+00
-1.071972111762677926e+00
-1.053181422931318778e+00
-1.073325633128350276e+00
-1.075860748124485511e+00
-1.052792004366581935e+00
-1.072979608607655067e+00
-1.075348654818897742e+00
-1.062420040891682405e+00
-1.076608086993163127e+00
-1.071497152616446513e+00
-1.044532005732124347e+00
-1.075265692603950995e+00
-1.067890447621410388e+00
-1.073840905037885207e+00
-1.052332445104783076e+00
-1.076163177435462970e+00
-1.074339864366864461e+00
-1.048228261118000049e+00
-1.076516726111238498e+00
-1.069969246686612863e+00
-1.076487168726687926e+00
-1.064959210400646228e+00
-1.067216471825902957e+00
-1.076078872253363627e+00
-1.057043575738733310e+00
-1.059198458736007709e+00
-1.071223473233347434e+00
-1.075498231743639010e+00
-1.060719964617108602e+00
-1.058964134250944156e+00
-1.064584440143024224e+00
-1.071729339250540036e+00
-1.075525639635687369e+00
-1.075562873912220496e+00
-1.073279933129613894e+00
-1.045310248677795428e+00
-1.072799275686209697e+00
-1.064096932356422442e+00
-1.072982583251958388e+00
-1.049374564607804317e+00
-1.076269154493873614e+00
-1.075959025939171809e+00
-1.066839249861603278e+00
-1.056626183037822742e+00
-1.075959716980522174e+00
-1.076503228453164596e+00
-1.075966434610252875e+00
-1.076107383762662906e+00
-1.074010361042981643e+00
-1.075617780034606952e+00
-1.073773154114549655e+00
-1.076505032424991626e+00
-1.075239724536602992e+00
-1.076115161237483520e+00
-1.052191668247049350e+00
-1.064372784049426812e+00
-1.034826890622442264e+00
-1.076512919795876044e+00
-1.076068726425235766e+00
-1.073530419786637324e+00
-1.076519484688704509e+00
-1.075951599572961825e+00
-1.075742936750119227e+00
-1.041848653053110141e+00
-1.034631044660871524e+00
-1.073266636637216109e+00
-1.076057947297757167e+00
-1.075558611248796481e+00
-1.072117841859524745e+00
-1.075544659105306167e+00
-1.064516846613203782e+00
-1.039349881057804126e+00
-1.072616800257181424e+00
-1.075480726604526538e+00
-1.056587063764398593e+00
-1.050678494443362254e+00
-1.076490005535250205e+00
-1.076507871096199054e+00
-1.074963951540356177e+00
-1.071826585625474948e+00
-1.051799994950359363e+00
-1.076437928770845431e+00
-1.075785962921743888e+00
-1.076192725506787795e+00
-1.071179502234970826e+00
-1.075986276437705058e+00
-1.051676041503613490e+00
-1.071019358058636683e+00
-1.076527376716201800e+00
-1.072772758138542670e+00
-1.056673904006546039e+00
-1.075964542162781257e+00
-1.073552205749964017e+00
-1.053566856366758842e+00
-1.063743363657211560e+00
-1.076135278736417789e+00
-1.068020755947744149e+00
-1.076166604702537555e+00
-1.065596391503875751e+00
-1.059474545587962169e+00
-1.054980329294865626e+00
-1.076490881909792918e+00
-1.038961761688058871e+00
-1.046764806901281375e+00
-1.052646354829137820e+00
-1.076512364727621573e+00
-1.075440136772757072e+00
-1.041472104435031909e+00
-1.074279226419692534e+00
-1.073542635013525981e+00
-1.076484489311640758e+00
-1.073375488688414592e+00
-1.055227496718233127e+00
-1.052111405004923839e+00
-1.075333226529126662e+00
-1.076495616753762263e+00
-1.076375322473412055e+00
-1.072758183405911225e+00
-1.076502903421586055e+00
-1.056006115918224353e+00
-1.073364013862972755e+00
-1.047368898113434810e+00
-1.050901669134562511e+00
-1.072405927871530551e+00
-1.076527112220590610e+00
-1.064550883193676967e+00
-1.076029301678007144e+00
-1.058383251597350139e+00
-1.062611501255249280e+00
-1.076597261299555797e+00
-1.075938764085238475e+00
-1.055462864284580249e+00
-1.072223366760825414e+00
-1.074178761859601039e+00
-1.075525502265607614e+00
-1.055702473093932170e+00
-1.076491034646695155e+00
-1.045111865793531436e+00
-1.068454963212078113e+00
-1.044853472207849521e+00
-1.055723887925212878e+00
-1.076036254001026649e+00
-1.075337382090454597e+00
-1.075262897704904574e+00
-1.054953073208396930e+00
-1.072591288072233695e+00
-1.076510794517760772e+00
-1.076353032198911208e+00
-1.039470288028185863e+00
-1.076143865530555743e+00
-1.076517751497393149e+00
-1.075673634243374366e+00
-1.072060821169232625e+00
-1.056294656415646571e+00
-1.061850452386950749e+00
-1.076164082681005496e+00
-1.070837472622459430e+00
-1.071484991406267184e+00
-1.076057563592856425e+00
-1.076530096178119678e+00
-1.075258231778805751e+00
-1.071005873904740113e+00
-1.072105574478571910e+00
-1.070810449832295674e+00
-1.064591514469301003e+00
-1.075202898179357547e+00
-1.075252915789549846e+00
-1.076085604784255523e+00
-1.075863620323305625e+00
-1.076109464337294597e+00
-1.063623388354843158e+00
-1.075612783488994140e+00
-1.073166539949541587e+00
-1.075930532125001449e+00
-1.049532434960072536e+00
-1.073673718665903110e+00
-1.059361022954051990e+00
-1.075700479616587657e+00
-1.046222013478343982e+00
-1.067654813231145638e+00
-1.075161908810203570e+00
-1.076109387968843478e+00
-1.073236420807605285e+00
-1.053829853479927081e+00
-1.076228288990622062e+00
-1.076525313836699027e+00
-1.042548839991157550e+00
-1.076042934377854365e+00
-1.060848849882548350e+00
-1.061316399426376123e+00
-1.074006475099539060e+00
-1.073453997318809527e+00
-1.046860219036405582e+00
-1.069267388024544019e+00
-1.075217790958648223e+00
-1.073244942409163016e+00
-1.067342287917798060e+00
-1.076491861661141414e+00
-1.055712887142961520e+00
-1.066804213040684957e+00
-1.076516701896851558e+00
-1.046590340380733508e+00
-1.070848231260841388e+00
-1.075644152295952338e+00
-1.060796300937598247e+00
-1.072034996991222400e+00
-1.073432506119077701e+00
-1.073115072270100612e+00
-1.076104513426487941e+00
-1.057604632397358912e+00
-1.076512110476558703e+00
-1.075950718541806239e+00
-1.054281518851583499e+00
-1.076615498458211917e+00
-1.076041976046925086e+00
-1.063482866679494876e+00
-1.069197579343979854e+00
-1.076542615947490233e+00
-1.075484047700827617e+00
-1.076071563233798045e+00
-1.064314100017016429e+00
-1.075738277343278426e+00
-1.075920938571160335e+00
-1.075191439186399478e+00
-1.075160199833279151e+00
-1.075822945741181869e+00
-1.075161394720142383e+00
-1.063540929054086703e+00
-1.076469530408447284e+00
-1.075946498719220656e+00
-1.072265354507779378e+00
-1.075555583984767694e+00
-1.076525749695663947e+00
-1.056516953800981540e+00
-1.073450863884007234e+00
-1.068375664820139903e+00
-1.076524452363317508e+00
-1.054679726307456988e+00
-1.068471050878232020e+00
-1.076520585511987704e+00
-1.069769471009438533e+00
-1.075848009494309920e+00
-1.066832385082905787e+00
-1.075404902045791644e+00
-1.058448244874542254e+00
-1.065062767417346734e+00
-1.075985834990804690e+00
-1.071231994834905166e+00
-1.047010284905498523e+00
-1.071218174939220447e+00
-1.075027126875882644e+00
-1.076467689183717269e+00
-1.075627974291508693e+00
-1.048560083900754947e+00
-1.076500726920729178e+00
-1.076488806923096675e+00
-1.055733866115277308e+00
-1.049681377654140491e+00
-1.076497650762265224e+00
-1.056156829987829227e+00
-1.075842808057730693e+00
-1.053356704359119433e+00
-1.075944497307007808e+00
-1.066235724427913922e+00
-1.069419632257138986e+00
-1.075296810885136622e+00
-1.076589156930511493e+00
-1.054532789682214755e+00
-1.059617812802260417e+00
-1.063068260495727557e+00
-1.075235290509825248e+00
-1.076493009981875915e+00
-1.050016502906744975e+00
-1.075953251739209193e+00
-1.041310454775755900e+00
-1.068661683296030063e+00
-1.073576095570986766e+00
-1.076519749184315700e+00
-1.073646086325114268e+00
-1.076058104691272277e+00
-1.072298584562902946e+00
-1.048750869055455226e+00
-1.075390914512043494e+00
-1.076484490242963332e+00
-1.059677303825681705e+00
-1.076099095923071403e+00
-1.075491978843873042e+00
-1.076182030198340911e+00
-1.072150389720862407e+00
-1.076530797464018363e+00
-1.076135676411157149e+00
-1.072000779268508452e+00
-1.055214797203605670e+00
-1.064247825239961642e+00
-1.075481691454713840e+00
-1.058402971421545047e+00
-1.066790284180259007e+00
-1.048316006605690021e+00
-1.056804793943827647e+00
-1.075499460158114928e+00
-1.071440503989522952e+00
-1.046389588211839694e+00
-1.075473997798924941e+00
-1.071889237092053193e+00
-1.075204255116348762e+00
-1.073953566198413867e+00
-1.064659816269939441e+00
-1.070219273270284432e+00
-1.073946704679345387e+00
-1.052879323308532733e+00
-1.075990325828259486e+00
-1.075423476343219775e+00
-1.054020918031399745e+00
-1.070006947090094584e+00
-1.076551445816820163e+00
-1.050632876401012439e+00
-1.075306868237619895e+00
-1.070380128045743007e+00
-1.051368455459540385e+00
-1.070278604571884173e+00
-1.075944610928361911e+00
-1.070924110767608184e+00
-1.065780169387524623e+00
-1.074968778585260409e+00
-1.075971679818993110e+00
-1.051239800696437854e+00
-1.045779812206690806e+00
-1.044677936528985995e+00
-1.063257471715276736e+00
-1.076555213016634482e+00
-1.072892814000313777e+00
-1.075969260242944259e+00
-1.076497667526071567e+00
-1.076071202811961669e+00
-1.075890217964714068e+00
-1.064629494269555110e+00
-1.076492275168364543e+00
-1.052276314293211001e+00
-1.072648842876022357e+00
-1.073845543489968080e+00
-1.075062600487088460e+00
-1.075530053173368472e+00
-1.075437417310839194e+00
-1.050442672391598720e+00
-1.072129500155513782e+00
-1.065220833813016910e+00
-1.056288954858844775e+00
-1.053280168269937533e+00
-1.075957908352082271e+00
-1.075428271723156470e+00
-1.044713090230887431e+00
-1.076543175672357577e+00
-1.071403994281952876e+00
-1.072062102203434009e+00
-1.075988037568693656e+00
-1.076277652812366981e+00
-1.049788699542348880e+00
-1.050081183259552020e+00
-1.065772975851958293e+00
-1.063916626443331737e+00
-1.057822932546203631e+00
-1.070365784746771354e+00
-1.061690307744955319e+00
-1.075220750701790351e+00
-1.073214083966975707e+00
-1.071681006868546504e+00
-1.049358160291975040e+00
-1.073944373113279838e+00
-1.076498572771614093e+00
-1.075410755408173102e+00
-1.007964142655199069e+00
-1.048885745053356189e+00
-1.075928513017659682e+00
-1.052071512733762759e+00
-1.068602706362669963e+00
-1.075435777251785296e+00
-1.070751103629534740e+00
-1.076501471047466296e+00
-1.057206952070062655e+00
-1.056377991159623164e+00
-1.059097870310013789e+00
-1.076501933914785880e+00
-1.075998197366660136e+00
-1.070764190574353236e+00
-1.074736065288250941e+00
-1.076504014489417571e+00
-1.072177030668770570e+00
-1.071143639330928821e+00
-1.073293840569620627e+00
-1.076609431822960872e+00
-1.070285160617148179e+00
-1.075473827366893786e+00
-1.075594464373951453e+00
-1.075626805481677550e+00
-1.062934289743369121e+00
-1.075983426590626735e+00
-1.074763902520006198e+00
-1.063714391608899135e+00
-1.070692470819865960e+00
-1.075409094860022563e+00
-1.070325059407567281e+00
-1.067197524999444980e+00
-1.070923614372675914e+00
-1.072483575028543967e+00
-1.065201462303464908e+00
-1.059198769797747630e+00
-1.075095176753764648e+00
-1.069386317917322415e+00
-1.075679133237516183e+00
-1.076135110167031783e+00
-1.066542255749171275e+00
-1.069329786171381969e+00
-1.055472280887132186e+00
-1.076500711088245410e+00
-1.076092885864143867e+00
-1.076007476133471030e+00
-1.063147432693456906e+00
-1.045974751060073871e+00
-1.070723275711005229e+00
-1.053819817547863025e+00
-1.075450480041270751e+00
-1.076034480762844581e+00
-1.060458411519592303e+00
-1.071568216254179973e+00
-1.075267489125197429e+00
-1.045249656831090945e+00
-1.075394439567988414e+00
-1.072495264058177966e+00
-1.075690959637229938e+00
-1.076516915169721145e+00
-1.070044871476655501e+00
-1.075897013825541038e+00
-1.076527161580687064e+00
-1.065733018853878278e+00
-1.076006134097641009e+00
-1.062454914265488881e+00
-1.076488965247934360e+00
-1.043366205935543078e+00
-1.075648629163568515e+00
-1.075350370315080184e+00
-1.076328556110327739e+00
-1.067646321431910295e+00
-1.060449364652102489e+00
-1.076223444250588912e+00
-1.076524961796765822e+00
-1.070717111286883849e+00
-1.076043721345429915e+00
