-1.075519322974658687e+00
-1.075922768338963831e+00
-1.073806480171104694e+00
-1.076490571281017550e+00
-1.070297438426097925e+00
-1.058218181100197164e+00
-1.060246768660641159e+00
-1.076520113274231916e+00
-1.076071963978897150e+00
-1.051866276656056254e+00
-1.068892252156962153e+00
-1.075985643872369835e+00
-1.076608070000463657e+00
-1.075397810956438605e+00
-1.063440341129536115e+00
-1.072734057500167149e+00
-1.076476979326955297e+00
-1.075997970626443312e+00
-1.051006354249101271e+00
-1.072132617152178113e+00
-1.065052564501031807e+00
-1.076125314598956662e+00
-1.043365545890248214e+00
-1.069929449435232716e+00
-1.076488537972642767e+00
-1.073941074631791004e+00
-1.075223950668364958e+00
-1.036370803752440395e+00
-1.064667281621113570e+00
-1.054275850985890495e+00
-1.059835008580023219e+00
-1.068436250445931046e+00
-1.038961553482472988e+00
-1.075916607929932711e+00
-1.076497070152772295e+00
-1.066626792917131583e+00
-1.042971574001294810e+00
-1.074172328726687775e+00
-1.071994933236996239e+00
-1.070111846102455910e+00
-1.075345033999899336e+00
-1.069721058324947016e+00
-1.060502091239163169e+00
-1.070520131261870178e+00
-1.075473076755871560e+00
-1.074970653957192823e+00
-1.075208999633390672e+00
-1.067152077041419123e+00
-1.069901235771944625e+00
-1.070442611849270920e+00
-1.072706031975711349e+00
-1.056680801416436166e+00
-1.062530762532539086e+00
-1.038289282884504949e+00
-1.065024968698265795e+00
-1.072966932942744922e+00
-1.068243787822831914e+00
-1.071964748570274795e+00
-1.053172394212923413e+00
-1.073324183922256703e+00
-1.075858907760350203e+00
-1.052794333535176374e+00
-1.072978718371265350e+00
-1.075346348256856155e+00
-1.062411275589698390e+00
-1.076608020819492140e+00
-1.071489880662452654e+00
-1.044596361873703527e+00
-1.075264220492938350e+00
-1.067876362298525006e+00
-1.073840328044858738e+00
-1.052321003781092168e+00
-1.076163498654235884e+00
-1.074342550150676034e+00
-1.048218641862597167e+00
-1.076516318403281547e+00
-1.069971147352694496e+00
-1.076487092988802852e+00
-1.064964450310954103e+00
-1.067205589145344913e+00
-1.076078869707350671e+00
-1.057032831864124667e+00
-1.059197240471284607e+00
-1.071219796357795406e+00
-1.075498540428371452e+00
-1.060758942996451681e+00
-1.058930719672770859e+00
-1.064620681458622320e+00
-1.071735489751784343e+00
-1.075524581823406267e+00
-1.075560641862384204e+00
-1.073281612902492688e+00
-1.045348950735036198e+00
-1.072798630907185302e+00
-1.064091799764259605e+00
-1.072981012513415600e+00
-1.049345623421619855e+00
-1.076268290940891825e+00
-1.075958304678353628e+00
-1.066854410241967477e+00
-1.056577548267533695e+00
-1.075959884525085730e+00
-1.076503299724755447e+00
-1.075966916586429845e+00
-1.076106965990721864e+00
-1.074011146907392300e+00
-1.075616573603394022e+00
-1.073774738114648963e+00
-1.076504686173648695e+00
-1.075241417476295203e+00
-1.076114455203696085e+00
-1.052216466178242049e+00
-1.064382814471042105e+00
-1.034790034251616975e+00
-1.076512756631144985e+00
-1.076070064078423316e+00
-1.073533079641141530e+00
-1.076518821352286936e+00
-1.075952976004656225e+00
-1.075741429522906856e+00
-1.041894198978349229e+00
-1.034646222587332742e+00
-1.073261057912051175e+00
-1.076057696827368737e+00
-1.075558843579842216e+00
-1.072116693404989940e+00
-1.075543623594085840e+00
-1.064513197692108282e+00
-1.039444907274481578e+00
-1.072620077245880932e+00
-1.075481382516169759e+00
-1.056594336666034417e+00
-1.050621068446182971e+00
-1.076490960820695397e+00
-1.076508245045778356e+00
-1.074963096264296425e+00
-1.071823256997140428e+00
-1.051803879717277512e+00
-1.076438771931702121e+00
-1.075784327170377308e+00
-1.076192899715561646e+00
-1.071176504544648189e+00
-1.075986976119287952e+00
-1.051713348685132665e+00
-1.071015816080953531e+00
-1.076527153570560724e+00
-1.072766267517247796e+00
-1.056686113210153044e+00
-1.075963789533965320e+00
-1.073551032527668925e+00
-1.053530621021626645e+00
-1.063760193338118887e+00
-1.076134681595415810e+00
-1.068029107808587286e+00
-1.076167027122379993e+00
-1.065597200765733277e+00
-1.059481927288165926e+00
-1.054966180830334332e+00
-1.076490901065747963e+00
-1.038854769486417418e+00
-1.046744614497857828e+00
-1.052635546469977257e+00
-1.076512094455700064e+00
-1.075439812295640563e+00
-1.041470483475351871e+00
-1.074279169902686126e+00
-1.073540454492183827e+00
-1.076484654904765303e+00
-1.073372538945319254e+00
-1.055271842490342671e+00
-1.052117271800054876e+00
-1.075333342716311424e+00
-1.076495335687176702e+00
-1.076372677034893588e+00
-1.072759799535432546e+00
-1.076503101383930572e+00
-1.056077380978060365e+00
-1.073362081491738396e+00
-1.047278594648125338e+00
-1.050905539871245242e+00
-1.072409883620040860e+00
-1.076525594864816915e+00
-1.064536513973345588e+00
-1.076029941859719008e+00
-1.058386612113654701e+00
-1.062609128263468206e+00
-1.076597389103058022e+00
-1.075937428654162309e+00
-1.055454029810726890e+00
-1.072222136235146506e+00
-1.074180599098007560e+00
-1.075526680863723827e+00
-1.055709159368395378e+00
-1.076491118209564668e+00
-1.044966283262995788e+00
-1.068457956284462496e+00
-1.044829216358328594e+00
-1.055752116054814005e+00
-1.076038098258142783e+00
-1.075335041311948014e+00
-1.075262325501486593e+00
-1.054935443620077296e+00
-1.072594007864863697e+00
-1.076510610165889670e+00
-1.076350203215987511e+00
-1.039426218506520616e+00
-1.076144654787397625e+00
-1.076517553702291963e+00
-1.075672383244468788e+00
-1.072068306272953242e+00
-1.056286638041656234e+00
-1.061827453155525403e+00
-1.076162972582658917e+00
-1.070832687236353387e+00
-1.071490549169908491e+00
-1.076057487518558231e+00
-1.076530185089125125e+00
-1.075258347543687432e+00
-1.070999782717857451e+00
-1.072099597984772945e+00
-1.070807283765788931e+00
-1.064582178325602202e+00
-1.075202337475749559e+00
-1.075252821638122303e+00
-1.076084816308560344e+00
-1.075863543089619068e+00
-1.076109430882747908e+00
-1.063639460257288283e+00
-1.075611544637432804e+00
-1.073163494351565772e+00
-1.075929839756271988e+00
-1.049540308022928192e+00
-1.073670355919648101e+00
-1.059392330234279367e+00
-1.075700294725997930e+00
-1.046218857668967939e+00
-1.067660607286168517e+00
-1.075159639982123716e+00
-1.076108280459675770e+00
-1.073233305166380491e+00
-1.053824179102375247e+00
-1.076227827369461432e+00
-1.076525670354749220e+00
-1.042543740645603290e+00
-1.076042505084611856e+00
-1.060863166883567743e+00
-1.061338436541081176e+00
-1.074004372090846982e+00
-1.073443646979113986e+00
-1.046857577596939315e+00
-1.069262940080647262e+00
-1.075219775625723795e+00
-1.073240410746669760e+00
-1.067340574069698178e+00
-1.076491778078050077e+00
-1.055721315903623614e+00
-1.066788931726644574e+00
-1.076516426644205326e+00
-1.046586199843325016e+00
-1.070854876869486993e+00
-1.075643645274590776e+00
-1.060785927025739817e+00
-1.072031607602486947e+00
-1.073439274376618791e+00
-1.073114567723934876e+00
-1.076105499369906626e+00
-1.057647961925096247e+00
-1.076512034117738326e+00
-1.075950303794815488e+00
-1.054310450089044338e+00
-1.076615635654359693e+00
-1.076040748264024183e+00
-1.063481850735106038e+00
-1.069203948514096503e+00
-1.076542540958175032e+00
-1.075483786288240040e+00
-1.076072100877776938e+00
-1.064307176162916591e+00
-1.075738217287492970e+00
-1.075922159696447444e+00
-1.075190277119451698e+00
-1.075160158205705541e+00
-1.075823296550024066e+00
-1.075161806640362094e+00
-1.063546691868926031e+00
-1.076469435175031464e+00
-1.075944731770289042e+00
-1.072273898391501890e+00
-1.075556677603582090e+00
-1.076525466657914265e+00
-1.056490801276340985e+00
-1.073445244643827845e+00
-1.068380921328463407e+00
-1.076524441721761205e+00
-1.054690195329447633e+00
-1.068473930048617682e+00
-1.076520289989080670e+00
-1.069758579250750241e+00
-1.075848044407113901e+00
-1.066848691621564926e+00
-1.075405259714439010e+00
-1.058464632964868590e+00
-1.065059648821331084e+00
-1.075984466433319575e+00
-1.071234939371627615e+00
-1.046887680004706001e+00
-1.071217047545029111e+00
-1.075026559944203930e+00
-1.076467711902407753e+00
-1.075626656802280978e+00
-1.048561760327463732e+00
-1.076501027174588954e+00
-1.076488946180309769e+00
-1.055738099135118624e+00
-1.049687833117212588e+00
-1.076497324323566707e+00
-1.056195306733148209e+00
-1.075842485325567699e+00
-1.053341586212775072e+00
-1.075944720042307345e+00
-1.066271454819102127e+00
-1.069414552434607923e+00
-1.075297344500299790e+00
-1.076588627022094569e+00
-1.054543815411250751e+00
-1.059601605251854428e+00
-1.063044206643320333e+00
-1.075233644653542653e+00
-1.076493064337002314e+00
-1.049985332426784490e+00
-1.075953294742388433e+00
-1.041326490210217948e+00
-1.068669807072974764e+00
-1.073576849538917077e+00
-1.076518186073790240e+00
-1.073649070834769681e+00
-1.076057488124537054e+00
-1.072296521010271952e+00
-1.048774685642088977e+00
-1.075389629573021866e+00
-1.076483979265313584e+00
-1.059686550805499117e+00
-1.076099421340793283e+00
-1.075489595774564933e+00
-1.076181294745907291e+00
-1.072156198707198582e+00
-1.076531201656313552e+00
-1.076137100655482737e+00
-1.072000174829772501e+00
-1.055242253000141517e+00
-1.064248139394430304e+00
-1.075480019470290038e+00
-1.058432649705609574e+00
-1.066790643326282817e+00
-1.048333022482523802e+00
-1.056852122160564900e+00
-1.075498112599707845e+00
-1.071432004563028118e+00
-1.046439247808600204e+00
-1.075473053461883488e+00
-1.071882987118070396e+00
-1.075203603202733449e+00
-1.073956952463005488e+00
-1.064653355860311290e+00
-1.070213725260457549e+00
-1.073944029799416722e+00
-1.052900962532370643e+00
-1.075990380014554715e+00
-1.075425147959427008e+00
-1.053986900519429337e+00
-1.070012795856183363e+00
-1.076551700145806478e+00
-1.050663803260780238e+00
-1.075305794445490903e+00
-1.070379323438202190e+00
-1.051335047414568846e+00
-1.070275464343773963e+00
-1.075946660207727668e+00
-1.070919251221670532e+00
-1.065772526881628490e+00
-1.074968807725702247e+00
-1.075970790838326696e+00
-1.051270288705686395e+00
-1.045776400624053748e+00
-1.044668817964405694e+00
-1.063284342911066771e+00
-1.076554068407906684e+00
-1.072895738570033952e+00
-1.075968408247234054e+00
-1.076497991618041716e+00
-1.076071000540679945e+00
-1.075887478319360602e+00
-1.064614264050782300e+00
-1.076492475184486874e+00
-1.052261393669085443e+00
-1.072645348964562428e+00
-1.073851284372054016e+00
-1.075062511823288380e+00
-1.075528740226059599e+00
-1.075437573904447497e+00
-1.050374783811361734e+00
-1.072134118692985583e+00
-1.065246358737074850e+00
-1.056288882413852326e+00
-1.053262435432457789e+00
-1.075956579853763806e+00
-1.075426703534180906e+00
-1.044702362535392615e+00
-1.076543697095256658e+00
-1.071403259604143399e+00
-1.072058836347555388e+00
-1.075987222283096401e+00
-1.076277914926155432e+00
-1.049787227858228755e+00
-1.050047630042654223e+00
-1.065765291940459214e+00
-1.063867062359099336e+00
-1.057812619739594062e+00
-1.070369204348352588e+00
-1.061681243819203591e+00
-1.075222751928312181e+00
-1.073209512085515627e+00
-1.071681892414915405e+00
-1.049360820988378240e+00
-1.073942382496738901e+00
-1.076498299297776962e+00
-1.075411942604051818e+00
-1.007982651602554069e+00
-1.048873001321970921e+00
-1.075927985350761507e+00
-1.052095652027449368e+00
-1.068609450083553458e+00
-1.075436072700635792e+00
-1.070753253503253566e+00
-1.076501560655159340e+00
-1.057151825126362521e+00
-1.056359520679004849e+00
-1.059132375631475886e+00
-1.076501880833899527e+00
-1.075998604375938639e+00
-1.070768729754823623e+00
-1.074733926045724264e+00
-1.076503880956288794e+00
-1.072179503976453452e+00
-1.071148775229957995e+00
-1.073289678939024272e+00
-1.076609289691477622e+00
-1.070288410898348364e+00
-1.075472120766637341e+00
-1.075593139888238348e+00
-1.075626550897364364e+00
-1.062936796895774139e+00
-1.075983246003285210e+00
-1.074766800875271100e+00
-1.063701801100098931e+00
-1.070697831105867470e+00
-1.075408449982873549e+00
-1.070319285488522176e+00
-1.067196790250424243e+00
-1.070918509544259489e+00
-1.072479722884850384e+00
-1.065204291113952539e+00
-1.059152474295311785e+00
-1.075090401038842014e+00
-1.069376208451493282e+00
-1.075679069856100512e+00
-1.076134575123514736e+00
-1.066518508521285158e+00
-1.069337543992603390e+00
-1.055490191075616258e+00
-1.076500490015030120e+00
-1.076091409720252301e+00
-1.076008928446629653e+00
-1.063166272700085235e+00
-1.045965002017248624e+00
-1.070717393642136139e+00
-1.053803998538635600e+00
-1.075451517060202811e+00
-1.076033495779853189e+00
-1.060448871777001534e+00
-1.071573027986533200e+00
-1.075265171396168729e+00
-1.045209609651184923e+00
-1.075395195116551017e+00
-1.072489541481956854e+00
-1.075690724540713239e+00
-1.076516690494999651e+00
-1.070048638246319683e+00
-1.075896173054370575e+00
-1.076527103317608258e+00
-1.065741664945471623e+00
-1.076006521180567832e+00
-1.062473260263813390e+00
-1.076488572267614074e+00
-1.043430955598600551e+00
-1.075648526535661675e+00
-1.075349739061122412e+00
-1.076328713472257226e+00
-1.067644749652911118e+00
-1.060461508472806846e+00
-1.076222990253351997e+00
-1.076524890917393895e+00
-1.070712757635862822e+00
-1.076044778014776382e+00
