-5.978349301733054677e-01
-5.949290812715866128e-01
-5.839581106558420220e-01
-5.978396142601944963e-01
-5.864758942045249501e-01
-5.953819974094607392e-01
-5.898038101151563684e-01
-5.937443793520309487e-01
-5.977736850038148919e-01
-5.952101930744924108e-01
-5.976430386073865453e-01
-5.861795147649921933e-01
-5.860251433916368047e-01
-5.971976047150768796e-01
-5.959106999218442002e-01
-5.978335019901372949e-01
-5.945415653988697091e-01
-5.964963798180200616e-01
-5.803121736973502198e-01
-5.976681647591270963e-01
-5.973045736320294896e-01
-5.940085238546111146e-01
-5.898235569477059403e-01
-5.862590268954612771e-01
-5.969637072414137879e-01
-5.853112254992105523e-01
-5.862921689406015435e-01
-5.976770556300856629e-01
-5.956445065095998803e-01
-5.917454852025934020e-01
-5.964727996617533723e-01
-5.945773961722828904e-01
-5.970758394107200662e-01
-5.838309553220846215e-01
-5.857288715198614160e-01
-5.957490283764876882e-01
-5.960584575079359571e-01
-5.949560542359926263e-01
-5.976632883541264096e-01
-5.915754240706541101e-01
-5.873288771837927857e-01
-5.933158107802249948e-01
-5.909572447419144670e-01
-5.941140576034762422e-01
-5.978556446500100652e-01
-5.978446252413072148e-01
-5.863878842212237874e-01
-5.957308214858152429e-01
-5.978259997211374799e-01
-5.963438771434106389e-01
-5.972561504460849324e-01
-5.976186263143994370e-01
-5.935486742529996196e-01
-5.978178450606741468e-01
-5.828149084702112237e-01
-5.951419001214184323e-01
-5.959136834137119809e-01
-5.959340090632416764e-01
-5.881497388474621335e-01
-5.970865244746186296e-01
-5.974777442172147790e-01
-5.900123500034191171e-01
-5.950299579419173757e-01
-5.935519296910591880e-01
-5.938606081765123168e-01
-5.932847500082083503e-01
-5.871156005889155427e-01
-5.944294686198212663e-01
-5.862434323646106282e-01
-5.803396868288495103e-01
-5.978362796597160855e-01
-5.975114031463839570e-01
-5.978237347446360150e-01
-5.884681994795777360e-01
-5.888356560610212842e-01
-5.908911143198587457e-01
-5.976978460095800916e-01
-5.955453644275643388e-01
-5.975131889574207822e-01
-5.956942051418103734e-01
-5.946172046244122544e-01
-5.834745679751016656e-01
-5.976809005953349629e-01
-5.943687931869157115e-01
-5.944894350834168950e-01
-5.929579989753641645e-01
-5.972636024236657182e-01
-5.976382190130629102e-01
-5.913916548017390529e-01
-5.978328551866092244e-01
-5.971108361847676793e-01
-5.943344727858879128e-01
-5.972317265115656415e-01
-5.956952593989648381e-01
-5.931069523796417275e-01
-5.865472255974986115e-01
-5.956070473186649838e-01
-5.940277072370030442e-01
-5.954406749226131002e-01
-5.757145312383749047e-01
-5.956720741234697858e-01
-5.883358352586605111e-01
-5.941901624903060952e-01
-5.920538596112259189e-01
-5.949157661527373353e-01
-5.956024337794609824e-01
-5.950365191094555417e-01
-5.952871296323813954e-01
-5.950745389565803567e-01
-5.974918849535264531e-01
-5.970822133824207345e-01
-5.880434321008600751e-01
-5.862189665205754796e-01
-5.857148788638391057e-01
-5.978420268513240377e-01
-5.951997464291729489e-01
-5.972678567051865617e-01
-5.865577178776242295e-01
-5.972069863930322686e-01
-5.975662505954482118e-01
-5.884396055482306043e-01
-5.971071392998077432e-01
-5.969748225763418237e-01
-5.978488636903442899e-01
-5.896919547814853946e-01
-5.949379311643518964e-01
-5.971739146627463857e-01
-5.972870414845623532e-01
-5.962376462995984117e-01
-5.899327652297892133e-01
-5.920166800498940507e-01
-5.978186432041205922e-01
-5.956928575180449048e-01
-5.976935018554307977e-01
-5.978693853832759419e-01
-5.886446506485321084e-01
-5.977863509908296624e-01
-5.960683583982266942e-01
-5.978269543267764607e-01
-5.932170517045982638e-01
-5.974956563442923585e-01
-5.919833627996944347e-01
-5.919247077546991864e-01
-5.948266907364108125e-01
-5.955844660058595696e-01
-5.970017638757803002e-01
-5.978552176386096040e-01
-5.940446247115709344e-01
-5.823762303918578187e-01
-5.950581295184769193e-01
-5.920271674405761519e-01
-5.857942922741152803e-01
-5.977131271503843823e-01
-5.978210050381698171e-01
-5.978607673898317376e-01
-5.818745371654607812e-01
-5.973050346367039243e-01
-5.931162006456383029e-01
-5.837427683874942819e-01
-5.955319971546508828e-01
-5.811098468258955041e-01
-5.972518174678065339e-01
-5.974406249590196172e-01
-5.848212529674150506e-01
-5.961551534712292710e-01
-5.836629493862368623e-01
-5.950379403077044049e-01
-5.786832281157352487e-01
-5.955161772437371770e-01
-5.931003178704508105e-01
-5.852237528890349427e-01
-5.849445088535525361e-01
-5.901166255354859391e-01
-5.947406537599839726e-01
-5.959107455566503564e-01
-5.978081914365269700e-01
-5.910360893469281951e-01
-5.964051479242720166e-01
-5.874176848448791066e-01
-5.977951873794176141e-01
