-5.837991325319384917e-01
-5.715882823937212809e-01
-5.908093628608261927e-01
-5.854629929312145098e-01
-5.803193938121771200e-01
-5.910514648207103594e-01
-5.910990181513702257e-01
-5.890295094945108278e-01
-5.903891203128373011e-01
-5.880450703338360174e-01
-5.871980273299490793e-01
-5.861292694829975947e-01
-5.907194129326021059e-01
-5.826857629366790636e-01
-5.783640434168850764e-01
-5.911024938472186907e-01
-5.811498215556716307e-01
-5.852241180040513857e-01
-5.833624151204352959e-01
-5.909367370553886278e-01
-5.911186308734690531e-01
-5.823085111700569971e-01
-5.910542410933052881e-01
-5.843294257432793959e-01
-5.911199971236860140e-01
-5.909516354226147516e-01
-5.826804525353586062e-01
-5.870168278128480299e-01
-5.888191810012435301e-01
-5.869968276605581625e-01
-5.890523976781045778e-01
-5.910674248956715449e-01
-5.908181312628661974e-01
-5.910400495999132975e-01
-5.888667659968709334e-01
-5.886478446558689459e-01
-5.907864998229419573e-01
-5.910950069450413569e-01
-5.726889082365309580e-01
-5.884471334651684149e-01
-5.765983414970909937e-01
-5.910731059633766993e-01
-5.892433597840940340e-01
-5.828624995560025557e-01
-5.848816380970751627e-01
-5.780528512918030604e-01
-5.907811987348472460e-01
-5.910687343352114542e-01
-5.910152624495899065e-01
-5.730581534229790552e-01
-5.904624545150076731e-01
-5.910806934483920916e-01
-5.907736317389284952e-01
-5.893449791841780527e-01
-5.832132030413126333e-01
-5.907290223189269884e-01
-5.910127394967352732e-01
-5.825347322173988207e-01
-5.910654542171036585e-01
-5.806010676682566984e-01
-5.843518184632634505e-01
-5.875603327662324293e-01
-5.805916710891401156e-01
-5.909158679791366442e-01
-5.907701057516610010e-01
-5.910400635697519167e-01
-5.906208361633693560e-01
-5.882142441481923445e-01
-5.906463916548168047e-01
-5.905383833818709238e-01
-5.908471615188395365e-01
-5.855208103679692133e-01
-5.885298903234874590e-01
-5.839322343603348120e-01
-5.872481040791248663e-01
-5.748303429358279093e-01
-5.884727494925832136e-01
-5.857062455401396139e-01
-5.902234138124262675e-01
-5.911351786129748209e-01
-5.885086971469795092e-01
-5.886164050683950766e-01
-5.825346782006894930e-01
-5.823052976415132864e-01
-5.885679683782731875e-01
-5.812205121987139567e-01
-5.907852546446596964e-01
-5.907494080387627466e-01
-5.746093382262265070e-01
-5.903597212531244143e-01
-5.767722138338362559e-01
-5.843134740502213820e-01
-5.906269493647491320e-01
-5.910937002994691714e-01
-5.910080763646041735e-01
-5.889190797828709467e-01
-5.910495733045613154e-01
-5.905322608672654017e-01
-5.849260817416583880e-01
-5.819316794299160822e-01
-5.859886295296823366e-01
-5.905535807036434992e-01
-5.907351941936289652e-01
-5.883635696158384665e-01
-5.911279981159245356e-01
-5.755133469723736628e-01
-5.908548728697573527e-01
-5.770880038984691485e-01
-5.892912428029453142e-01
-5.882726045460080488e-01
-5.842337356083666666e-01
-5.834125936166023596e-01
-5.833069481090282782e-01
-5.826626489073609694e-01
-5.911160017498409136e-01
-5.879060140945588930e-01
-5.888436375320529326e-01
-5.866006835498487337e-01
-5.905304438569223269e-01
-5.906951044820820673e-01
-5.882858176850354059e-01
-5.899208410777723177e-01
-5.903906737588917597e-01
-5.908237657644426211e-01
-5.888142678090011461e-01
-5.907232304238354548e-01
-5.886113554373955115e-01
-5.910427606799280031e-01
-5.795936057478761061e-01
-5.777857721917902811e-01
-5.857914657466685160e-01
-5.838458914444422110e-01
-5.857410346292530878e-01
-5.870033483155643328e-01
-5.909135545738612993e-01
-5.752063104086195811e-01
-5.878455833666598185e-01
-5.890198409692024573e-01
-5.910769970290934427e-01
-5.901854968764459475e-01
-5.809496062942420824e-01
-5.811371113308345659e-01
-5.903245950252389296e-01
-5.902947130747711046e-01
-5.895557318948780878e-01
-5.904089435138379915e-01
-5.775632829540049418e-01
-5.788581337914442404e-01
-5.910678430595075472e-01
-5.885811931588327273e-01
-5.910588921182429178e-01
-5.881215202756797655e-01
-5.907056805812394007e-01
-5.900014796428953989e-01
-5.821745986253594740e-01
-5.883779990621482714e-01
-5.800931327179645880e-01
-5.791184784979199751e-01
-5.888852336578642710e-01
-5.844671990857099875e-01
-5.905318399094616755e-01
-5.904656740971481188e-01
-5.907457386278187617e-01
-5.878671085596656187e-01
-5.880602541514312609e-01
-5.879709286749934538e-01
-5.840757507034217699e-01
-5.880008474127029761e-01
-5.908503187023674830e-01
-5.877275093593274935e-01
-5.854086185940181597e-01
-5.857946930122202023e-01
-5.893314712815558298e-01
-5.816513881221985205e-01
-5.856048096106027945e-01
-5.875852638058935984e-01
-5.822707632691239699e-01
-5.871590957180237158e-01
-5.890531716071640833e-01
-5.767654431187188013e-01
