-5.837959818058917616e-01
-5.715722747752474131e-01
-5.908085877772956129e-01
-5.854637074767461424e-01
-5.803251248261376283e-01
-5.910506743784912365e-01
-5.910981290092881535e-01
-5.890299884276753994e-01
-5.903889643570209289e-01
-5.880459146316447949e-01
-5.871966084881390380e-01
-5.861303006532802007e-01
-5.907185254627873583e-01
-5.826836254630755052e-01
-5.783589996004426803e-01
-5.911014637486228240e-01
-5.811491748139666624e-01
-5.852236831289119312e-01
-5.833584395770043951e-01
-5.909360112607562332e-01
-5.911175116026863297e-01
-5.823086119018848761e-01
-5.910537284240273692e-01
-5.843310306022799772e-01
-5.911191371253993188e-01
-5.909513135514534721e-01
-5.826808393783369233e-01
-5.870168808457941756e-01
-5.888197916928440412e-01
-5.869961455334791189e-01
-5.890512240935789068e-01
-5.910663580438558773e-01
-5.908175742330648017e-01
-5.910394437315151794e-01
-5.888667022310949406e-01
-5.886474093745640568e-01
-5.907860875084293140e-01
-5.910940060216193226e-01
-5.726890570394723712e-01
-5.884473330885937603e-01
-5.765977440318443836e-01
-5.910725813628404657e-01
-5.892438446235895855e-01
-5.828636651821894610e-01
-5.848787907534690467e-01
-5.780587980000286841e-01
-5.907799325293614512e-01
-5.910676641658153541e-01
-5.910147627013706551e-01
-5.730558547432750283e-01
-5.904625248938000226e-01
-5.910799435749294339e-01
-5.907734255666060585e-01
-5.893433442035103109e-01
-5.832123939875402119e-01
-5.907290279633488073e-01
-5.910122739543977044e-01
-5.825346527929784468e-01
-5.910645884322869303e-01
-5.806061246240130647e-01
-5.843530546215638388e-01
-5.875611110368141876e-01
-5.805924934959708628e-01
-5.909151884815251332e-01
-5.907697454955657124e-01
-5.910393612325962609e-01
-5.906191415377577414e-01
-5.882141508052606271e-01
-5.906451022808855145e-01
-5.905368407179990564e-01
-5.908460126611891905e-01
-5.855237014844524301e-01
-5.885276964289235524e-01
-5.839330692715745119e-01
-5.872462967401458345e-01
-5.748368902909549716e-01
-5.884721189336550307e-01
-5.857063744254470405e-01
-5.902223237401107436e-01
-5.911342342892246249e-01
-5.885095067035439609e-01
-5.886165095274299430e-01
-5.825352303955173561e-01
-5.823079686493997098e-01
-5.885680001504792758e-01
-5.812233461422828817e-01
-5.907839750731127548e-01
-5.907487733044379796e-01
-5.746116462002239800e-01
-5.903588059342879113e-01
-5.767749425672562547e-01
-5.843128753088925320e-01
-5.906267888556290258e-01
-5.910932067582618243e-01
-5.910075796031766249e-01
-5.889185129403878838e-01
-5.910490356257958044e-01
-5.905308650318260577e-01
-5.849246223365702768e-01
-5.819299647936242437e-01
-5.859875823131269756e-01
-5.905533798816997582e-01
-5.907352615373328009e-01
-5.883651573047301575e-01
-5.911271057189743106e-01
-5.755107944615955873e-01
-5.908535128281656723e-01
-5.770877636794963239e-01
-5.892907038758733451e-01
-5.882715573660598496e-01
-5.842318519561214840e-01
-5.834119164689614001e-01
-5.833033050073739290e-01
-5.826627960138428541e-01
-5.911148824138146018e-01
-5.879065405288139701e-01
-5.888439823923647953e-01
-5.866011088063997070e-01
-5.905287632064959435e-01
-5.906943425582552587e-01
-5.882872190174356364e-01
-5.899198100015882185e-01
-5.903888804320721606e-01
-5.908228245448472471e-01
-5.888151524905804735e-01
-5.907218070621516048e-01
-5.886099826556810966e-01
-5.910422530402675845e-01
-5.795956685592117408e-01
-5.777820140837738316e-01
-5.857942242047378123e-01
-5.838419968928448833e-01
-5.857414125482467426e-01
-5.870009917145718736e-01
-5.909122666838585447e-01
-5.752051455325986051e-01
-5.878458659916478979e-01
-5.890200760126564905e-01
-5.910763193968410212e-01
-5.901839226950319484e-01
-5.809427437041133624e-01
-5.811347984205312844e-01
-5.903237643544732016e-01
-5.902931969160732928e-01
-5.895541805338369024e-01
-5.904076086880158947e-01
-5.775698592575096990e-01
-5.788543578897892283e-01
-5.910672901011204683e-01
-5.885809944480299150e-01
-5.910582310283969409e-01
-5.881197004362673786e-01
-5.907052946724470344e-01
-5.900016490857251661e-01
-5.821777624151780461e-01
-5.883788515666888985e-01
-5.800990819960596401e-01
-5.791201695188780141e-01
-5.888842756909490328e-01
-5.844656986539034094e-01
-5.905313569744143898e-01
-5.904653241945658770e-01
-5.907449053065627620e-01
-5.878674214333006187e-01
-5.880580618718730390e-01
-5.879711947947628969e-01
-5.840750979572580937e-01
-5.880019168650433281e-01
-5.908495104163756784e-01
-5.877283167462304947e-01
-5.854045610603491046e-01
-5.857938242500749793e-01
-5.893289804200668724e-01
-5.816541916375527199e-01
-5.856069079955014134e-01
-5.875857117910135985e-01
-5.822692921005212519e-01
-5.871593058561511702e-01
-5.890530397401230189e-01
-5.767620493296342632e-01
