-7.879448465489358178e-01
-8.013674120836467019e-01
-8.020101038225502244e-01
-7.495466058560222855e-01
-7.798776028164238205e-01
-7.830154083155602684e-01
-8.017422144718975296e-01
-7.566358146675438157e-01
-7.661368341602892151e-01
-7.988189251579851380e-01
-7.732559905805200806e-01
-8.023840698831290474e-01
-7.362742272623390427e-01
-7.953827946864575615e-01
-7.762011268593878022e-01
-7.990030737080187073e-01
-7.372887877233833542e-01
-7.970076275475830307e-01
-7.963803594418377152e-01
-8.004309774794191590e-01
-7.966029911719769707e-01
-7.955038363531738987e-01
-7.773254278533667794e-01
-7.932035129003733864e-01
-7.616224621840328446e-01
-7.905113834374160042e-01
-8.014487314455718270e-01
-7.998962968074292412e-01
-7.984488725148648491e-01
-8.021362402894109955e-01
-7.899313399054617157e-01
-8.012978637077421418e-01
-7.431126271792263260e-01
-7.524830584832042923e-01
-8.024692011483520737e-01
-7.842429706313223114e-01
-8.020766300567001572e-01
-8.023789224632591477e-01
-7.818169339977711907e-01
-7.725947645910591355e-01
-7.468423990019172898e-01
-7.981222828336567154e-01
-7.750657664098352662e-01
-7.981612987302750817e-01
-7.836804033674806824e-01
-7.528989759691566697e-01
-7.353973647065967789e-01
-7.969665618099779358e-01
-7.844818120308727494e-01
-7.573419620700687638e-01
-8.018144012846559754e-01
-7.906321494326502552e-01
-7.774016389109701386e-01
-8.009604399510235062e-01
-7.997704611577600708e-01
-8.023842254139990082e-01
-7.991758433588356247e-01
-7.994371203192085495e-01
-8.011312398545951119e-01
-8.023780451573938599e-01
-7.556972985573620072e-01
-8.013865926720709076e-01
-7.814342544831842652e-01
-7.949995410115033856e-01
-7.991053748362273446e-01
-7.819313702591270676e-01
-7.840485020958394280e-01
-7.769259826697916260e-01
-8.008669938378543129e-01
-8.019796924151987305e-01
-7.517288026817650071e-01
-7.522502017625183335e-01
-7.941884130657226315e-01
-7.963890202761203518e-01
-8.007908554234117737e-01
-7.946348919019610157e-01
-7.725572844453663102e-01
-7.880178519942373505e-01
-7.964971454300493470e-01
-7.982813136138529053e-01
-8.018553440876812211e-01
-7.996812255539507142e-01
-8.023965067647904625e-01
-8.016729361795396080e-01
-8.018815012135118714e-01
-7.998511909924954644e-01
-7.990782472722739449e-01
-8.023818300523370972e-01
-7.816020098932594529e-01
-7.824799881734461060e-01
-7.689869848497719040e-01
-8.021443223067135087e-01
-8.020161723204464188e-01
-8.024090647183865777e-01
-7.711482958354562989e-01
-7.979451508679002991e-01
-7.983117389910430184e-01
-7.467031215735286942e-01
-7.924685103305191269e-01
-7.988969942041248551e-01
-7.631949817248195878e-01
-7.990088087924331894e-01
-7.943239218973130455e-01
-8.012722439550370446e-01
-7.672701419748872986e-01
-7.996872418977827301e-01
-7.877277152099222413e-01
-7.646312375970691910e-01
-8.023438721381634942e-01
-8.020535369821399918e-01
-7.987397497006267777e-01
-8.009698891498655549e-01
-7.904629928477615586e-01
-7.870372927234083882e-01
-7.765421874307603112e-01
-7.915570724241942635e-01
-7.862330300219864121e-01
-7.654415701933712235e-01
-7.927139580667525998e-01
-8.017119371749967804e-01
-8.018120748408645859e-01
-8.017690589137882462e-01
-7.983278629787773362e-01
-7.682340943672270051e-01
-7.953636322588235608e-01
-8.024027000599116555e-01
-7.977416922756046525e-01
-7.935963522129267922e-01
-8.016514654689044228e-01
-8.024443143465131989e-01
-8.016965107478708497e-01
-8.024353336029261818e-01
-7.826573119916528931e-01
-8.019735009827226868e-01
-8.023784530766815415e-01
-7.780315258957952729e-01
-8.019959290929645768e-01
-8.019732290365308991e-01
-7.792791796334594956e-01
-7.719664198764175644e-01
-8.021754638709635010e-01
-8.011722860344261399e-01
-7.910732419647783509e-01
-7.949377463616937867e-01
-8.023602289565414658e-01
-7.868819588281721344e-01
-7.944439088412136307e-01
-7.996991684146732560e-01
-8.020745178171009293e-01
-7.984484021969646683e-01
-8.024171988897532692e-01
-8.015926664181560746e-01
-7.766901187085122338e-01
-7.836209821932524910e-01
-7.954964146435767880e-01
-7.759675269432873002e-01
-8.003456757821649781e-01
-7.831513325170189610e-01
-8.019451105453581086e-01
-8.012841229744762650e-01
-7.420574051745743027e-01
-8.014900514342397919e-01
-7.900232465424150696e-01
-8.024635573335499039e-01
-8.016958783798426857e-01
-7.803948323660105935e-01
-8.020244666792959443e-01
-7.572784048922867051e-01
-8.024160617448896637e-01
-7.842710313804954758e-01
-8.018412196495146027e-01
-7.922611588098615876e-01
-7.733018842943519822e-01
-7.818799398325890770e-01
-7.977889978744596711e-01
-8.013221451499075165e-01
-7.854217828669161072e-01
-8.017660693683237305e-01
-7.975036303930491677e-01
-7.746277430512518158e-01
-7.630251196630806199e-01
-7.917858285315841904e-01
-7.488464002915233841e-01
-8.023924946271390191e-01
-7.908910976209253541e-01
-7.732750603415579072e-01
-8.012465031303972474e-01
-7.864437855266541710e-01
-8.020156470545143357e-01
-8.018430971958250275e-01
-7.965531174511224499e-01
-8.020450060673565140e-01
-7.948695046313614121e-01
-8.020259269930929413e-01
-7.841975779690355530e-01
-7.610716388978571167e-01
-7.835635018952697983e-01
-8.023315926500171891e-01
-7.729275708504528275e-01
-8.019075186409563294e-01
-7.935631370589644185e-01
-7.886579332359642258e-01
-8.024089985944837800e-01
-8.023540337987751236e-01
-7.999969671898097268e-01
-8.020725955673069230e-01
-7.841919984154910317e-01
-7.815379945047706833e-01
-8.019403710447758904e-01
-8.023848903783172837e-01
-8.019611069418997040e-01
-8.001183473922819367e-01
-7.885782017790288201e-01
-7.742766744874924889e-01
-7.992403672494501343e-01
-8.020503108807415238e-01
-7.836791442193598023e-01
-8.017115758218378296e-01
-8.008472544558853379e-01
-8.020413981237024537e-01
-7.956334843718022576e-01
-7.664929924019188157e-01
-8.015795533963054886e-01
-7.511089367278427353e-01
-7.977962584652513733e-01
-8.012920895077795258e-01
-7.965414428569883576e-01
-7.371514660724014512e-01
-7.885476385660976639e-01
-7.957376434885472527e-01
-8.023631477214903107e-01
-8.023748814546078911e-01
-8.009881132700056305e-01
-7.951137709849089852e-01
-8.024214578278869858e-01
-7.946221835397691002e-01
-7.953170763746411076e-01
-8.017421809442848435e-01
-7.821963129051536789e-01
-7.638956622638315430e-01
-8.017529004671186676e-01
-8.011736653231591454e-01
-7.862696477629751435e-01
-7.928589915343136063e-01
-7.971978269003838768e-01
-8.018511475481600037e-01
-7.960240256459027997e-01
-7.928053389721125832e-01
-7.540313785382122269e-01
-7.991899733849376908e-01
-8.021335413165897599e-01
-7.940574733026832810e-01
-7.987622616299003830e-01
-8.013165534891695252e-01
-7.780104537912220231e-01
-7.908122471951455346e-01
-7.639401515432209244e-01
-8.010324200101703873e-01
-8.024511316277593842e-01
-7.987599016584963074e-01
-7.756924626835197678e-01
-7.914691714056343308e-01
-8.023098388173193207e-01
-7.996865620323032608e-01
-8.015919176348060837e-01
-7.768502484493464699e-01
-7.944115062661976090e-01
-7.977736850686878434e-01
-7.822026030578226319e-01
-7.528229278930038681e-01
-8.009297994383186570e-01
-7.990352341391653290e-01
-7.964020452879876366e-01
-8.012688446276396981e-01
-8.023510433219880333e-01
-8.006375951178879014e-01
-8.015066159375519028e-01
-8.014691469677299729e-01
-7.847327867009252778e-01
-7.988700082012027970e-01
-7.545488846906036606e-01
-7.752740911625832787e-01
-7.643930332221597901e-01
-7.977502567180008164e-01
-8.023964071132749787e-01
-8.019875509150833359e-01
-7.719198686488479844e-01
-7.750386369832367173e-01
-7.621367701747030488e-01
-8.023776465513319245e-01
-8.020662839942187539e-01
-7.985288330771536103e-01
-8.019279043607920876e-01
-8.023883195080370179e-01
-7.881528425448149910e-01
-7.963793359183282128e-01
-7.959988790050656071e-01
-7.852736643933266869e-01
-8.012374022461981049e-01
-7.766759681933135262e-01
-8.023664362215012780e-01
-8.023495345794171563e-01
-8.005818088956684342e-01
-7.895413867615670434e-01
-8.024190149687737694e-01
-7.973324444562703839e-01
-7.824915216722101441e-01
-8.016116393216461411e-01
-7.683507536955684891e-01
-7.887854471289128533e-01
-8.012037274845451584e-01
-8.014034123577684632e-01
-7.979157359757036438e-01
-7.833325134076685181e-01
-8.024136961855501404e-01
-8.017479476936668625e-01
-8.024376283817500344e-01
-7.385731784113258591e-01
-7.970901534379035702e-01
-7.951762869440526238e-01
-8.023972173639148942e-01
-7.979450577356428376e-01
-8.017854492597789040e-01
-7.873377974562854043e-01
-8.017457963385195008e-01
-7.736011256881565323e-01
-8.024158680297941437e-01
-8.013698810197920075e-01
-7.779049926855177155e-01
-8.024116221301764718e-01
-7.566964102395385972e-01
-8.018820208915085068e-01
-7.960689805865794888e-01
-8.024145958431572190e-01
-7.878938510500401726e-01
-7.916188172482461205e-01
-7.757771841668099633e-01
-7.633712363847107163e-01
-7.712261134245008698e-01
-7.751468520097941628e-01
-8.018045683809131852e-01
-7.934519813813776246e-01
-8.009705624960870018e-01
-8.011633146040648690e-01
-7.443713357158512345e-01
-8.019922522314399949e-01
-7.529020195313305130e-01
-8.024047461756080857e-01
-7.378700112410396805e-01
-8.024136887349695435e-01
-7.671380748458713761e-01
-7.949702923603862992e-01
-7.391918895252556077e-01
-8.016196645282716027e-01
-7.719276396044105759e-01
-7.967099968761712780e-01
-7.756236006923526993e-01
-7.861035473131150475e-01
-8.013067634262651673e-01
-7.996556514360517731e-01
