-7.772030872878075147e-01
-7.862725945309192443e-01
-7.826976327345163131e-01
-7.904543229964018369e-01
-7.884835624721289182e-01
-7.910617930468559766e-01
-7.755750460204124952e-01
-7.895601750936747099e-01
-7.830676353190482164e-01
-7.812698623750746751e-01
-7.833495888047308231e-01
-7.906411802981436754e-01
-7.908559186038017774e-01
-7.904458032574892545e-01
-7.873422366686553264e-01
-7.859089172564834858e-01
-7.902605413113177324e-01
-7.875496401105464006e-01
-7.910754797634125257e-01
-7.910454152737200761e-01
-7.810863156922549511e-01
-7.905154205512643362e-01
-7.883007401254416013e-01
-7.893372704860210920e-01
-7.880048591763169075e-01
-7.748755938958764578e-01
-7.910490274083257223e-01
-7.903337213796020055e-01
-7.906708238300323988e-01
-7.889747541051745916e-01
-7.906468515869617963e-01
-7.910443000149369741e-01
-7.830736516628802324e-01
-7.905537537884355093e-01
-7.911065971132755781e-01
-7.906576372336984182e-01
-7.791571799319625402e-01
-7.771478356447458768e-01
-7.906761584457397962e-01
-7.906717025328815485e-01
-7.902736389663458372e-01
-7.870265434615701938e-01
-7.907493035894275213e-01
-7.908167620774746442e-01
-7.803138346065223718e-01
-7.788740997787952924e-01
-7.731650020581126714e-01
-7.866600074924916530e-01
-7.745363996949434782e-01
-7.637454257931948209e-01
-7.897223248731732870e-01
-7.891982305448890234e-01
-7.910849578332543874e-01
-7.808912376061469818e-01
-7.862089360718071962e-01
-7.829048252318442369e-01
-7.852033048987776542e-01
-7.910222705107570196e-01
-7.899948475536346937e-01
-7.906818227496386076e-01
-7.586087645616770292e-01
-7.883700212117672468e-01
-7.785690497260928655e-01
-7.701650919046640897e-01
-7.728968090963006521e-01
-7.864350842431575561e-01
-7.910446511235476041e-01
-7.882329733696222807e-01
-7.856570126608402038e-01
-7.897883453991652036e-01
-7.776587033298254514e-01
-7.893811152901888395e-01
-7.747574705284476781e-01
-7.873187289227188135e-01
-7.807282724537343288e-01
-7.833100588180512691e-01
-7.869236001864463592e-01
-7.797887200143576170e-01
-7.844995244525760913e-01
-7.666699817058086897e-01
-7.862467247181028629e-01
-7.782408879723787809e-01
-7.910727449346721674e-01
-7.903175498944163824e-01
-7.863059046797842289e-01
-7.828454217527449632e-01
-7.763233683657289053e-01
-7.905375208359599615e-01
-7.901252857994676138e-01
-7.664925722059250379e-01
-7.910056161348164583e-01
-7.883819058191419149e-01
-7.751287115391731763e-01
-7.733492260452747846e-01
-7.754078978326559568e-01
-7.901674253520012403e-01
-7.805822382800668979e-01
-7.770769005295277143e-01
-7.728348631065726781e-01
-7.905343431633353735e-01
-7.894954109218359495e-01
-7.876564874899030233e-01
-7.877764576699972654e-01
-7.776398133140445257e-01
-7.907468532797337080e-01
-7.767686597656846548e-01
-7.910185140211523080e-01
-7.910398156967402006e-01
-7.696554312136412168e-01
-7.906551301133275533e-01
-7.909706482317686582e-01
-7.895529107775927091e-01
-7.816698076788723970e-01
-7.844739819996446872e-01
-7.910405328151226545e-01
-7.883831267830372358e-01
-7.684058272865057493e-01
-7.887001550410330797e-01
-7.906886493441105390e-01
-7.848381798833996559e-01
-7.911265395235658193e-01
-7.545281355854511762e-01
-7.905711052593231702e-01
-7.800229518328249956e-01
-7.875002255317211652e-01
-7.741648224767685438e-01
-7.903231564563155676e-01
-7.888990953218579794e-01
-7.825138806950688863e-01
-7.896391000252604986e-01
-7.789360080499589944e-01
-7.898711781602740789e-01
-7.904712106686473394e-01
-7.910306570705414320e-01
-7.901716684576511884e-01
-7.873486625615895296e-01
-7.698911731716633344e-01
-7.710763742801189924e-01
-7.898670063008010889e-01
-7.858365334690005088e-01
-7.843416426916063333e-01
-7.908270136107147241e-01
-7.874314408403277898e-01
-7.906534434881449247e-01
-7.768873754542708898e-01
-7.767739827398598695e-01
-7.891026475120723749e-01
-7.888971763316929842e-01
-7.892770697947979475e-01
-7.877789743364245201e-01
-7.909339448091030622e-01
-7.911715270605326200e-01
-7.789084297258794809e-01
-7.769210176196337247e-01
-7.871851849489301944e-01
-7.824675548475623632e-01
-7.901895833786964918e-01
-7.759834868487358595e-01
-7.910742569368720556e-01
-7.876080345016360784e-01
-7.892969996322334314e-01
-7.902010563414931799e-01
-7.905113367017746473e-01
-7.908577756610155607e-01
-7.837120872576177621e-01
-7.796899923708677793e-01
-7.879864911668390537e-01
-7.750605340700984502e-01
-7.665246674444914365e-01
-7.903184635218620802e-01
-7.831587046970069910e-01
-7.716278746378064657e-01
-7.901680204671264196e-01
-7.825468960803390051e-01
-7.773627588179350401e-01
-7.906128899779558683e-01
-7.889795792874336744e-01
-7.866052359462172294e-01
-7.799874400373936201e-01
-7.767058867615104223e-01
-7.668108032670259977e-01
-7.900209325019658113e-01
-7.904380402181685472e-01
-7.783858064216018224e-01
-7.649263148781300092e-01
-7.896796474818528200e-01
-7.799136979159355665e-01
-7.910782727998137975e-01
-7.721418054428339506e-01
-7.796667130317926908e-01
-7.910066340703905130e-01
-7.906285049979031587e-01
-7.904652911823630834e-01
-7.873006850134969259e-01
-7.910339357916653658e-01
-7.786286096673846746e-01
-7.909197686825335527e-01
-7.722291141402364278e-01
-7.901738859367013479e-01
-7.706506620746493841e-01
-7.869431030124813820e-01
-7.812820589755118394e-01
-7.910883692678452039e-01
-7.755463407960176969e-01
-7.900552349750340486e-01
-7.805560781274378801e-01
-7.904896936964631582e-01
-7.876616498109341169e-01
-7.815578305747747923e-01
-7.445080471810341383e-01
-7.741254694413781667e-01
-7.812604497306436802e-01
-7.910649558183193708e-01
-7.902651215557396913e-01
-7.845266203515619541e-01
-7.825575650789231563e-01
-7.910306132983804250e-01
-7.816147625565916801e-01
-7.895270800803244615e-01
-7.893857998427391554e-01
-7.865791444786280895e-01
-7.910707989361525083e-01
-7.904060069125533605e-01
-7.867346194692343975e-01
-7.839997953854889179e-01
-7.802399551149845625e-01
-7.905949396666527296e-01
-7.729985393237710500e-01
-7.887823102649689222e-01
-7.909658789288640524e-01
-7.718028021630287672e-01
-7.809492985837549472e-01
-7.870889918998271728e-01
-7.867798680093527341e-01
-7.579100770529747511e-01
-7.718701889392376447e-01
-7.865491982669026161e-01
-7.822631542224824930e-01
-7.880287897427022958e-01
-7.615769175466537977e-01
-7.778288787816107774e-01
-7.897078176614285017e-01
-7.910317201752603555e-01
-7.894147555929065252e-01
-7.895225682881117368e-01
-7.800870356735229993e-01
-7.772430186745167280e-01
-7.638029722150803114e-01
-7.729478818949699903e-01
-7.908422244366646314e-01
-7.564825532611847425e-01
-7.807481729545087124e-01
-7.908016630102336908e-01
-7.910097591232896352e-01
-7.850798981383830810e-01
-7.905079122286677862e-01
-7.909566308956981207e-01
-7.871756090902179981e-01
-7.896111938756347204e-01
-7.808351952702194954e-01
-7.872263561588168645e-01
-7.907999489110351110e-01
-7.678331179198265577e-01
-7.904411960047126318e-01
-7.751274291079879308e-01
-7.617516299363613630e-01
-7.744076862585187460e-01
-7.763614827420950437e-01
-7.835114314806104208e-01
-7.865713576905817295e-01
