-7.607046097662223394e-01
-7.742773212637675817e-01
-7.956101738061679418e-01
-7.753699712600482519e-01
-7.887622520472777898e-01
-8.104158818866981084e-01
-7.655185379233134801e-01
-8.014237798895610387e-01
-8.102521293010486181e-01
-8.100747049000037725e-01
-8.098640471842063482e-01
-8.095960274483932073e-01
-8.044225156452430303e-01
-8.039076358225120122e-01
-8.065050944831145818e-01
-8.102498047199023778e-01
-7.456761106993926580e-01
-8.090903565432799871e-01
-8.030941851582301672e-01
-8.099748186912311132e-01
-8.107222721125854070e-01
-8.058198683109057958e-01
-8.016014017309917028e-01
-8.098238587524665411e-01
-8.103651210810912664e-01
-8.077723935391677434e-01
-7.299972131993545110e-01
-7.939707778539432104e-01
-8.107841082062495763e-01
-7.427441992010844762e-01
-8.077955015148891027e-01
-8.096095949556602056e-01
-8.032218806590808446e-01
-8.107331685867084081e-01
-7.949665963794959600e-01
-7.894769378151668127e-01
-7.936858192231429632e-01
-8.037392676021827276e-01
-8.102040730561984594e-01
-7.922249578084720190e-01
-7.516262449469340856e-01
-8.101034268882049139e-01
-8.039021745469344671e-01
-8.092713236953986700e-01
-7.961174056079162176e-01
-8.076938644196761663e-01
-8.051421672250999029e-01
-7.785921499278319891e-01
-7.822165593650115545e-01
-8.100161433365119512e-01
-7.986171052005065496e-01
-7.858398623909724767e-01
-7.681639522459281499e-01
-8.107574947323573644e-01
-8.057110935594810064e-01
-7.701037258054984624e-01
-7.991854466643107946e-01
-7.609462358202708776e-01
-7.546309150900615270e-01
-8.025082305218947942e-01
-8.070174001302493627e-01
-8.013587288703692968e-01
-8.045057833339942510e-01
-7.946892596926463659e-01
-7.967970401193870122e-01
-8.097876079525722082e-01
-8.034130960848105962e-01
-8.075908452417625005e-01
-7.952833578135741766e-01
-8.054811872687114294e-01
-8.098412148799670751e-01
-8.107068494107497747e-01
-8.053514056052936132e-01
-7.945048801746142919e-01
-8.107500478770507391e-01
-8.066725574579013402e-01
-8.107438378181232030e-01
-7.402861707057727392e-01
-8.071690380718482549e-01
-7.775123000290168340e-01
-7.967092871811164434e-01
-8.105690919008029516e-01
-8.093269050266517217e-01
-8.039225965883506353e-01
-7.845793731655849035e-01
-7.806812480237258489e-01
-8.032769441749824102e-01
-7.869506135728133733e-01
-7.910293556895030553e-01
-8.096021369244826849e-01
-7.869489222910178716e-01
-7.637145027663482244e-01
-7.673549272265208776e-01
-8.103306397940887029e-01
-8.107156112935317571e-01
-7.947267770912421758e-01
-7.643915370251906927e-01
-7.959887638833297308e-01
-7.950995631661189611e-01
-8.092777013923896368e-01
-7.565223828103316839e-01
-8.059940517093909795e-01
-8.107229463901294286e-01
-8.023578889813197668e-01
-7.795004204060805852e-01
-8.011300482001079137e-01
-8.094298161711467321e-01
-8.067498125281108434e-01
-8.107405521120799596e-01
-8.076324455585254247e-01
-7.929121993627322729e-01
-8.099684074666274602e-01
-8.102237574901355321e-01
-8.102883689250720556e-01
-7.813919179286731298e-01
-8.069705061759723241e-01
-7.773636497702373083e-01
-8.107342638220561559e-01
-7.842402823414577062e-01
-7.986143298592341955e-01
-7.797514826204551275e-01
-8.077991634752524908e-01
-8.051432289328349645e-01
-7.832060299958957250e-01
-8.036042034771216924e-01
-7.811567142750991399e-01
-7.777927063550723608e-01
-7.818315617885364111e-01
-8.107196457829249914e-01
-7.966270700242293890e-01
-8.036570504452956731e-01
-7.622756056632770116e-01
-7.917861744906676824e-01
-8.107259825017226751e-01
-8.102064386155379827e-01
-8.056150779273284490e-01
-7.948506914224399145e-01
-8.107555501308215673e-01
-8.095721893157733495e-01
-8.102985426928771551e-01
-8.103552676882518346e-01
-8.107467286433948095e-01
-8.020453892793429906e-01
-7.616137594129813726e-01
-7.644485823955310400e-01
-8.060435198392642553e-01
-7.682837315048945959e-01
-8.064376630034221227e-01
-8.093458108749164159e-01
-8.005649291124118383e-01
-7.816826731111777837e-01
-7.860950485017074163e-01
-8.012510456290019567e-01
-8.102944821264518316e-01
-8.023532770719302709e-01
-7.913213588442576940e-01
-8.054615661647094305e-01
-8.095538906898273046e-01
-8.096702799346221502e-01
-7.939277954544795568e-01
-8.019774474348796423e-01
-8.046466738130820806e-01
-8.107355974759830053e-01
-8.007800385501159246e-01
-8.005238466110004003e-01
-7.917516969289554174e-01
-7.869937338080180700e-01
-8.099896192695869024e-01
-7.830328561510814245e-01
-8.071080811466945226e-01
-8.091876201476825292e-01
-8.099524632241500433e-01
-8.103790350403560216e-01
-8.076531022932303960e-01
-7.969871305074466283e-01
-8.022645294811500127e-01
-8.107232071604503210e-01
-8.095636472251189764e-01
-7.576652124669326360e-01
-8.107577741291297491e-01
-8.088069886114371831e-01
-7.616168029751552160e-01
-8.107335262145770605e-01
-8.088703707005752142e-01
-8.104618519689811285e-01
-8.107845924939883764e-01
-7.952339716400874670e-01
-7.992646090831531103e-01
-7.671160094585193212e-01
-7.915248640026820715e-01
-8.069965832080615575e-01
-8.072033107425941045e-01
-8.062801279272807653e-01
-8.099689178313983495e-01
-8.076512843515647466e-01
-7.647162519540561254e-01
-7.792876504506839330e-01
-7.618580304231418188e-01
-8.107239410426391180e-01
-8.098545849468482549e-01
-8.054373368766082342e-01
-8.100440234091056402e-01
-8.057963654544127996e-01
-8.088645182695163305e-01
-7.411026500310672338e-01
-8.066640414442790563e-01
-8.063936486985457952e-01
-8.040890462841762121e-01
-7.747586101438773687e-01
-8.103167332854045446e-01
-8.098157711472285802e-01
-8.107116028811706121e-01
-7.778387099649680669e-01
-8.095598027255309637e-01
-7.791507460322154577e-01
-8.098584927763713415e-01
-8.070029273774398382e-01
-8.092280842509044225e-01
-8.107847936596644933e-01
-8.107450783397925909e-01
-7.779927730705512579e-01
-8.107517242576850469e-01
-7.863663800205958898e-01
-7.918724596645606573e-01
-7.595763981487525518e-01
-8.101518035080207403e-01
-7.910233095433486517e-01
-8.100857131328357275e-01
-8.102607794251216466e-01
-8.037942081835044439e-01
-8.107822716381324346e-01
-8.107035078253520544e-01
-8.001273080851806219e-01
-7.833401180948985632e-01
-7.621609598543418462e-01
-7.715286344434989507e-01
-8.104044787730945165e-01
-7.541177339997066076e-01
-8.094219111051333959e-01
-8.080792978551162298e-01
-8.013205744471324499e-01
-7.598301611985934789e-01
-8.063049979653132970e-01
-8.107338242378009374e-01
-8.107507556822074468e-01
-7.598521404113544042e-01
-8.060174726094974096e-01
-7.755718223895801122e-01
-8.107637010659946020e-01
-8.039581954624427373e-01
-7.860885180678142126e-01
-7.674425982084048803e-01
-8.107391402270568426e-01
-7.756353460397494848e-01
-8.083475187566054876e-01
-7.885185137536300237e-01
-8.046487003710044439e-01
-8.057261288311255987e-01
-7.538123086240066106e-01
-8.076137967552913244e-01
-8.095665492262614782e-01
-8.104242190863860662e-01
-8.107473842944873388e-01
-7.653964154567493017e-01
-8.011433437611831243e-01
-8.097894929494632299e-01
-8.095883309986365850e-01
-8.015291907038463171e-01
-8.092833601083530004e-01
-8.098943077173007543e-01
-7.558903873111976202e-01
-8.029782094206584508e-01
-8.011674426641238744e-01
-7.990314170863402898e-01
-7.541672542836440618e-01
-7.629195593442691381e-01
-7.795172512676490362e-01
-8.076133422698749120e-01
-8.102742538001311834e-01
-7.855688549723399694e-01
-8.027005858864558752e-01
-8.052263848628772314e-01
-8.052818283583892400e-01
-8.107230097200645025e-01
-7.445246942486537511e-01
-7.881249219324363287e-01
-8.092312880005610998e-01
-8.075906701531184728e-01
-7.985994286980403478e-01
-8.103551857318652685e-01
-8.051455982174647863e-01
-8.098238028731120641e-01
-8.000248626019729192e-01
-7.966405928280128057e-01
-8.096104480471385534e-01
-8.107417442049754674e-01
-8.104183294024241979e-01
-7.986446499969733770e-01
-8.081931129243148382e-01
-8.034925155486835058e-01
-8.099226497258914526e-01
-8.107111670222056921e-01
-7.830327369417918737e-01
-8.080530382838023717e-01
-7.932026788737548406e-01
-8.100762173678649480e-01
-8.104086920764220769e-01
-8.095610432472003515e-01
-8.102877020981086309e-01
-7.604979381110442693e-01
-7.773984365310443456e-01
-7.901224449422133977e-01
-7.672378152754081304e-01
-8.102349594380630071e-01
-7.749498926248324926e-01
-8.096651986386550481e-01
-8.099543295945895727e-01
-8.101503841724170263e-01
-8.107588879909289892e-01
-8.021296180929912145e-01
-8.046472624089492376e-01
-8.100908763851893957e-01
-8.103768296684993322e-01
-7.997824281599296148e-01
-7.868197515752090032e-01
-8.104015320684684331e-01
-7.899728447344077642e-01
-8.107466578628791387e-01
-7.970647059526217992e-01
-7.821280874457133825e-01
-8.067044012393725927e-01
-8.047033690061343725e-01
-8.107379853870643194e-01
-8.099822394695056493e-01
-8.107351169135345037e-01
-7.968786239769233282e-01
-8.099228248145354803e-01
-8.096079819049609716e-01
-7.834609925892127569e-01
-8.097391046728862340e-01
-8.107626132812274511e-01
-8.067777484800590093e-01
-8.057963952567351873e-01
-8.010671094205153997e-01
-8.101560987677348669e-01
-8.097157359268439825e-01
-7.703199342038405950e-01
-8.069274082925094183e-01
-8.032576061930430944e-01
-7.490522556152118261e-01
-8.100362859811557348e-01
-8.003881007578147466e-01
-8.107180178310645635e-01
-8.104317851509822423e-01
-8.107294991757644231e-01
-7.974683001782668645e-01
-7.785564057674182470e-01
-8.107691064622176702e-01
-8.098415650572551305e-01
-8.094497613754046972e-01
