-7.606928527474777768e-01
-7.742669846393366306e-01
-7.956119010414807180e-01
-7.753556146362325929e-01
-7.887502733935369825e-01
-8.104181372977672382e-01
-7.655097699559606506e-01
-8.014293210997328609e-01
-8.102534864912616097e-01
-8.100804438705255794e-01
-8.098696090722131702e-01
-8.096007418595769778e-01
-8.044200697118621957e-01
-8.039083067707276653e-01
-8.065067744645419978e-01
-8.102529542256896589e-01
-7.456339311035528050e-01
-8.090954907282037478e-01
-8.031042395648111398e-01
-8.099794546118153082e-01
-8.107266598494731191e-01
-8.058276757730653550e-01
-8.015995191827802735e-01
-8.098251309170075851e-01
-8.103682159579458366e-01
-8.077731932343629184e-01
-7.300147882864529425e-01
-7.939914780785557458e-01
-8.107873139686700981e-01
-7.427615256202003691e-01
-8.077947056800292014e-01
-8.096159671993253815e-01
-8.032295357469637631e-01
-8.107364386156038494e-01
-7.949799028280839508e-01
-7.894851626551081525e-01
-7.936843791406793525e-01
-8.037362938041446858e-01
-8.102056575457726728e-01
-7.922659145382303647e-01
-7.515879467608990172e-01
-8.101074457918053806e-01
-8.038994767978298039e-01
-8.092719342521987880e-01
-7.961185177567616789e-01
-8.076977083301021265e-01
-8.051444812998690415e-01
-7.785778643360424800e-01
-7.822145687313256657e-01
-8.100181579676590804e-01
-7.986208061099845379e-01
-7.858755001390972383e-01
-7.681523687872435779e-01
-8.107606491361245560e-01
-8.057111778708163641e-01
-7.701103953484813580e-01
-7.991824781309617709e-01
-7.609815835311273258e-01
-7.545801924568040775e-01
-8.025081936914987280e-01
-8.070179122311745834e-01
-8.013620982038522911e-01
-8.045114013883741810e-01
-7.946940733211030894e-01
-7.968013795451925896e-01
-8.097916694419370343e-01
-8.034175504936688084e-01
-8.075934775149722356e-01
-7.952855276491244130e-01
-8.054772735360425928e-01
-8.098457804413891070e-01
-8.107106213913634063e-01
-8.053507375168741378e-01
-7.945082151946937232e-01
-8.107537560416504530e-01
-8.066749417641974063e-01
-8.107470425380725043e-01
-7.402679831169413083e-01
-8.071667828833613001e-01
-7.774588009426500745e-01
-7.967181246122014837e-01
-8.105724302975798601e-01
-8.093299211895218503e-01
-8.039222682254734131e-01
-7.845899916806279295e-01
-7.806490002692538788e-01
-8.032819402968156552e-01
-7.869506438548417027e-01
-7.910455739993403901e-01
-8.096095622114780621e-01
-7.869440512571468371e-01
-7.637112402513552833e-01
-7.673772641130252037e-01
-8.103347193988897912e-01
-8.107191829104894998e-01
-7.947396120934734354e-01
-7.643737963301593386e-01
-7.959844496106576184e-01
-7.950813238584550913e-01
-8.092796207400141384e-01
-7.565323427477737006e-01
-8.060021319276524654e-01
-8.107264150486550580e-01
-8.023517984603519837e-01
-7.795231916812788153e-01
-8.011367733891935350e-01
-8.094334457152245754e-01
-8.067539694225926983e-01
-8.107438845285933615e-01
-8.076346812668151465e-01
-7.929114968956940679e-01
-8.099720879077356717e-01
-8.102281050417062813e-01
-8.102905016024765095e-01
-7.813847417431594167e-01
-8.069711077438429525e-01
-7.773641630687989634e-01
-8.107379995303377607e-01
-7.842426289751808222e-01
-7.986208321759394879e-01
-7.797613591085957863e-01
-8.078024577018021457e-01
-8.051493159209807127e-01
-7.832106177647386591e-01
-8.036132743351399599e-01
-7.811529964796538605e-01
-7.777968739095698636e-01
-7.818428701864679198e-01
-8.107226803146682093e-01
-7.966361932641362609e-01
-8.036549184276400304e-01
-7.622698814973294379e-01
-7.917847603314674965e-01
-8.107300639637289308e-01
-8.102114602750974948e-01
-8.056166047399185848e-01
-7.948221567340421068e-01
-8.107583558469658724e-01
-8.095769658437179661e-01
-8.103024952688215876e-01
-8.103577419173549901e-01
-8.107502964204374996e-01
-8.020460507014200990e-01
-7.616011183945461394e-01
-7.644520874301452551e-01
-8.060412162991976714e-01
-7.682447916518547748e-01
-8.064380258838584892e-01
-8.093514619581946290e-01
-8.005852884329914820e-01
-7.816859210807695080e-01
-7.860689853943740868e-01
-8.012531115885646038e-01
-8.102981777343104541e-01
-8.023541536244601646e-01
-7.913176759283477857e-01
-8.054589914087757485e-01
-8.095600546073132842e-01
-8.096733617211244738e-01
-7.939222459472701221e-01
-8.019731442131037280e-01
-8.046452184096646310e-01
-8.107388717386361243e-01
-8.007727930830972340e-01
-8.005259533627612223e-01
-7.917614653832069083e-01
-7.869930349147391535e-01
-8.099914673721335667e-01
-7.830533281332999751e-01
-8.071048161302564194e-01
-8.091886779991908085e-01
-8.099580859680027833e-01
-8.103836266865291904e-01
-8.076576997073083852e-01
-7.970017157139772657e-01
-8.022673607473072011e-01
-8.107262768847829371e-01
-8.095651770371948830e-01
-7.576684566094448181e-01
-8.107614675684601258e-01
-8.088093455994737058e-01
-7.616086163104967000e-01
-8.107377983435073432e-01
-8.088749854806556172e-01
-8.104646981342792378e-01
-8.107880334390805688e-01
-7.952239406976885361e-01
-7.992702726762858090e-01
-7.671003067719307511e-01
-7.915238718124220085e-01
-8.069953839162995468e-01
-8.072020608229804051e-01
-8.062836998400551014e-01
-8.099737451663879817e-01
-8.076584241997172287e-01
-7.647194433829791471e-01
-7.792846639102340989e-01
-7.618175749893288939e-01
-8.107275698707504530e-01
-8.098603769216218273e-01
-8.054431736475065051e-01
-8.100477662208346308e-01
-8.058023624134297291e-01
-8.088667668912615794e-01
-7.409765776546758387e-01
-8.066674638842000755e-01
-8.063935202186772733e-01
-8.040926588543628739e-01
-7.747227150655970895e-01
-8.103203821094318027e-01
-8.098196924803765517e-01
-8.107155457754088301e-01
-7.778227704927296315e-01
-8.095617750049413086e-01
-7.791341846563275553e-01
-8.098607859912899665e-01
-8.070048333206997215e-01
-8.092329848925322588e-01
-8.107883648068135996e-01
-8.107482998760544568e-01
-7.779809525334361320e-01
-8.107551067425706748e-01
-7.863690817398750754e-01
-7.918817559133950468e-01
-7.595826123049792544e-01
-8.101556173470264577e-01
-7.910207971682737815e-01
-8.100885008240544805e-01
-8.102634045022831799e-01
-8.037920973982499717e-01
-8.107858559388213537e-01
-8.107070983762040273e-01
-8.001112635994768185e-01
-7.833311558077139525e-01
-7.621521961760390207e-01
-7.714838320911746594e-01
-8.104091441279999142e-01
-7.541068709497270595e-01
-8.094265131557893955e-01
-8.080838522223341425e-01
-8.013323722887597533e-01
-7.598410615349927566e-01
-8.063065150027060035e-01
-8.107368791072370184e-01
-8.107542114832897440e-01
-7.598576306086533005e-01
-8.060162545883000629e-01
-7.755863266825856472e-01
-8.107675334845635406e-01
-8.039597389943324846e-01
-7.860879073441400244e-01
-7.674269586450310765e-01
-8.107421528899891872e-01
-7.756514895911373886e-01
-8.083495454985180073e-01
-7.884947753071497312e-01
-8.046582288322023935e-01
-8.057312793376275595e-01
-7.538083770489558688e-01
-8.076232828500057304e-01
-8.095707110487386782e-01
-8.104276609551025468e-01
-8.107513063776229378e-01
-7.653841199180690946e-01
-8.011492807871294364e-01
-8.097943550547630487e-01
-8.095919308626737809e-01
-8.015211115748832604e-01
-8.092885444828203934e-01
-8.098962712217514515e-01
-7.558912691696889619e-01
-8.029832287562121973e-01
-8.011710057586286515e-01
-7.990356891890829649e-01
-7.541729962845135082e-01
-7.629071659134710748e-01
-7.795072869560719653e-01
-8.076104394263347031e-01
-8.102763551558616051e-01
-7.855847747950687188e-01
-8.027058881303993365e-01
-8.052257242974800722e-01
-8.052788451037328210e-01
-8.107270495771604635e-01
-7.445312701869503114e-01
-7.880962243339106887e-01
-8.092367990744838702e-01
-8.075943581192640552e-01
-7.986113497955902307e-01
-8.103589670853699189e-01
-8.051578825870753242e-01
-8.098261507421741223e-01
-8.000364606486873864e-01
-7.966368066106406243e-01
-8.096159925703132476e-01
-8.107455337462673439e-01
-8.104213592741743577e-01
-7.986338872124535415e-01
-8.081968513943907917e-01
-8.034973421454444376e-01
-8.099255845011635868e-01
-8.107153513515755749e-01
-7.830328279587990270e-01
-8.080486328346863090e-01
-7.932074314135294513e-01
-8.100784661661110109e-01
-8.104113126752572338e-01
-8.095644417137930482e-01
-8.102916734725248427e-01
-7.604531061654398183e-01
-7.773947049662207620e-01
-7.901156650827192429e-01
-7.672443121980221381e-01
-8.102395904354419143e-01
-7.749475455826466685e-01
-8.096703939925344873e-01
-8.099592487730677970e-01
-8.101530200171317420e-01
-8.107626644285035322e-01
-8.021264933596854441e-01
-8.046512049848394410e-01
-8.100952102146448119e-01
-8.103792494900663446e-01
-7.997862753790273560e-01
-7.868149498220563531e-01
-8.104049505733761372e-01
-7.899630829025116041e-01
-8.107498421158078061e-01
-7.970754097576784325e-01
-7.821314840611762742e-01
-8.067024126360863301e-01
-8.046968545811246099e-01
-8.107419002751968806e-01
-8.099879693759595156e-01
-8.107389566085774213e-01
-7.968888202888357863e-01
-8.099243756231235825e-01
-8.096117121767505420e-01
-7.834519799034820320e-01
-8.097420975068194693e-01
-8.107661266647105958e-01
-8.067767150962946721e-01
-8.057962066123783851e-01
-8.010752530747040634e-01
-8.101610900896279999e-01
-8.097175856005459638e-01
-7.703080756573701393e-01
-8.069309592631591643e-01
-8.032637889014057064e-01
-7.490592590849273202e-01
-8.100399365931350015e-01
-8.004024898181202330e-01
-8.107220939121499992e-01
-8.104358323775140427e-01
-8.107337432887569140e-01
-7.974743326216376937e-01
-7.785562695584345994e-01
-8.107726000804966748e-01
-8.098443768235233930e-01
-8.094501370587816602e-01
